1000000000
0.24868067771502644
0.54800481436904
0.25326358670493465
0.5359225997592815
0.2215767058605685
0.50550874918989
0.18335107860383298
0.45893898713082126
0.1643829275067124
0.4028330710119432
0.15721923895935563
0.3462179427830756
0.11779001944264422
0.2981668364040367
0.0646699379687066
0.20970280529580596
0.040933709841681334
0.0667067864086659
0.027462734931950755
0.003008980649939812
0.027439588926951218
0.0007406721599851911
0.033839459309323215
0.0
0.04420886954911583
0.0028701046199426108
0.06836172576613278
0.003703360799925929
0.08418202018331636
0.005925377279881497
0.07301407277103973
0.007453013609850964
0.07491204518100177
0.010230534209795404
0.10473567262290528
0.013887602999722271
0.16066799370428672
0.014859735209702817
0.2421535043051569
0.015878159429682438
0.2867327099342654
0.019859272289602832
0.31677622442366443
0.03416350337931671
0.3428501990556429
0.04629200999907417
0.3894893991297103
0.04698639014906026
0.4318234422738635
0.05244884732895101
0.4704309786130913
0.06314230163873713
0.48049949078789
0.0655957781686881
0.46051291547078976
0.05767984445884643
0.4838209425053236
0.056105916118877865
0.5513146930839737
0.06041107304879176
0.5692412739561152
0.10369410239792612
0.5925261549856495
0.2554393111748911
0.5793907971484122
0.44843070086103154
0.5443014535691141
0.5475418942690492
0.5180075918896399
0.611193408017776
0.4837515044903249
0.7085455050458291
0.46454032034070913
0.8185353208036293
0.5290366632719193
0.9241273956115176
0.5177182668271458
0.9752800666604944
0.5059369502823813
1.0
0.5473682992315527
0.9038514952319229
0.59350986019813
0.6768817702064625
0.5954772706230905
0.597352097028053
0.5767752985834645
0.631098972317378
0.5874803258957504
0.6264697713174707
0.609654198685307
0.6552634015368948
0.6092607166003149
0.6168873252476623
0.5996666975280066
0.5795296731784095
0.6124780112952505
0.6023979261179522
0.658353393204333
0.611748912137765
0.6696833626516063
0.5603647810387926
0.6715813350615684
0.5065271734098693
0.6967063234885659
0.5351819275992963
0.68950791593371
0.6783631145264329
0.70099990741598
0.7874733820942506
0.7534256087399314
0.7331728543653366
0.7738982501620221
0.6814646791963708
0.7274094991204519
0.5995278214980095
0.7050967503008981
0.5545782797889085
0.6954680122210906
0.6254976391074898
0.7037542820109248
0.5966114248680676
0.7299092676604019
0.5742523840385148
0.695757337283585
0.5776317007684475
0.694160262938617
0.5402277566891953
0.6856078140912879
0.4295435607814091
0.6933038607536339
0.44435700398111283
0.7430677715026389
0.48921396167021575
0.7120405518007592
0.5628182575687437
0.6899129710212017
0.5430515692991389
0.6865452272937691
0.46870660124062596
0.6836751226738266
0.4350986019812982
0.699900472178502
0.4863438570502731
0.7095292102583093
0.527543745949449
0.6743935746690122
0.6216091102675679
0.6634339413017314
0.6666975280066659
0.7131862790482362
0.6821590593463569
0.6821011943338581
0.6458198314970837
0.6628089991667437
0.5633737616887327
0.651953522821961
0.48041847977039176
0.6199657439126007
0.5150911952596983
0.6333788538098325
0.44181094343116395
0.632094250532358
0.36404036663271905
0.6402995093046941
0.2900194426441996
0.6552634015368947
0.24567169706508643
0.6699958337191001
0.28261272104434765
0.6261341542449773
0.37751134154244986
0.6519303768169615
0.594204240348116
0.7741181372095177
0.9311174891213774
0.7308235348578836
0.7645588371447087
0.6857235441162856
0.5530506434589392