1000000000
0.9260917831674413
0.382185259751256
0.9391875364554917
0.3091049353679417
0.9292151955895912
0.28848288708675934
0.9116224810431446
0.30105179972529017
0.9168532560633714
0.2985681223775564
0.9223098199333923
0.327318569251322
0.9472594878356261
0.2695918866539975
0.9640807571452761
0.20795153066024413
0.9446064688505467
0.3349953901443168
0.9328654486612603
0.379852108303385
0.9346341279846464
0.29984759252638904
0.9305134814759065
0.310610194366568
0.9216136376465276
0.3106854573164995
0.9193369334111053
0.25995822906278826
0.9130712928293228
0.3426722110373114
0.9328278171862944
0.33243644984665194
0.9642312830451389
0.3118896645154006
1.0
0.3404143225393717
0.9959546164411914
0.42945039230812665
0.9811842625171694
0.49530547349803355
0.9629141814213409
0.5327111596139009
0.9344647863473009
0.48236024610984624
0.8866539974034283
0.552505315445839
0.8846783449677308
0.5135943703313449
0.8715637759421979
0.4444277193444597
0.8417408320319116
0.4324609103053794
0.812821043520801
0.46873765217227714
0.7788586373642917
0.460609253579694
0.7683970873238376
0.5488926938491353
0.7629028919788513
0.4124409656236479
0.7414529512484244
0.30406231772254283
0.7108961935763072
0.39475417238978683
0.677065497582178
0.36562741076636474
0.5660338306959941
0.22849831599149545
0.45394848251077213
0.19937155436807336
0.48328221724650494
0.18484580503132825
0.43541498109018384
0.16414849380021443
0.41522569477110655
0.14804222251491148
0.3952621973018234
0.1846952791314657
0.3431237887368996
0.21833781775076663
0.38862024197038403
0.21653150695241488
0.36318136489359704
0.12824806668297367
0.3403955068018892
0.11244284719739574
0.36064124033341466
0.1120665324477394
0.33239881837168617
0.10469076335446972
0.2605038854497902
0.0912186953167628
0.265094925395601
0.04952302105481007
0.3238188420795152
0.1305059551809134
0.3362372288181836
0.21028468210811513
0.34630364837149796
0.2795265960449321
0.3555798069505335
0.3001486443261143
0.3751481739326773
0.28532184318964365
0.37377462509643067
0.32227595160592315
0.357724801023576
0.3581763787231638
0.36822398253899563
0.25393719306828233
0.3359361770184583
0.18936158202720732
0.29732628370368974
0.18130844638455595
0.2979283873031403
0.14977327036333182
0.26883925715468415
0.15361168080982934
0.2641165070464937
0.15948219090447252
0.2542570606054904
0.15045063691271354
0.2237755658833047
0.13163489942988324
0.2808625134062128
0.14713906711573563
0.31149453402826116
0.17047058159444553
0.2676726814307487
0.2482172088735018
0.2498165465595424
0.2598829661128565
0.2680301804429226
0.17935160968634165
0.2552919261670461
0.22819726419177003
0.22255254294692084
0.251754567520274
0.20234444089036074
0.1778463506877152
0.20100852352907977
0.1514290552618208
0.20516680151278519
0.1777710877377838
0.19908931830583104
0.16204113120213748
0.24381432630251942
0.18017950213558626
0.294409844393851
0.16151429055261807
0.2685758368299244
0.0666829736391518
0.32007451032043194
0.019869418781868934
0.3411481363012023
0.0
0.3391724838655052
0.027847291474589392
0.3393794569778162
0.0435019850603044
0.3305548760983686
0.10883022560069233
0.31493781398761933
0.1655032268989783
0.3161608369240032
0.18025476508551744
0.33444973375731457
0.2431745912281032
0.32788304137580665
0.22759516059231943
0.31471202513782537
0.30737388751952127
0.3153141287372758
0.3340922347451406
0.32302858110523636
0.35208007977872685
0.2938265565318834
0.3568216456244003
0.29102301164694144
0.3046644213219938