1000000000
1.0
1.0
1.0
1.0
1.0
1.0
1.0
1.0
1.0
1.0
1.0
1.0
1.0
1.0
1.0
1.0
1.0
1.0
1.0
0.9996012702390955
0.9965823163351039
0.9949304358970708
0.9685288295857483
0.8878430143969924
0.8958603306608947
0.6659214217564047
0.8464463210059381
0.5538213975478122
0.8112869003033194
0.5384987824501947
0.7953519502157412
0.4815373880352588
0.7798584509348788
0.4913347478746279
0.7060507241217265
0.5309798783874232
0.7146946157241931
0.43038605585064743
0.7216581461914188
0.4193925067285647
0.6060834769235153
0.47641086253791465
0.5672927673269443
0.5742705381427737
0.5870156501431155
0.529157113766145
0.5770474061205019
0.47829058855360773
0.5589621633937601
0.5538783589422267
0.5433547413240679
0.6656935761787446
0.5094769519957849
0.6632442362189024
0.47408968571550625
0.7010096407160041
0.44118024009227763
0.7536989305498198
0.4175697421072868
0.7878188058043655
0.3374820215598881
0.8066160659612946
0.3429503154237217
0.8847670990985862
0.37429332270053955
0.9365450066217622
0.3426370277544395
0.9742534497244493
0.34665280606069243
0.9930507098813779
0.2600287655041793
0.9941899377696766
0.10046565939934207
0.9965823163351039
0.03683978183785945
0.998291158167552
0.06932201700297635
0.998177235378722
0.02425131367215887
0.9977215442234026
0.05609273315010776
0.9985190037452116
0.12078663685687022
0.9992025404781909
0.07597225980091994
1.0
0.07702604559759645
1.0
0.06275721629665518
1.0
0.0
1.0
0.046537459237002164
1.0
0.09364453241815358
1.0
0.12706663059111703
1.0
0.12070119476524802
1.0
0.10909531065320496
1.0
0.1553764436153398
1.0
0.1875453911111747
1.0
0.16296654942112973
1.0
0.18193469376130336
1.0
0.20135852925679626
1.0
0.25598450650071913
1.0
0.25198296854306995
1.0
0.24348148042664086
1.0
0.2923116357888443
1.0
0.3718297423920936
1.0
0.43474360252338995
1.0
0.4879313045583357
1.0
0.5264656878800393
1.0
0.5121256568360792
1.0
0.5545618956752062
1.0
0.5878273500135284
1.0
0.578813209347365
1.0
0.6237130284949375
1.0
0.5683750338208282
1.0
0.6310325676772569
1.0
0.6403599960127023
1.0
0.7416943166768722
1.0
0.8404796149409735
1.0
0.8608005923985018
1.0
0.9636159093174601
1.0
0.9933212765048485
1.0
0.9947310710166185
1.0
0.9980490722412885
1.0
0.9995443088446805
1.0
0.9995158281474731
1.0
0.998234196773137
1.0
0.997379775856913
1.0
0.9989889352491349
1.0
1.0
1.0
1.0
1.0
1.0
1.0
1.0
1.0
1.0
1.0
1.0
1.0