1000000000
0.9972275459129561
0.9938224512959828
0.9971531176153173
0.9935247381054277
0.9970972963920883
0.9941201644865375
0.9970600822432689
0.994045736188899
0.994994696983793
0.995311017248758
0.9440578307872651
0.8921161825726139
0.9135422287553728
0.7035148763559903
0.874858121057626
0.6464655862158791
0.8169808161062836
0.5238077517071991
0.814729360102711
0.3300336788046816
0.8160876765346184
0.2922241036041903
0.7824181753902834
0.3034999906964629
0.7344212269504866
0.19926315985337625
0.747083341086281
0.1731016132333514
0.7781385482760546
0.2900656829726662
0.7219079694099697
0.44893288428260436
0.6348826823958468
0.42247362447202386
0.5977615689485142
0.2512513257540515
0.6266955696555829
0.23089518634985023
0.6167035706975791
0.3582420036097724
0.5973987309975254
0.37193681037530457
0.5439033920696649
0.32497255456524565
0.4586457771244627
0.28626983979308934
0.43453100868950373
0.31101724875797776
0.511182851720224
0.47509443090262926
0.5710232030217889
0.5369815603892597
0.5740003349273393
0.5285339486072603
0.5627430549094766
0.49191522616898914
0.5691717991180246
0.5233611819213663
0.5051262489998698
0.4579387082968942
0.48311407997320577
0.41689150214911713
0.5384143051188062
0.5064287442085481
0.5606683661127959
0.5853599538544554
0.5652084922687606
0.6069441601696963
0.5553653499060343
0.6002828275310272
0.5327949686470795
0.5874439461883405
0.48639822860651616
0.6248069516029994
0.4401968628472545
0.5362372774128724
0.45524068250748934
0.5016281190108476
0.473429097742962
0.60192025007908
0.47315929516402144
0.6600115363861339
0.49024058947211724
0.6749716242115253
0.4700798243492175
0.6585229704333583
0.45189140911374504
0.6574437601175969
0.42944197383845323
0.693615912770035
0.29615949984183987
0.668496362316953
0.09829187056919043
0.566678451147126
0.026915133133617406
0.5863647358725789
0.0
0.647916938019835
0.04025640548536553
0.7540889046015294
0.20685484621252997
0.8789795880393725
0.414788902740822
0.851887687698863
0.46736319148540256
0.8028022254060994
0.4259531473866364
0.7452319371825168
0.4147609921292074
0.7466460748376533
0.4711218205161602
0.7338071934949668
0.4889101836518245
0.7129672701561134
0.4879798299313398
0.7115903466497963
0.4899614833559719
0.701430884022105
0.48243492175725217
0.6860986547085203
0.501628119010848
0.69752339839607
0.5179093091193271
0.6552853394860721
0.52225406099399
0.716837541633329
0.5099919989580037
0.7453807937777946
0.4853097147535492
0.7379007498650987
0.5088197532701934
0.7460506484565432
0.5550397261038647
0.7241687289507471
0.5709673817985598
0.7005377444504401
0.5805314180451407
0.7108460636734084
0.581350129319167
0.7076456468749416
0.5933423887762126
0.7281134287256013
0.6138473847756916
0.7436317287832834
0.6345849692052917
0.7315371304169843
0.6395623616098839
0.7171724689727035
0.6293842919077834
0.6807398172785291
0.6305844482072085
0.7316859870122621
0.6537316487728633
0.7902982714027875
0.6506335708836498
0.826433209906406
0.6459538916696129
0.8821055765402004
0.6217460878626052
0.8961725247939267
0.6030366745436615
0.9120257521909831
0.6314031594812346
0.9264648419329027
0.5913793424259902
0.9674376197830415
0.6429116350036282
0.998437005749586
0.7077572893213998
0.9996278585118062
0.7139999627858512
0.9998511434047225
0.7524979997395009
1.0
0.8441378412072269
1.0
0.9627486370317996
1.0
0.9999255717023613
1.0