1000000000
0.6801616915422884
0.4602819237147597
0.7147180762852404
0.44510779436152537
0.7487562189054725
0.4169983416252069
0.8362769485903813
0.39004975124378083
1.0
0.38225538971807627
0.8787935323383083
0.2534825870646766
0.6762230514096186
0.10389718076285237
0.7682835820895524
0.11940298507462667
0.7816334991708125
0.12902155887230501
0.7790837479270314
0.2643449419568819
0.7677238805970149
0.47164179104477577
0.7251451077943617
0.5628524046434491
0.6666459369817578
0.638059701492537
0.6634328358208956
0.6701492537313432
0.6532545605306799
0.6409618573797679
0.6419361525704809
0.6213930348258706
0.6504353233830845
0.5702321724709785
0.662396351575456
0.62363184079602
0.6832918739635158
0.6661691542288556
0.7012230514096186
0.62379767827529
0.6581053067993368
0.6067993366500832
0.6049751243781094
0.6080431177446103
0.6260157545605306
0.601658374792703
0.612002487562189
0.6938640132669981
0.6044983416252071
0.7769485903814263
0.5978441127694857
0.8179104477611943
0.5842247097844111
0.8237976782752898
0.5016791044776119
0.8747097844112771
0.4111940298507462
0.9283582089552235
0.3147802653399667
0.882669983416252
0.293698175787728
0.775953565505804
0.30530679933665006
0.6120232172470979
0.3065713101160861
0.5086235489220562
0.31328772802653404
0.5149253731343281
0.27738391376451055
0.5368988391376451
0.25613598673300153
0.5317578772802654
0.2816542288557214
0.5124378109452739
0.2830845771144278
0.5305970149253729
0.26229270315091213
0.6095356550580431
0.27630597014925373
0.5917910447761194
0.30843698175787726
0.611608623548922
0.27377694859038143
0.7811774461028195
0.2495439469320066
0.7282752902155882
0.27672056384742955
0.5184908789386402
0.32099917081260354
0.5342454394693197
0.3335199004975124
0.5898009950248756
0.3328565505804311
0.5151741293532337
0.33631840796019896
0.40273631840796015
0.32184908789386396
0.3790215588723052
0.33014096185737973
0.35215588723051405
0.35443615257048094
0.31028192371475943
0.35762852404643447
0.29485903814262
0.35257048092868976
0.31907131011608625
0.36202321724709785
0.41169154228855726
0.324502487562189
0.38142620232172475
0.29490049751243796
0.3248756218905472
0.3446724709784411
0.33126036484245436
0.3292495854063017
0.3510779436152569
0.2834991708126037
0.36940298507462677
0.2989635157545604
0.37769485903814265
0.23221393034825855
0.2549751243781095
0.26886401326699827
0.27222222222222225
0.2639303482587064
0.3250414593698174
0.32437810945273615
0.4889718076285238
0.3317164179104478
0.4528192371475952
0.3432213930348258
0.4247097844112771
0.34664179104477605
0.40671641791044777
0.35348258706467656
0.3869817578772802
0.3478233830845771
0.34378109452736305
0.35694444444444445
0.2923714759535653
0.3729063018242121
0.24784411276948595
0.3416044776119403
0.23258706467661666
0.2844320066334991
0.24983416252072957
0.20151326699834157
0.270066334991708
0.15847844112769477
0.2831674958540629
0.19568822553897183
0.28449419568822554
0.2605306799336649
0.2796849087893862
0.2532338308457711
0.2887230514096183
0.29141791044776116
0.3056384742951905
0.30089137645107783
0.3257877280265341
0.29585406301824213
0.34129353233830845
0.2896144278606965
0.3955223880597015
0.27062603648424544
0.46334991708126033
0.301679104477612
0.590547263681592
0.11237562189054721
0.34842454394693195
0.0
0.14021558872305134
0.009514925373134319
0.08540630182421233
0.010323383084577066
0.050912106135986755
0.007939469320066327
0.0734660033167495
0.006695688225538965
0.11691542288557194