1000000000
0.5814050738778919
0.3489983671193595
0.513082958301804
0.28137321279222594
0.44263013262176876
0.2561233024015294
0.3798040543231508
0.2945955633438209
0.351865864829344
0.33609462742442975
0.271575928949779
0.361344537815126
0.2139272770719662
0.35975148353180125
0.13769962961487922
0.2877454299255246
0.1273248635947268
0.31012784260623694
0.13232307140865834
0.35098968497351557
0.1998088334860009
0.39686964833326666
0.3306583296825839
0.5235971165717467
0.39692938786889165
0.5091003225934919
0.36980763869528815
0.5294914174200487
0.33645306463817737
0.5658927077940178
0.26996296148791277
0.5076665737385003
0.20275598391015173
0.47030945079453546
0.0642399139750686
0.5077462264526662
0.0
0.5084631008801623
0.06901907682504271
0.488470269624437
0.14468915528296636
0.430323788283086
0.16545860050181185
0.5162690668684531
0.17897964873153027
0.5541041060974148
0.1960850690987294
0.5745748536381372
0.16975984706678884
0.6656975586443101
0.1139432076147996
0.6677685292126329
0.08007089091560798
0.6536699988052089
0.1073718586960852
0.6565374965151933
0.10930343701461626
0.6466605599585802
0.07929427695248718
0.6201362061412239
0.005316818670596193
0.6179059301445687
0.09868971285196529
0.5783185312039503
0.13003305587637895
0.5102951133059854
0.11651200764666053
0.46449480266039966
0.09614082599864592
0.4690350073678757
0.06093432633716985
0.4965948464693927
0.10812855948066429
0.484726592058624
0.1867657015412799
0.44155482098052484
0.11782627743040341
0.3866741009199887
0.13853598311362453
0.3877892389183162
0.2786251941534907
0.4902226293360945
0.19716038073997358
0.579831932773109
0.2555458202238242
0.7324465331156151
0.4287108208212193
0.7948146083077775
0.437074355808674
0.868971285196543
0.3419889282727308
0.926241586682066
0.2774702297980801
0.8634752479190727
0.24582818909554335
0.7382611812497509
0.2982994145525507
0.689274762037516
0.3555697160380739
0.4986658170377154
0.41606595244732936
0.43701461627304944
0.4067864112469631
0.3047911107570989
0.255685212473615
0.006651001632880631
0.25476920626070326
0.01971404675614333
0.26494484049543965
0.04854832928432029
0.3022621370823209
0.006810307061213101
0.30483093711418213
0.2001274443426657
0.20773427854554127
0.35831773467680916
0.2442351348122188
0.43335059142140264
0.34073439802461264
0.41495081444900217
0.31036680074873535
0.4349436457047272
0.2515233581584293
0.5291728065633828
0.1580907244414354
0.578238878489784
0.25295710701342095
0.5396869648333268
0.25917001871838774
0.5086224063084942
0.19787725516746968
0.5414393245449831
0.2084113266159543
0.5462184873949572
0.20667888008283866
0.5791150583456123
0.15165876777251178
0.6239595364212026
0.14100521725277784
0.5894699111872237
0.17206977577760937
0.5555378549524076
0.22914094547771696
0.5746545063523034
0.23949579831932769
0.5819029033414308
0.2496913457326059
0.5739376319248076
0.2774503166195387
0.5646182643673584
0.2662391971006414
0.5632641682265315
0.3014855231192001
0.5832569994822568
0.2833844438249232
0.5697160380739968
0.25934923732526177
0.4867179099127796
0.27067983591540873
0.401967422039906
0.2796208530805686
0.4211637261539685
0.3156437930622486
0.5880361623322309
0.31359273567246787
0.6764506750567525
0.3045720657931419
0.8858576605997842
0.34507547094667257
1.0
0.4074634593173761
0.9749890477518018
0.4167031741606592
0.97036919033016
0.43581982556055565
0.7840614918953364
0.42757576964435046
0.4397228085547014
0.41037078338444366
0.07937392966665356