1000000000
0.2239909417876648
0.5479552417743438
0.23922672172638856
0.5219794858132408
0.2671340082589583
0.517983215665379
0.2829359264686293
0.5111229519115491
0.2806713733848407
0.48021846276808317
0.30138537365125884
0.46176901558545363
0.37844678300253076
0.49846809644331946
0.4366757692820034
0.561076328759824
0.4492140668709204
0.6007060077261223
0.45867190622086035
0.6340082589583057
0.46917876648461415
0.6650459571067002
0.47137671506593837
0.6792993206340744
0.47558944984680956
0.6868922339150124
0.4769548421473291
0.6812974557080058
0.48146729718929004
0.637405088583988
0.5155355001998135
0.6184894098841078
0.5491874250699346
0.6625149860130543
0.5713500732649525
0.6265485546822961
0.5931796989476488
0.6110963101105632
0.6176901558545356
0.6001065672039426
0.6326095644065538
0.4932063407486346
0.6325929132809376
0.4147462368456104
0.6390868522712135
0.46076994804848814
0.6366391368056479
0.5288397495670707
0.6325929132809376
0.5721326761689086
0.6433661915545489
0.5460903157053415
0.6561209537764751
0.5358998268282935
0.6739043559344611
0.5416278140402287
0.667893299587052
0.5464233382176632
0.6641800985746635
0.5354335953110431
0.6593179698947647
0.523111762355135
0.6486945517516982
0.5237778073797789
0.646313440788597
0.5297722126015718
0.6228853070467565
0.5455574796856267
0.49618689223391516
0.5457572931930198
0.39196749700279726
0.5751964832822695
0.3654922072732116
0.6164912748101767
0.35145530837884636
0.634807512987878
0.33781803649926717
0.6222858665245768
0.3382010123884374
0.626082323165046
0.31567203942986544
0.6293459437857997
0.32512987877980537
0.6400026641800987
0.3453276941521246
0.6381377381110962
0.3336386039696282
0.6466631144265353
0.3471093645930464
0.6359397895297723
0.3390169175436259
0.6471959504462497
0.35538497402424396
0.6703077128013852
0.36051352071400017
0.7030105235113894
0.35638404156120945
0.7348474756893562
0.32762754762221913
0.7799387238577324
0.353370187824697
0.8225656054349273
0.3816104968695883
0.8545357666178228
0.3873218329559077
0.8759158119088845
0.40080924470494195
0.8591980817903287
0.39651325429599044
0.8352204609031569
0.4141634474490473
0.801651791661116
0.42525309710936443
0.7507659517783398
0.4432196616491274
0.7224590382309843
0.4492473691221526
0.726388703876382
0.4263354202744105
0.7237911282802717
0.4363427467696816
0.7329159451178898
0.4767883308911683
0.7502997202610895
0.4992340482216598
0.7604236046356734
0.48874383908352204
0.7836685759957371
0.4703609964033569
0.8408152391101638
0.4507126681763687
0.913946982816038
0.45704009591048333
0.9680298388171038
0.47640535500199804
1.0
0.47337485013986924
0.9871453310243767
0.43316238177700794
0.9621686426002396
0.4332123351538564
0.921806314106833
0.42956573864393227
0.9028240309044888
0.41353070467563596
0.8842413747169303
0.39776208871719715
0.8815105901158915
0.3830258425469561
0.888837085386972
0.3676735047289196
0.8787132010123884
0.3586319435193818
0.8522712135340348
0.3535200479552417
0.8375516184894098
0.34782536299453837
0.8366191554549085
0.338667243905688
0.8362195284401223
0.3397995204475821
0.834487811376049
0.334854136139603
0.8177700812574927
0.328676568536033
0.832156653789796
0.32534634341281454
0.5215132542959904
0.3194185426934861
0.0
0.32562941254828837
0.5104569068869056
0.31971826295457556
0.5632076728386839
0.30668043159717595
0.10656720394298656
0.3099940055947781
0.5460903157053415
0.30771280138537366
0.7433728520047953