1000000000
1.0
0.3164938774694873
0.9742514132758034
0.34342102634785565
0.9277681228900739
0.36012065280357963
0.7560576097161461
0.3551666966301113
0.5850262679530973
0.3598010427278719
0.644653522702303
0.3439004414614168
0.7312678532190727
0.3517308883162542
0.6825273166736582
0.37698008429715746
0.6455524260402309
0.37769920696749965
0.6172469587103734
0.37793891452428025
0.5926369828808851
0.36499470645812127
0.5850062923233654
0.36587363416631696
0.5587782904856077
0.3847306286330677
0.6254569425301133
0.3933601006771738
0.5860450250694154
0.39024390243902435
0.48480853358902143
0.5045045045045047
0.4848884361079482
0.5136932941810989
0.4343700685164099
0.4711052515930564
0.5122550488404148
0.5628333433211483
0.6300313617386789
0.6180459838996423
0.6607738558958071
0.6331475599768284
0.6775334092407262
0.5923972753241046
0.5816104352689719
0.6984279179401132
0.5825093386068997
0.6975489902319171
0.6189249116078385
0.6426559597291306
0.5164898823435409
0.6197239367971077
0.44096202632788006
0.6182057889374962
0.4804538463075049
0.6264357483869679
0.45116957312079253
0.5927168853998122
0.4554643335131142
0.7083358302870494
0.44166117336849053
0.8250734104392643
0.42979564930784436
0.8472064081820179
0.39104292762829346
0.9160823794970132
0.41371526737380393
0.862627594334911
0.4202672739258106
0.7096941731088073
0.39130261081480594
0.8309062943209281
0.4170911487984658
0.8798066359041968
0.4141347555981702
0.7162461796608137
0.4540460638021614
0.7294300952837537
0.46237590140029167
0.7415752781606442
0.47795689259103913
0.787998641657178
0.5232815964523283
0.8038992429236332
0.48682607219192586
0.7206408182017938
0.45356664868859997
0.5759373564251613
0.5232616208225964
0.48109306645892014
0.53706478096722
0.4403427818061965
0.5452947404166917
0.5027466490881124
0.5396616128323446
0.526317892171551
0.5292543097421146
0.4622360719921696
0.5451948622680329
0.37450310621042326
0.5330896306506062
0.324404226843251
0.5016280138231359
0.41781027146880784
0.5358262919238529
0.44761391102854525
0.5549829208365793
0.5376640498591718
0.5289946265556021
0.6142905655100778
0.4899023191706119
0.5984698667625498
0.4682487365414195
0.5315115559017999
0.41247677833043683
0.5392621002377098
0.4274585006292324
0.573540280857354
0.46259563332734066
0.5693853498731547
0.41679151435249007
0.5379836599348794
0.4447374203471765
0.5143325143325141
0.5969517189029384
0.5139330017378798
0.6801701923653143
0.5265575997283316
0.7312079263298775
0.49907113321747454
0.6797107528814846
0.4611174367271926
0.6623918819040769
0.4284373064860869
0.5950540340784242
0.3963164938774693
0.586364635145123
0.36315694852280234
0.7141886897984461
0.33998521803399856
0.810131639399932
0.32512334951359334
0.8285691456423165
0.2969976628513215
0.8379776672459598
0.27214797946505265
0.7884780567707397
0.239148239148239
0.7043806556001677
0.2301991570284254
0.6312498751523141
0.20271269051756857
0.5527856015660894
0.18425520864545267
0.6321887297497053
0.16939334012504742
0.69804838097521
0.14550248696590168
0.5972313777191827
0.11002576856235398
0.6099758294880248
0.1252072471584667
0.5798525798525799
0.14406424162521733
0.4735822296797907
0.1508559557340045
0.4700665188470067
0.11761650786041013
0.5638521004374663
0.05553225065420192
0.5737799884141348
0.0028764906813687993
0.5136133916621721
0.004874053654541454
0.4280178182617208
0.04554443578833821
0.29823615189468844
0.016380016380016505
0.21479794650526357
0.0