1000000000
0.638294890277111
0.46500080089700496
0.6148686528912386
0.4304821399967964
0.5948862726253408
0.48950824923914815
0.5676157296171718
0.5670350792888041
0.5281715521383953
0.6726733942015062
0.4970366810828132
0.7904052538843506
0.4719886272625345
0.8981259010091306
0.46391958994073407
0.9722889636392765
0.4672032676597794
1.0
0.47827566874899946
0.9700464520262697
0.4945539003684128
0.8832292167227304
0.51257408297293
0.7491590581451228
0.5229657216082014
0.6142880025628705
0.5325164183885956
0.5008008970046454
0.5429881467243317
0.4400128143520746
0.5587257728656098
0.42431523306102836
0.6053780233861931
0.42767900048053836
0.5096908537562074
0.4424955950664749
0.4532476373538366
0.47901649847829614
0.46185728015377253
0.527951305462118
0.39153852314592374
0.5848950824923921
0.29278792247317015
0.682524427358642
0.25008008970046475
0.7137594105398053
0.2565273105878585
0.7712638154733304
0.2526830049655616
0.7605317956110842
0.25562630145763277
0.727294569918309
0.2505005606279035
0.6785199423354162
0.18284478616049984
0.7105558225212243
0.22178840301137281
0.7024667627743079
0.212558065032837
0.6844465801697909
0.25284318436649067
0.598590421271825
0.22184847028672106
0.5937049495434893
0.20943456671472072
0.5968284478616053
0.18911180522184856
0.5181803620054468
0.16520502963318912
0.4453788242831978
0.17553660099311225
0.4820599070959473
0.1864688451065194
0.5099311228576008
0.1860083293288484
0.5778471888515142
0.1939972769501843
0.5772064712477981
0.1995034438571202
0.5683966041967007
0.23081851673874762
0.5241870895402857
0.24801777991350335
0.48414223930802497
0.24937930482140003
0.45603075444497837
0.29026509690853763
0.43937209674835803
0.2741670671151692
0.4292007047893641
0.25056062790325173
0.40453307704629204
0.24072961717123187
0.43104276790004836
0.24333253243632877
0.45242671792407496
0.2383469485824125
0.4089380105718403
0.2245114528271665
0.3614448181963803
0.20621095627102362
0.35776069197501237
0.21011532916866899
0.38266858881947813
0.22327006246996645
0.3524747717443539
0.20268700945058474
0.3559186288643284
0.22318997276950206
0.37457952907256115
0.234442575684767
0.32732660579849465
0.2749879865449304
0.30666346307864845
0.3626661861284642
0.31603395803299716
0.33968044209514675
0.3004965561428804
0.3401009130225853
0.3409418548774631
0.3061228576005125
0.32003844305622303
0.25945058465481374
0.11260611885311517
0.23476293448662539
0.18949223129905532
0.2112566074002884
0.2934486625020026
0.20807304180682373
0.21984622777510807
0.2800937049495437
0.10339580329969562
0.3087658177158421
0.1736344706070796
0.4118612846387958
0.15369213519141464
0.4482019862245718
0.06150888995675154
0.41890917827967356
0.02915265096908522
0.4405934646804424
0.0
0.4346668268460682
0.015056863687329877
0.43206391158097085
0.16017940092904062
0.4433365369213522
0.14976773986865285
0.4600552618933208
0.3368572801537726
0.4493232420310751
0.10852154412942477
0.3952827166426399
0.07184046131667472
0.3879945539003686
0.1846067595707193
0.3973450264296016
0.14031715521383975
0.3952226493672917
0.3110683966041969
0.3938611244593947
0.3794650008008969
0.4091382348230021
0.369293608841903
0.40975893000160196
0.3706551337497998
0.4026709915104919
0.3647284959154256
0.3941614608361365
0.3620054460996319
0.3899767739868655
0.3671311869293611
0.38172753483902006
0.36424795771263835
0.36715120935447737
0.3587217683805866
0.3509530674355281
0.35375620695178617
0.41766778792247333
0.36072401089219946