1000000000
0.7081904143876891
0.23435616946324273
0.7061045703161215
0.20682302771855007
0.6180819504959671
0.15222026513395756
0.5590757393158432
0.14294984703810143
0.6088115324001114
0.2218411050338369
0.6092750533049041
0.33939000648929274
0.5546259386298322
0.3781403541299713
0.5275563177899322
0.37934550848243226
0.45469083155650314
0.38954296838787417
0.3287058496338185
0.3964030777788075
0.30654955038472237
0.41791044776119385
0.33957541485120984
0.4278297951237599
0.3457170668397145
0.425697598961713
0.36198665059794194
0.43784184666728465
0.4248632613330861
0.460832483545008
0.5039862797812182
0.41512932233243705
0.5464447946602392
0.37851117085380553
0.512167423750811
0.43413367942894204
0.6422313896356725
0.5618800407898393
0.7484472049689441
0.5730972466858255
0.7562575322147029
0.5075553907481225
0.7382960971539815
0.47983684064151305
0.7205432465004172
0.4704737183646982
0.6683044405302678
0.49346435524242116
0.3685222953555204
0.5695744878094002
0.22487716696022994
0.5685547418188559
0.28752201724297743
0.48799480856586624
0.3472003337350513
0.42968387874293146
0.3689162881245945
0.6288124594419208
0.38882451098544546
0.865578937610086
0.3359599517938259
0.9373319736720127
0.21062389913785115
0.8956150922406598
0.11439695930286445
0.9305645684620374
0.08792991563919524
0.9617131732641142
0.19915175674422914
0.8957077964216184
0.27855288773523684
0.932604060443126
0.3665059794196718
1.0
0.35491795679985166
0.922406600537684
0.4012932233243718
0.7723185315657735
0.5573838880133495
0.6814684342263837
0.6902753314174468
0.705015296189858
0.6821868916288124
0.8756836933345695
0.7043200148326688
0.8938537128024472
0.6756512468712338
0.8437007509038652
0.7181561138407341
0.777788078242329
0.7303698896820247
0.6956521739130432
0.6215815333271528
0.6929637526652455
0.5226429961991285
0.7357003800871419
0.5194447019560581
0.6013720218781867
0.5712431630666541
0.3397608232131267
0.5406276073050895
0.12450171502734769
0.5205803281728005
0.015667006581996663
0.5284601835542784
0.06489292667099288
0.5678131083711876
0.1842959117456198
0.6152544729767312
0.28997867803837957
0.6229257439510523
0.29507740799110027
0.6292759803467137
0.32047835357374604
0.6508760545100585
0.3738759618058772
0.6889542968387873
0.37693519977750983
0.7750764809492907
0.3019375173820339
0.8237693519977749
0.29897098359135993
0.8271994066932417
0.2816353017521089
0.7295819041438769
0.2369518865300825
0.6465884861407248
0.1499953647909519
0.6391257995735607
0.01724297765829229
0.6083016594048392
0.0
0.567720404190229
0.08176508760545101
0.5335589135069992
0.16631130063965868
0.4771020673032355
0.29924909613423567
0.46996384536942626
0.43672939649578213
0.450565495503847
0.49976823954760335
0.4455131176416056
0.5575229442847873
0.4129275980346712
0.6837860387503477
0.39881338648373027
0.6851766014647259
0.38530175210901996
0.8375822749606009
0.4286873087976268
0.9948085658663209
0.5102669880411606
0.9554092889589314
0.487044590711041
0.9009919347362567
0.411212570686938
0.8418466672846947
0.36486048020765727
0.7059423379994433
0.35586817465467696
0.5584499860943729
0.37403819412255496
0.4656531009548527
0.3600166867525726
0.3716510614628717
0.3697274497079819
0.2423287290256789
0.38465282284231006
0.22851580606285346
0.4076434597200334
0.42532678223787856
0.47758876425326774
0.6316862890516364
0.509919347362566
0.7047371836469827
0.49429869287104855
0.747937331973672
0.33338741077222583
0.580606285343469