1000000000
0.7153728252978028
0.9240635671838444
0.6859017451396915
0.8767377450321325
0.6868159939767136
0.8151066175481996
0.6541719325607033
0.8825459141143877
0.6125736104762158
0.939444459383151
0.6130307348947267
0.9879534270886553
0.6065503240205433
1.0
0.597703622038775
0.9600957272311702
0.6305090214848476
0.9042727688294927
0.6842076958240336
0.9101884965984562
0.7083277313184004
0.9045954448896173
0.7064992336443571
0.8389846459974718
0.6663260641587561
0.8224206082443736
0.671542660464116
0.8886767592567693
0.6916292452069158
0.8527521578961519
0.7070370270778992
0.7638011239882756
0.6742047379601498
0.8153217349216156
0.623033692758611
0.92298798031676
0.5684207695824034
0.9484793890666595
0.5115760036569951
0.9284734733388894
0.48016886713813195
0.9155664309338772
0.49119363252574677
0.8247868993519588
0.39498238726505136
0.7565946919788101
0.28113151738417275
0.6212858640995987
0.2004893920245233
0.5282476000968027
0.09352227809298455
0.5277098066632607
0.17131409825486046
0.4713490548280405
0.22533544865417202
0.4375756272015911
0.257522385651671
0.47091882008120695
0.21283175132431623
0.43230525155287797
0.11780365161741378
0.4724246416951248
0.04097985963591398
0.40885745785043925
0.0
0.5101777407297857
0.06722417919277196
0.37486891285057355
0.10919895668073878
0.22590013175939092
0.09034929683508572
0.3864852510150852
0.1315442738444164
0.6772163811879853
0.17241657479362174
0.6107451128021725
0.13272741939820917
0.6397859582134501
0.12414961413321127
0.8194089650165366
0.20610933340503884
0.8915808437978966
0.24434644652988793
0.755734222485143
0.2588668692355265
0.7882169458710904
0.27201591868563285
0.804673424937481
0.1980155422302293
0.6489284465836673
0.19298717362660994
0.5241603700018821
0.24208771410901078
0.5225469897012556
0.3029390411143076
0.5561052999542876
0.29780311382398
0.5516953937992422
0.23154696281158416
0.5586867084352902
0.25238645836134344
0.6407539863938261
0.3524967060152199
0.6673209820108097
0.39014224636317174
0.5978380703971606
0.37944015703568285
0.5579337976283304
0.4208502514184302
0.6088090564414206
0.45803866734787163
0.6203178359192234
0.4203931269999193
0.5924601360617384
0.5016806044798194
0.573852483261179
0.523676355911694
0.6959315926752535
0.5483879641829572
0.7045362876119281
0.48584258786200213
0.6261260050014791
0.4642501815052838
0.5969776009034929
0.5107155341633277
0.5519105111726584
0.5773481405792034
0.5042620129608211
0.5846352416036996
0.5072736561886578
0.5545994783403695
0.4963026701443973
0.5498131167818441
0.546747694210654
0.5168463793057088
0.6159079297641773
0.5383581166473956
0.6587162870741349
0.5315281400414104
0.8014466643362279
0.5636075183522011
0.915243754873752
0.5836134340799697
0.9450375110919884
0.6539299255156094
0.8621097636397853
0.5510769313506683
0.7080857242733066
0.5527440909946489
0.6071956761407941
0.5514802764258246
0.43230525155287797
0.5368522950334776
0.305170883863508
0.4468525639301944
0.31420581354701616
0.4255021646185698
0.3024819166957973
0.6210438570545052
0.22030708005055247
0.3357444405603809
0.0899459517599289
0.10629487213961103
0.05714055231385617
0.12393449675979479
0.1015622899244395
0.1793541100863158
0.18513538949689418
0.4662131275377127
0.12683858130092254
0.5074081045470433
0.08069590470300367
0.4680954045551101
0.27559224501868834
0.5029444190486435
0.4784479281507974
0.5040200059157275
0.5881577885934014
0.46438462986366913
0.6701175078652291