1000000000
0.597588858865101
0.6035127832051551
0.4930497817501555
0.5006755352317601
0.51301704427354
0.5205778424443984
0.5022214716275203
0.5100290999792143
0.49333558511743886
0.5017148202036998
0.5066254416961132
0.5148617750987321
0.5100161089170646
0.5177717730201615
0.5063916025774269
0.5143940968613595
0.5057420494699648
0.5143940968613595
0.5056251299106217
0.5143940968613595
0.5022734358761174
0.5143940968613595
0.5036764705882353
0.5143940968613595
0.48168260236956956
0.5183953440033255
0.4233267511951778
0.4702244855539391
0.3653086676366659
0.184525046767824
0.3368192683433798
0.05643317397630443
0.3138900436499689
0.037778008729994005
0.2662258366244026
0.10091457077530686
0.2571580752442322
0.023072126377052846
0.19759405528996066
0.03175015589274604
0.19511276241945577
0.10044689253793426
0.13845874038661413
0.021928912907919422
0.09765381417584729
0.008885886510081148
0.11211286634795287
0.0
0.09873207233423413
0.07171066306381212
0.07946632716690927
0.09062564955310745
0.09697827894408655
0.10408438993972173
0.09215859488671811
0.13962793598004594
0.09952452712533794
0.1077218873415092
0.09562720848056555
0.10585117439201845
0.04898929536478916
0.1731968405736856
0.025618374558304048
0.24438786115152786
0.05222406983995015
0.2017252130534196
0.03729733943047198
0.20676574516732513
0.040636042402827
0.27042194969860717
0.10516264809810857
0.25259821242984837
0.15937435044689255
0.28741425898981515
0.1530347121180628
0.3182810226564125
0.130807004780711
0.3345977967158599
0.09970640199542723
0.29619621700270227
0.08659842028684284
0.34379546871752253
0.0881573477447518
0.3650488463936813
0.07106110995635033
0.3909270421949698
0.06090209935564344
0.41186863437954696
0.06921637913115777
0.383132404905425
0.08572801912284367
0.38770525878195833
0.09552327998337143
0.42719808771565193
0.09595198503429658
0.43161504884639373
0.11203491997505713
0.4307836208688423
0.13159945957181474
0.44003325711910196
0.1522812305134069
0.46986073581376037
0.16418104344211212
0.4977135730617337
0.19838651008106448
0.5070671378091869
0.238840677613802
0.5141862398669711
0.23993192683433817
0.5153294533361049
0.23561889420078996
0.5138744543753897
0.24498545001039285
0.5141342756183748
0.2451933070047808
0.5144460611099562
0.2366971523591769
0.5144460611099562
0.23360527956765756
0.5144460611099562
0.22716171274163388
0.5144460611099562
0.23004572853876534
0.5144980253585532
0.23117595094574944
0.5143940968613595
0.23481344834753692
0.5143940968613595
0.23767148202037008
0.5144460611099562
0.25457285387653306
0.5143940968613595
0.25769070879235095
0.5143421326127626
0.25913271669091675
0.5142901683641656
0.262484410725421
0.5142901683641656
0.27061681563084605
0.5143421326127626
0.281646227395552
0.5143940968613595
0.27690448971107895
0.5143940968613595
0.2763848472251092
0.5143940968613595
0.26669351486177506
0.5143940968613595
0.24920754520889646
0.5143940968613595
0.2533127208480566
0.5143940968613595
0.2101304302639785
0.5143940968613595
0.1645188110579922
0.5143940968613595
0.20023124090625655
0.5143940968613595
0.2068826647266682
0.5143940968613595
0.27722926626480987
0.5143940968613595
0.33229837871544377
0.5143940968613595
0.33622167948451465
0.5141862398669711
0.421832779048015
0.5111203491997504
0.4972329037622118
0.5129910621492417
0.5102889212221992
0.5188110579921014
0.5042870505092498
0.5136665973810016
0.49928549158179175
0.5049366036167116
0.5258132404905425
0.5340885470796094
0.9973368322594055
1.0