1000000000
0.618151214982201
0.7960841974926484
0.6241100448846929
0.7835474384770165
0.6267799102306145
0.7898158179848322
0.6132371149976785
0.8107104163442195
0.6056531496672344
0.8265748336170873
0.6049179693545891
0.8187587060826499
0.6001392973223961
0.7958520352886549
0.6047631945519272
0.783779600681009
0.6200472063148121
0.7599442810710421
0.6392779755455813
0.746865810246092
0.6575800959603778
0.8059123974616933
0.6647771242841667
0.8623278130320385
0.6654542640458135
0.8727751122117321
0.6861167002012075
0.8503327658257237
0.7455115307227983
0.8025847392044576
0.8021204147964713
0.8107104163442195
0.8109425785482125
0.5043336944745395
0.7316785327348707
0.1387556105865966
0.7008590001547751
0.12056957127379675
0.6409224578238665
0.0
0.5803861631326421
0.07367280606717223
0.547593251818604
0.02306144559665698
0.4842710106794616
0.07204767063922012
0.5108342361863489
0.15152453180622205
0.4726435536294692
0.19199814270236817
0.4938670484445133
0.25746788422844774
0.510660114533354
0.23107878037455504
0.44430041789196745
0.3224733013465409
0.36480420987463247
0.35420213589227684
0.32802584739204466
0.3528091626683177
0.300243770314193
0.43104782541402287
0.25833849249342206
0.3922767373471599
0.21871614301191777
0.3914254759325181
0.15877960068100921
0.46463395759170434
0.15334313573750197
0.5669401021513699
0.1816475777743385
0.6423154310478251
0.18116390651601919
0.676598049837487
0.20124593716143016
0.7207862559975234
0.20136201826342662
0.8558272713202294
0.24849094567404448
0.8952948459990715
0.39163829128617866
0.8405819532580099
0.4394250116081103
0.7145952638910386
0.5044884692772019
0.6167002012072437
0.47165686426249814
0.5335087447763506
0.534630862095651
0.47593251818603954
0.5566282309240056
0.5288655006964867
0.4072318526543879
0.5319609967497293
0.3339266367435381
0.4985296393747102
0.3324949698189136
0.4577464788732394
0.3287610277046898
0.4164989939637827
0.3260331218077698
0.4034205231388333
0.339401795387711
0.3838415106020739
0.3102654387865657
0.41440953412784415
0.31872001238198433
0.4299644017953877
0.37763117164525634
0.4856059433524226
0.341723417427643
0.49264819687354905
0.34296161584893975
0.4386317907444667
0.4314347624206781
0.5449620801733477
0.4051617396687821
0.6431666924624669
0.30181086519114697
0.4404890883764126
0.3248723107878039
0.360547902801424
0.3551888252592479
0.3121807769695095
0.3068797399783317
0.349558891812413
0.2102615694164991
0.44907908992416046
0.20486379817365744
0.5965020894598361
0.2773757932208638
0.709410308001857
0.2972063148119485
0.7207862559975234
0.28739746169323643
0.6590311097353347
0.3280645410927102
0.6002166847237271
0.33975003869370074
0.6652994892431511
0.43611670020120735
0.7231078780374554
0.44760872929887013
0.6183253366351962
0.4166150750657796
0.4437393592323172
0.3768572976319457
0.428029716762111
0.368325336635196
0.6119795697260488
0.3902066243615541
0.7754217613372544
0.3790047980188827
0.8248723107878041
0.39945441882061616
0.8740906980343601
0.39711344993035136
0.9110818758706085
0.3824098436774495
0.9115462002785949
0.334855285559511
0.935071970283238
0.2845921683949854
1.0
0.2502708559046588
0.9811174740752209
0.22806067172264358
0.8732394366197186
0.22039931899086845
0.7545271629778671
0.21825181860393145
0.726203374090698
0.2245201981117475
0.760485992880359
0.24177758860857454
0.7062374245472837
0.2653033586132178
0.4989939637826961
0.2866235876799258
0.4349171954805759