1000000000
0.9967330318884496
0.8681139177576291
0.9970171160720629
0.8671669704789188
1.0
0.8656992021969179
0.9997395894983547
0.8673090125707252
0.9983073317393057
0.8661726758362728
0.9969697687081274
0.8611538552591086
0.9743969129518718
0.8626689709050445
0.8893728841646744
0.7557112757747209
0.8376932364290618
0.43971496886910844
0.7748987950095879
0.18171918278449828
0.7787931156932837
0.03986648043370207
0.7487157027532493
0.13678653440969668
0.7175137899197461
0.19284581330934414
0.6632537108496486
0.08531994981179432
0.608212400274615
0.1173267678322009
0.5641793518145878
0.2307237044577541
0.5267275869415972
0.1574773324495159
0.5118841883478139
0.0
0.5131152198101372
0.07760232949030572
0.48518027508818484
0.15094339622641512
0.43524064297720233
0.09881394853341556
0.3512582561965864
0.042991406453445916
0.33256788428304274
0.06690182524087973
0.3489500722047302
0.18957884519779386
0.3248621008025378
0.20013730735541313
0.3168367226154684
0.20264671764399522
0.30249047134300816
0.20899126441135393
0.264991359106082
0.21169006415567843
0.2660093274306953
0.24904713430079772
0.2662105537274213
0.3209204327549064
0.25427901801567215
0.33872304159465905
0.21150067469993622
0.3385809995028525
0.16854477876944227
0.35278520868350616
0.10447195852370926
0.34497289363414707
0.10891077389266367
0.3317156317322033
0.1153145048649417
0.4142894344357375
0.11732676783220108
0.38876920527449627
0.14366373902133
0.37702705901848926
0.15390260647238474
0.4823749437750055
0.17839303046802876
0.4679813451386096
0.13296323477190428
0.4214388863900003
0.16233043725290613
0.4118747188750269
0.20316753864728587
0.45406122014156886
0.15727610615278995
0.5474775691863357
0.1645676001988591
0.5422693591534292
0.2313155465069484
0.5548164105963403
0.37345233304135805
0.596529438223527
0.4884472431997352
0.7210530053739254
0.45871309864823295
0.832698089533865
0.4081934613290406
0.8348760682748991
0.4362822849837836
0.8353495419142541
0.484659454084894
0.8362964891929644
0.49209299022276937
0.8365332260126421
0.4529485570890841
0.8439667621505176
0.43991619516583436
0.8396581520323853
0.44054354773797977
0.7952463246608751
0.41704741838498166
0.7701048744111167
0.397871735991099
0.7763547264506048
0.389704315712223
0.748088350181104
0.3950545678369356
0.70254018607514
0.38573897398262347
0.6764044411827373
0.3593191449066075
0.681281219668095
0.3549631874245403
0.6642361686513102
0.3467602566227127
0.6586965270708557
0.33680547335527095
0.6479013280935583
0.3277502900026043
0.5829880921379703
0.3154636490613387
0.5590776733505365
0.33065031604365425
0.6469543808148484
0.3750858170971334
0.6003645747023035
0.36066854477876975
0.5818044080395824
0.3591060817688977
0.6289150351554179
0.37509765393811695
0.6646149475627946
0.3651428706706755
0.6658459790251176
0.36541511801330456
0.6261688880471582
0.35149499301626413
0.655334864231434
0.3473994460358421
0.7123410904097919
0.36630288108709563
0.6876731137993892
0.3736417224971001
0.7199166686394729
0.35530645581307274
0.7532492128500748
0.3105987074169646
0.7915058829099691
0.3462631093013898
0.8287682583272175
0.3672971757297414
0.8361070997372217
0.3943325205369192
0.8319878790748323
0.4347198219739117
0.8309462370682518
0.5375582964418456
0.8299992897895404
0.5976776117989633
0.8293364266944442
0.637934707985133
0.8303307213370892
0.7431287138088588
0.8316091001633484
0.8753462275987784
0.8303307213370892
0.9171184394308848
0.8283421320517979