1000000000
0.0
0.6543227112491712
0.05181320023733896
0.6409200376950195
0.11446371854385537
0.6268891138180168
0.16961013577187528
0.5709748350842901
0.22744406826986832
0.4976789640850231
0.28541761195071735
0.44532477051411784
0.3421870091794352
0.3852221562947192
0.41014275243446974
0.33600921433806813
0.4761962933230952
0.30375903109839103
0.5306446546368364
0.28756413388712443
0.5617255942200968
0.3001291403441416
0.5822309867020349
0.32944748874384816
0.6000488639139994
0.34976091584935953
0.6171861366095425
0.36162786639209765
0.6533628843670375
0.36672367456633254
0.6966248996544624
0.3763568461833794
0.7386129628983279
0.38452410038044044
0.7652961502216328
0.3811036264004742
0.7696589996858748
0.368329203169174
0.7499214687096439
0.36448989564064055
0.6998883110537154
0.3845939059718685
0.624044535967331
0.414889532651565
0.5255139436668879
0.4500715507312135
0.4403336707270252
0.4879061812851206
0.40947959931590505
0.5205751980733654
0.41272555931730126
0.5356532058217863
0.41885099996509717
0.5362814561446373
0.4241911277093296
0.5355834002303586
0.434923737391365
0.5263690621618793
0.4560224774004397
0.5156888066734144
0.49274021849150107
0.548916268193082
0.5578513838958501
0.6144637185438555
0.6101183204774703
0.6930648144916404
0.6723325538375622
0.7736902725908344
0.7412481239747304
0.8508952567100622
0.7559072981745838
0.9086942864123415
0.7253848033227461
0.9456912498691146
0.6884576454574012
0.9639105092317896
0.6755261596453876
0.9835258804230219
0.6296638860772747
1.0
0.541761195071725
0.9963701092457505
0.47457331332239716
0.9708910683745768
0.38497783672472174
0.9302642141635545
0.3692192244598791
0.8912428885553729
0.3475271369236676
0.8099193745419002
0.3459565111165402
0.6784056402917872
0.36288436703779975
0.5510802415273461
0.3068828313147884
0.5596663292729749
0.2829046106593139
0.562737775295801
0.27632543366723683
0.5354437890475024
0.266168720114481
0.495375379567903
0.26095075215524777
0.4545391085825973
0.2878608076506928
0.4099333356601862
0.3061498726047957
0.38180168231475364
0.315294405081847
0.3896199085546753
0.34859167219294257
0.42124184147150145
0.3303549614324108
0.4434400195455658
0.40089351157027686
0.43464451502565327
0.41372028899514846
0.39890405221458236
0.37478622037625214
0.37537956790338917
0.36845136295417263
0.36560678510348654
0.3824997382290319
0.36811978639488985
0.35845171198212994
0.36281456144637186
0.2925901364699313
0.35660186380929126
0.2752958011936756
0.3502495549893548
0.27351575861226507
0.36267495026351637
0.28152595022861326
0.36672367456633254
0.3304073156259817
0.3597431154235454
0.4636312868660779
0.361139227252103
0.5432620152874245
0.3775435412376534
0.541237653136016
0.3972985236117414
0.5261072911940243
0.39150465952322744
0.5441869393738439
0.35764894768070876
0.6006247600432792
0.34333880143799494
0.6617221039405258
0.36309378381208324
0.7252975463334613
0.36658406338347677
0.7487871278489404
0.3554151687550173
0.7538131304317476
0.33196049003525185
0.7517538654846253
0.29838400055844466
0.7486126138703708
0.2592928693588355
0.7365711493490629
0.23618721859620956
0.7220341349342082
0.2325573278419599
0.7192244598792363
0.23465149558479637
0.7101671843914695
0.23486091235907997
0.6609716938326761
0.2384908031133294
0.5936791036962061
0.2319290775191093
0.5461589473316811
0.21726990331925602
0.5095633660256185
0.203308785033681
0.5045722662385256
0.18997591707095718
0.5002268681721406
0.17782974416250724