1000000000
0.1705129607349887
0.04462430274526995
0.173055889751723
0.12501367166138014
0.16769659849064877
0.214043530569835
0.18172372306682727
0.2457617849721099
0.2069616099748443
0.27485508038936857
0.23602756206934297
0.33369791097014107
0.2749371103576507
0.41485289292354816
0.3180301870283277
0.4382587772066062
0.348627365197419
0.39921251230449495
0.3697090670458272
0.33194793831346386
0.39150169528601086
0.26435524444930536
0.4058569397353167
0.2634802581209673
0.3993218855955379
0.2589959531882317
0.3836815049764853
0.27846439899376596
0.37186918954391374
0.27988625177731624
0.3604943672755117
0.28469867658317805
0.3595373509788911
0.29508913923219976
0.38223230887017406
0.30876080061249045
0.41414196653177304
0.2968391118888772
0.4640708738925955
0.2397462539647819
0.4929180794050095
0.26129279230012
0.48446899267198973
0.36082248714863807
0.5002187465820849
0.4020562178715957
0.6048342994640712
0.385868970797332
0.5176637865033359
0.4310401399978128
0.3368697364103686
0.5850377337854097
0.2879525319916877
0.6857705348353935
0.37288089248605505
0.6243027452696052
0.398583615881002
0.6357869408290496
0.28931969812971675
0.5585693973531665
0.2921087170512963
0.43410259214699837
0.3121787159575632
0.4418680958110032
0.33030733894782893
0.6418024718363777
0.26818330963578724
0.5393196981297169
0.17316526304276536
0.37679098764081864
0.2314885704910864
0.13507601443727466
0.2617302854642899
0.15946625833971345
0.27794487586131456
0.14579459695942293
0.18268073936344761
0.0
0.10499835940063464
0.07962375587881469
0.20849283604943689
0.09274855080389417
0.24354697582850318
0.22957453789784588
0.15889204856174144
0.25265230230777636
0.08974078530022997
0.24280870611396707
0.08197528163622453
0.3445258667833319
0.22459805315541959
0.6013343541507167
0.3056710051405449
0.6189434540085316
0.23684786175216063
0.5483976812862302
0.2174887892376685
0.31193262605271793
0.29927266761456894
0.4946953953844475
0.4073334791643884
0.7088482992453244
0.49557038171278595
0.7054577272230121
0.5338236902548399
0.7268948922673084
0.5388001749972658
0.8900798425024611
0.4545827408946736
0.8307995187575188
0.3969977031608882
0.8176747238324408
0.3740566553647597
0.7293011046702399
0.3479984687739256
0.7240511867002077
0.3266433336979114
0.963578694082905
0.32623318385650224
1.0
0.2880072186372091
0.7550038280651864
0.2831401071858253
0.49360166247402404
0.38898610959203755
0.4835393196981299
0.4440008749863284
0.5952094498523464
0.3821502789018921
0.7906595209449847
0.22976594115716975
0.5235699442196219
0.17393087608006164
0.4741332166684892
0.18207918626271502
0.38116591928251153
0.21910204528054264
0.3349010171716069
0.18434868205184313
0.3669473914470086
0.20157497539100946
0.43322760581865916
0.1905282729957346
0.32068248933610455
0.22262933391665787
0.2897298479711251
0.23378540960297528
0.23252761675598851
0.21264902110904552
0.14306026468336455
0.251722629333917
0.16340369681723743
0.2537733785409604
0.16996609427977669
0.20217652849174247
0.1232636990047033
0.2012195121951221
0.15137263480258142
0.2565623974625397
0.189325166794269
0.2800776550366405
0.15148200809362375
0.2636716613802912
0.1612162309963911
0.24056655364759957
0.2401837471289514
0.22943782128404275
0.21513726348025847
0.2884447118013784
0.17401290604834319
0.3581975281636226
0.16449742972766052
0.39970469211418563
0.15552881986219005
0.434075248824237
0.14973203543694671
0.471426227715192
0.13387290823580905
0.4933282292464182
0.1296073498851583