1000000000
0.4439333862014272
0.8071371927042029
0.430214115781126
0.738144329896907
0.4319389373513084
0.6179222839016654
0.42763679619349715
0.5017446471054718
0.42109436954797774
0.3914353687549562
0.40511498810467866
0.37272006344171293
0.3812053925455987
0.410547184773989
0.35120935765265665
0.4126090404440921
0.35561062648691516
0.42910388580491665
0.378766851704996
0.4191911181601901
0.3935765265662173
0.3812846946867564
0.41215305313243467
0.3145915939730371
0.4305908009516256
0.23798572561459158
0.4370737509912767
0.223076923076923
0.4358445678033305
0.23568596352101512
0.4220856463124504
0.22791435368754948
0.3931403647898493
0.20523394131641534
0.3697660586835843
0.17256145915939727
0.35113005551149884
0.13536875495638392
0.31736716891356065
0.12363203806502772
0.27531720856463127
0.17795400475812845
0.24821570182394923
0.23045202220459937
0.21201427438540835
0.27145122918318804
0.2544607454401269
0.28437747819191134
0.223255352894528
0.2507533703409993
0.3071768437747819
0.231482950039651
0.3180610626486915
0.21800158604282294
0.3855670103092783
0.19230769230769226
0.36411578112609044
0.17042030134813638
0.3068794607454401
0.16423473433782712
0.33009516256938926
0.17700237906423477
0.30174464710547183
0.17359238699444882
0.4041831879460744
0.17089611419508324
0.40138778747026166
0.1826328310864393
0.3750396510705789
0.213481363996828
0.3741276764472641
0.2874702616970659
0.3535685963521015
0.36042823156225207
0.3517644726407613
0.3892942109436955
0.3300555114988105
0.36605868358445665
0.3307494052339411
0.2945281522601108
0.32777557494052345
0.20444091990483745
0.33634020618556704
0.12799365582870742
0.38336637589214895
0.07501982553528948
0.4111617763679619
0.03521015067406819
0.4343180015860429
0.02426645519429018
0.4131839809674861
0.018477398889770038
0.4080095162569389
0.004916732751784365
0.4229777954004756
0.0
0.4248017446471054
0.00047581284694690306
0.4577914353687549
0.020539254559873165
0.4459357652656619
0.057890563045202084
0.46024980174464686
0.10420301348136392
0.4959952418715304
0.20650277557494032
0.5294805709754161
0.4328310864393335
0.5659992069785883
0.6282315622521808
0.62137192704203
0.6786677240285482
0.6756344171292624
0.7498810467882632
0.6522204599524184
0.7992069785884214
0.622026169706582
0.9050753370340997
0.5933386201427441
1.0
0.5184575733544805
0.9449643140364787
0.45672085646312427
0.8835051546391752
0.4112212529738301
0.8573354480570974
0.3948255352894528
0.7956383822363199
0.4181007137192704
0.7027755749405233
0.3899286280729578
0.5661379857256145
0.3885804916732753
0.4830293417922284
0.39601506740681996
0.41030927835051545
0.3656423473433783
0.2946867565424263
0.37121332275971436
0.28168120539254543
0.4150277557494052
0.2340206185567011
0.4977398889770022
0.17565424266455193
0.4977795400475811
0.14250594766058686
0.47803330689928614
0.14456780333069003
0.5299762093576524
0.10063441712926255
0.595935765265662
0.06605868358445681
0.6354084060269626
0.050674068199841375
0.6640959555908009
0.03394131641554315
0.6968675654242662
0.013957176843774802
0.7482751784298176
0.020777160983346525
0.7385011895321175
0.043695479777953884
0.706086439333862
0.08596352101506727
0.659020618556701
0.16137985725614598
0.6394924662965898
0.26724821570182405
0.585467882632831
0.3431403647898494
0.5776962727993656
0.3805709754163362
0.633187946074544
0.3654242664551943
0.6307890563045201
0.2881839809674862
0.6026566217287864
0.20031720856463126
0.59890959555908
0.15329103885804918