1000000000
0.5100222066386162
0.23983169705469842
0.5247194950911641
0.26601215521271615
0.546984572230014
0.2886863020102851
0.5609513791491351
0.31708742402992074
0.5874240299205236
0.306919121084619
0.6177536231884061
0.31638616175783074
0.6214644693782144
0.3435016362786345
0.6136337073398783
0.3652407667134173
0.6140719962599345
0.37575970079476395
0.5618863955119217
0.3744740532959324
0.5189048620850865
0.37424029920523616
0.5043536699392239
0.3879149135109864
0.5263849929873775
0.4274193548387097
0.5416374474053296
0.44448340345956033
0.5741584852734922
0.48679289387564284
0.6953892005610098
0.5331930808789154
0.7924263674614308
0.5691912108461895
0.8404628330995791
0.5945535296867694
0.874152641421225
0.5942028985507244
0.8956287985039741
0.5864890135577372
0.9237085086489014
0.593267882187938
0.9811535764375879
0.5949041608228145
0.9786991584852737
0.5953716690042075
1.0
0.6284478728377746
0.991789387564283
0.6465638148667603
0.9572230014025246
0.6673679289387565
0.7833391771856008
0.6743805516596537
0.6185425432445069
0.6857176250584386
0.6048679289387563
0.6946002805049089
0.5887388966806918
0.7004441327723233
0.564107059373539
0.7011453950444129
0.4803646563814867
0.7046517064048617
0.4709560542309489
0.7187938288920052
0.4830236091631604
0.7028985507246381
0.4543010752688172
0.6744974287050026
0.4498889668069192
0.6964703132304816
0.5296575502571297
0.8731884057971016
0.5508707339878449
0.8090229079008884
0.5075093501636281
0.5992286115007014
0.549292893875643
0.6617578307620384
0.5437412342215988
0.6327723235156614
0.5740416082281441
0.5500233754090699
0.5853494623655914
0.514726507713885
0.5821645628798505
0.44939223936418876
0.6396388499298736
0.38020102851799914
0.6956813931743804
0.3402290790088827
0.6608228143992518
0.5229079008882656
0.6452197288452549
0.7218326320710611
0.6564399251986909
0.805282842449743
0.6495441795231419
0.7701028517999069
0.6575502571295001
0.8517999064983639
0.6441970546984573
0.7462599345488546
0.5838300607760637
0.7031323048153341
0.5593443197755961
0.5755025712949974
0.6362201963534363
0.9124590930341284
0.6637447405329594
0.9795465170640484
0.5802360916316035
0.4345488546049557
0.5889434315100516
0.541140719962599
0.602647265077139
0.542192613370734
0.5093501636278635
0.3606825619448342
0.4974871435250115
0.3370733987844785
0.5087365591397848
0.41023842917251063
0.5968910705937355
0.4364188873305284
0.6238020102851801
0.40439457690509567
0.6506545114539505
0.34303412809724154
0.6371552127162224
0.2521037868162693
0.5823106591865359
0.1825619448340347
0.6519985974754559
0.07982702197288445
0.6353436185133241
0.017882187938288906
0.6557094436652642
0.06393174380551649
0.6054815334268351
0.09665731650303888
0.6162926601215523
0.0980598410472183
0.5340112201963534
0.06907433380084145
0.5700970079476393
0.03354371201496007
0.509963768115942
0.019985974754558242
0.4214001870032726
0.007129499766245797
0.4716280972417018
0.0009350163627862417
0.47723819541842
0.001519401589527656
0.5007304815334266
0.0
0.533076203833567
0.008181393174380385
0.5555750350631136
0.023024777933613873
0.5549906498363721
0.03424497428704999
0.566473819541842
0.04137447405329595
0.5513966806919121
0.04406264609630654
0.550987611033193
0.03307620383356706
0.5577956989247314
0.049672744273024684
0.5620032725572697
0.05867227676484334
0.5811126694717159
0.07877512856474987
0.5836547452080411
0.08835904628330994
0.5679055633473585
0.08637213651238884