1000000000
0.2594322592291721
0.23774708908746278
0.24539669645274828
0.1927069230074914
0.1994990522610343
0.25282065168336476
0.19248127087282238
0.25715317266901344
0.1940608358155064
0.3191623792761075
0.18302644643018315
0.31889159671450484
0.1882615759545083
0.38920480187742557
0.2153623973282786
0.3909197581009113
0.2231925264012998
0.39480097481722126
0.24282426211751948
0.44245870565935547
0.2295559165989709
0.47441104792851346
0.2601543460601134
0.5313656467190175
0.25577669464753117
0.5065439119054063
0.26466738875349743
0.5214369527935726
0.2728811264554561
0.5625056413033664
0.2819297770556907
0.5755934651141794
0.3074510334867767
0.6148569365466194
0.35253632999368145
0.6385052802599508
0.3758461955050093
0.6086289376297493
0.3630968498961999
0.6654030147125192
0.3133856846285767
0.6337214550049641
0.33012907302103084
0.6854409242711433
0.32859463850528
0.6105244155609713
0.34669193970574946
0.6212654571712247
0.3258868128892498
0.6515931040707643
0.33786894124018385
0.6292986731654475
0.3622845022113909
0.6555645816409421
0.3581325029334774
0.6516833649246322
0.3181243794566296
0.679664229623612
0.29350573156422055
0.6940157053885723
0.24255347955591627
0.6858019676866136
0.250473869482805
0.7434786533080595
0.27822908204711594
0.7920389926888708
0.26703673616752394
0.7509703041790771
0.2676911273580648
0.6941962270963081
0.24799169600144402
0.629569455727051
0.2617790414297319
0.5848903330625503
0.2825616030327645
0.5804675512230343
0.31832746637783166
0.5366910370972106
0.32780485603393783
0.47459156963624866
0.33926798447513284
0.386045671992057
0.3601633721455002
0.32196046574600584
0.3811264554562686
0.29280620994674605
0.35526672082317884
0.24523873995847953
0.3732737611697805
0.21066883292715938
0.39976532177994384
0.17600866504197124
0.4335680115533892
0.15515840779853765
0.5002256521346687
0.09008033215994211
0.5298086469898003
0.057766946475313496
0.5121626500586696
0.04161025363299931
0.47558443902879294
0.1285314559075729
0.47398230887264164
0.21996570087553016
0.5426482534524776
0.0933297228991785
0.5115082588681287
0.0
0.43526040256340814
0.03682642837801224
0.45369618196588113
0.32187020489213786
0.45581731203177156
0.3883924541926165
0.5156376929325748
0.3486776784908386
0.48634804585251346
0.37990793392905464
0.45035653037277723
0.4138460149833017
0.4416012275476125
0.2645545626861625
0.3989078436682011
0.1705930138099104
0.45033396515931046
0.29154255799259854
0.42643740409784237
0.4479646177452836
0.48501669825796523
0.5155699972921737
0.5356530372777324
0.31519090170593006
0.5827692029966602
0.46466287571080395
0.4862577849986461
0.516653127538586
0.37981767307518693
0.5590757288563949
0.3827737160393534
0.5789331167072838
0.4151547973643829
0.6122393717844571
0.4345834461594004
0.571260944128531
0.4635571802509249
0.5600685982489391
0.484204350573156
0.563498510695911
0.52233956133225
0.5762252910912534
0.5593239462045309
0.5406625146673886
0.5481767307518726
0.5479736438306704
0.5462361223937178
0.5328098203809004
0.590915245058218
0.5416553840599325
0.6100956765050995
0.6170231970394433
0.5031139994584345
0.6220778048560335
0.5023919126274932
0.7665854318981854
0.5045581731203176
0.7433883924541923
0.5139678671360229
0.7401390017149561
0.5217077353551764
0.7809369076631463
0.4930047838252548
0.7914071667117969
0.4497924000361041
0.8230887264193515
0.44821283509341975
0.8865421066883291
0.48370791587688405
0.936546619731022
0.5110795198122571
1.0