1000000000
0.48802376485303295
0.6370231394621639
0.5093964978111319
0.6967479674796748
0.4920731707317073
0.7626016260162601
0.4592245153220763
0.8330831769856162
0.4362257661038149
0.9061913696060037
0.43101938711694837
0.9243902439024388
0.4638367729831145
0.8349593495934963
0.5168855534709194
0.7182614133833644
0.5852564102564102
0.6934333958724206
0.6060506566604127
0.7046904315196999
0.5807692307692309
0.6974358974358973
0.5763445903689803
0.6994371482176358
0.5855222013758599
0.6946841776110066
0.6071294559099438
0.6715447154471543
0.6330206378986868
0.6837398373983736
0.6518292682926828
0.7668542839274547
0.6681207004377737
0.8268292682926831
0.6667448405253285
0.8311444652908071
0.6514853033145714
0.867604752970607
0.6013914946841775
0.9406504065040653
0.4892276422764228
0.990368980612883
0.42295184490306426
1.0
0.3896654158849282
0.9857410881801126
0.33918073796122566
0.9715447154471545
0.34213570981863656
0.976110068792995
0.3982958098811756
0.9561601000625385
0.40361163227016883
0.8846153846153845
0.39932770481550967
0.8217636022514071
0.39196372732958107
0.8017510944340213
0.3947310819262039
0.8010631644777988
0.4469668542839273
0.7769856160100063
0.42212320200125086
0.6950594121325829
0.3733896185115696
0.5677923702313945
0.3242182614133834
0.4617260787992493
0.23822701688555337
0.4118824265165727
0.24394934333958712
0.46491557223264546
0.18785178236397743
0.5210131332082554
0.16791744840525324
0.4954346466541589
0.16622889305816108
0.4780487804878047
0.1530644152595373
0.5824265165728582
0.13735146966854272
0.6454659161976236
0.12620387742338962
0.5582238899312072
0.11063164477798614
0.464790494058787
0.10187617260787972
0.45884928080050014
0.09631019387116939
0.4863039399624768
0.07789243277048137
0.46353971232020014
0.09046278924327697
0.4146341463414634
0.047279549718574065
0.4362726704190122
0.0
0.5302689180737963
0.0357723577235772
0.6152595372107564
0.0759849906191369
0.6703564727954973
0.10798936835522203
0.7156973108192622
0.12221701063164467
0.7856785490931832
0.10676985616010008
0.849155722326454
0.11944965603502167
0.850969355847405
0.13195747342088793
0.8437773608505317
0.15437773608505312
0.8598499061913695
0.09545028142589099
0.8577235772357723
0.08553783614759217
0.8067542213883675
0.10001563477173224
0.7393996247654787
0.10752032520325205
0.6723577235772353
0.11246091307066906
0.56541588492808
0.11943402126328956
0.45222013758599106
0.09423076923076903
0.45703564727954954
0.10881801125703566
0.5337711069418382
0.11380550343964979
0.6085053158223886
0.20148530331457176
0.6560350218886805
0.21855847404627884
0.6500938086303943
0.21722951844903068
0.6153846153846153
0.19545028142589124
0.5747967479674791
0.2611944965603503
0.5423389618511572
0.3352720450281426
0.546841776110069
0.31515009380863035
0.5876172607879931
0.2858036272670419
0.6168855534709194
0.30892745465916216
0.6394621638524076
0.31638524077548463
0.6452157598499063
0.34868667917448387
0.6229518449030643
0.38155096935584754
0.6082551594746718
0.38109756097560965
0.6091307066916818
0.37217010631644754
0.6131957473420889
0.3665103189493432
0.626203877423389
0.382520325203252
0.6120075046904316
0.38148843026891793
0.5649155722326455
0.35010944340212624
0.563914946841776
0.331019387116948
0.613445903689806
0.3037054409005628
0.6849280800500314
0.2619136960600376
0.7126328955597249
0.22354596622889286
0.6243902439024391
0.23381801125703555
0.5056910569105689
0.29812382739212
0.49418386491557204