1000000000
0.650192080378251
0.796690307328605
0.6693508668242715
0.8116627265563433
0.6896670606776999
0.7932427107959028
0.7196118991331762
0.8142237982663519
0.7034574468085112
0.8473207249802999
0.6827964933018127
0.8231875492513799
0.7510096532702921
0.7204491725768319
0.8102836879432632
0.6261820330969273
0.8566046099290785
0.5489558707643813
0.9325502364066198
0.49862096138691936
0.9930063041765173
0.48689913317572964
0.9864804964539011
0.5320133963750987
0.8417553191489363
0.45212765957446865
0.6990494483845553
0.38967691095350715
0.605422576832152
0.4690701339637515
0.5174103624901504
0.563534278959811
0.4174546887312849
0.6118991331757294
0.43919917257683255
0.6079590228526405
0.3688435776201736
0.5278762805358556
0.35468380614657274
0.4797084318360918
0.40405831363278194
0.4884751773049647
0.4052895981087473
0.49044523246650906
0.3075994877856583
0.4553782505910171
0.3322744286840035
0.43735224586288385
0.4201142631993702
0.4381402679275024
0.4049448384554772
0.4381402679275024
0.356407604412924
0.4111505122143424
0.26521867612293176
0.32151300236406666
0.3168094956658791
0.1793735224586289
0.28469759653270305
0.04619779353821886
0.2623620961386922
0.0
0.2391893223010248
0.052994483845547995
0.1173167848699768
0.12726556343577664
0.17708333333333373
0.1658786446020491
0.23246650906225394
0.21513002364066178
0.176393814026793
0.33333333333333326
0.11241627265563499
0.49054373522458683
0.06259850275807771
0.6290386130811669
0.07015858944050464
0.6996650906225377
0.17767434988179692
0.7241922773837673
0.3079934988179672
0.8005319148936172
0.32693065405831373
0.8701733648542164
0.34015464933018136
0.875394011032309
0.3517779747832942
0.8557919621749417
0.31156422379826687
0.8632781717888109
0.3275709219858157
0.8958825847123727
0.35249211977935446
0.8623916469661159
0.3721187943262414
0.7284278959810877
0.33559889676910964
0.5701339637509854
0.338824862096139
0.4972419227738384
0.41065799842395595
0.5205870764381408
0.4749556737588656
0.5420606776989759
0.47089243498818023
0.5151694247438934
0.48404255319148937
0.5130023640661941
0.42479314420803826
0.6062844759653276
0.35497931442080427
0.7357171000788024
0.3220301418439718
0.8052600472813244
0.3499802994483848
0.7458628841607563
0.40831855791962235
0.6210598896769114
0.4465376280535857
0.5107368006304178
0.42932427107959065
0.3715524034672975
0.4170853033884949
0.23857368006304214
0.4415878644602051
0.2291174152876286
0.4714342001576048
0.390563435776202
0.5487588652482275
0.52807328605201
0.6517681245074867
0.6122931442080386
0.6985569345941685
0.685579196217494
0.6863918439716314
0.6796690307328604
0.6830920015760447
0.5818557919621753
0.7022015366430265
0.4451339637509854
0.6548955870764384
0.4258274231678488
0.6090179275019707
0.47340425531914915
0.661125886524823
0.56855791962175
0.6842740346729711
0.7139479905437358
0.7004284869976365
0.8411150512214336
0.7366036249014978
0.8968676122931446
0.7403713553979517
0.9181442080378255
0.7204984239558713
0.9498620961386915
0.7261130811662728
0.9655240346729709
0.764603033884949
0.954097714736013
0.8561859732072503
0.9504531126871553
0.9178240740740745
1.0
0.9164696611505126
0.9963553979511423
0.9010293538219079
0.9178486997635942
0.9457249802994487
0.9117415287628061
0.8961780929866044
0.9065208825847121
0.7937105988967692
0.8193459416863681
0.7721384948778571
0.8378644602048858
0.7948433806146573
0.9056343577620174
0.7607614263199375
0.8988376674546895