1000000000
1.0
0.2704767100866126
0.9955159244356546
0.24094660028643544
0.988184546136534
0.2142808429380071
0.9929584668894494
0.18127259087499148
0.9901623133055991
0.15999454409056812
0.970299393030076
0.14778694673668408
0.9570347132237605
0.12910045693241484
0.9564209234126714
0.10352588147036755
0.9412296255882153
0.08483939166609795
0.9167803314464978
0.06642569733342427
0.8969515106049241
0.058310032053467915
0.8715644820295982
0.049375980358725875
0.8665348155220625
0.03716838300484202
0.8823399031576077
0.028848121121189358
0.8875230171179157
0.02073245584123295
0.8930812248516675
0.014799154334037855
0.8957750801336699
0.010161631316920067
0.9220827934256293
0.007979267544158697
0.9208552138034511
0.008183864147854889
0.7944486121530384
0.01050262565641397
0.7138716497306145
0.011525608674895861
0.7059946804883039
0.013503375843960977
0.7404180590602196
0.01725431357839452
0.7383550433062811
0.016981518106799473
0.7743981449907934
0.019504876219054744
0.8174827797858557
0.015549341880924761
0.8063493146013776
0.010775421128009326
0.7966139262088249
0.004501125281320264
0.8029564209234126
0.0
0.7630771329195936
0.018550092068471583
0.7656686898997477
0.03655459319375295
0.7837072904589784
0.03444042828889037
0.791464911682466
0.015822137352519933
0.7645434085794178
0.028916319989088092
0.6427231807951989
0.024551592443565414
0.621803178067244
0.032121666780331355
0.5982916183591351
0.02230102980290525
0.5898008593057357
0.023665007160881105
0.6075837141103454
0.04357907658732855
0.5218236377276139
0.06458432790015685
0.5002898451885697
0.06997203846416124
0.47108368001091167
0.07590533997135634
0.4716463206710766
0.09009070449430537
0.416337038805156
0.10577644411102746
0.4456966514355862
0.08804473845734158
0.44697538020868854
0.06813066903089396
0.43928595785309954
0.05844642978926525
0.5740810202550639
0.08054286298847425
0.7210495805769624
0.07338198185910125
0.7621052990520357
0.08067926072427159
0.7349110004773921
0.038327763759121315
0.535361113005524
0.027006751687921954
0.46925936029461895
0.031166882629748316
0.7133090090704495
0.06608470299393017
0.8136124940325993
0.08054286298847425
0.8508320261883652
0.07154061242583347
0.8365784627975177
0.03294005319511705
0.80791788856305
0.04241969583304907
0.8006376594148537
0.08122485166746231
0.6637113823910521
0.09479642637932208
0.5495635272454474
0.16592784559776322
0.6988849485098548
0.21823637727613693
0.771806588010639
0.20909772897769882
0.6633021891836597
0.1838641478551456
0.5745072631794313
0.18379594898724683
0.4924299256632338
0.12214417240673786
0.4469071813407897
0.12132578599195247
0.43838232285344053
0.1248039282547909
0.4204630703130327
0.10529905203573592
0.4040271431494236
0.07290458978380958
0.397855145604583
0.02209643319920887
0.4082213735251995
0.06949464638887007
0.43376184955329744
0.031098683761849585
0.39979881333969847
0.03471322376048548
0.3926720316442748
0.04896678715133324
0.4187239991816136
0.02257382527450036
0.40007160881129367
0.041601309418263614
0.43454613653413343
0.023119416217690765
0.4505728704903497
0.017799904521584923
0.4347677828548045
0.031780672440837515
0.43348905408170213
0.016845120371001825
0.505984450658119
0.06847166337038779
0.6048387096774195
0.09275046034235804
0.4801029802905273
0.17963581804542034
0.35371342835708924
0.24258337311600633
0.399082725226761
0.2094387233171929
0.4747834685944213
0.10843619995908038
0.49553297415262915
0.10154811430130256
0.4584498397326603
0.2114164904862579
0.33753324694810066
0.20036827388665346