1000000000
0.0766686710763681
0.08839446782922444
0.08609655527875619
0.10703547805171375
0.09226011511038562
0.11742977407439235
0.08856627437505368
0.11931964607851564
0.08581736964178335
0.14552014431749868
0.08607507946052745
0.17721845202302192
0.08543080491366721
0.1792801305729749
0.08609655527875619
0.19156429859977664
0.0845073447298342
0.20152907825788166
0.07452108925350065
0.20264582080577273
0.06636027832660427
0.22025599175328567
0.06552272141568595
0.24740142599433046
0.0635469461386479
0.2619190791169144
0.07411304870715583
0.26380895112103775
0.10963405205738344
0.26681556567305226
0.18849325659307625
0.2585688514732412
0.3271840907138561
0.2519542994588095
0.4585731466368868
0.262348595481488
0.5755519285284768
0.258053431835753
0.6209518082638948
0.2500644274546861
0.6707327549179626
0.26501159694184345
0.6841336654926553
0.2726569882312517
0.6246671248174558
0.3248861781633881
0.5946439309337688
0.5251267073275494
0.5422214586375741
0.7492483463619967
0.5352847693497121
0.8460613349368612
0.5660381410531742
0.8013057297483036
0.6216175586289839
0.7004552873464482
0.5691736105145606
0.7026028691693156
0.521046301864101
0.6689287861867538
0.5342968817111933
0.5468602353749679
0.5499312773816682
0.5755519285284769
0.5608195172236062
0.5674770208744954
0.5021475818228673
0.6294132806459922
0.3618460613349369
0.7373077914268533
0.26297139421011956
0.6997680611631301
0.24982819345417054
0.5560518855768405
0.23870371961171713
0.46508031956017554
0.24392234344128527
0.4434326947856713
0.20618933081350388
0.4759041319474275
0.22792285886092262
0.46559573919766356
0.23131603814105312
0.522893222231767
0.2302207714113908
0.7276866248604071
0.25786014947169494
0.819946739970793
0.24443776307877338
0.7736448758697708
0.23277639378060314
0.5812215445408472
0.2579890043810669
0.614723820977579
0.2832660424362168
0.6445322566789797
0.2755991753285799
0.7074134524525387
0.24982819345417054
0.656558714887037
0.23876814706640323
0.5322566789794692
0.24177476161841774
0.5602611459496608
0.2544240185551071
0.5823382870887378
0.2721630444119921
0.5314835495232371
0.21215960828107563
0.4387080147753629
0.21273945537324984
0.44248775878360946
0.17612318529335974
0.5155055407611032
0.167919422730006
0.38312859719955333
0.1238080920883086
0.26544111330641695
0.1146379177046646
0.2949918391890729
0.1943561549695044
0.38269908083497955
0.2519757752770381
0.30830684649085127
0.26428141912206854
0.28279357443518605
0.28360965552787565
0.35555364659393546
0.2598144489305043
0.40554935143028964
0.2591701743836441
0.4379348853191308
0.26913495404174903
0.3880250837556913
0.18202903530624506
0.29739713083068475
0.040997336998539684
0.369813589897775
0.0
0.4799415857744181
0.04995275319989695
0.545485783008333
0.08714887037196124
0.5984881023967012
0.1429000944936003
0.6577613607078427
0.13261317756206506
0.706296709904647
0.11375740915728887
0.7636800962116659
0.10594021132205143
0.8915900695816512
0.11171720642556486
1.0
0.11536809552443952
0.9706210806631733
0.12378661627007993
0.7795722017008854
0.13214070956103438
0.6855940211322054
0.1377888497551756
0.7660853878532771
0.14429602267846406
0.791340950090198
0.14794691177733882
0.7481316038141049
0.1565587148870372
0.7113650030066149
0.15922171634739285
0.685937634223864
0.1500730177819775
0.655012455974573
0.1390344472124389
0.5269306760587579
0.1354479855682501
0.463190447556052
0.12518254445494378
0.41594364745296797
0.11538957134266804
0.3580448415084614