1000000000
0.35473311253177225
0.21235461757683108
0.35744820149426154
0.22514056843564642
0.35446352923053204
0.2278364014480474
0.37479781252406985
0.2455518755295387
0.40942001078333196
0.28136794269429255
0.43223831163829596
0.31002079642609565
0.4507817915735964
0.2525610413617804
0.47673881229299836
0.13841176923669413
0.5090502965416313
0.1615959331433413
0.5474659169683432
0.16352152815219897
0.5788338596626359
0.09473927443580077
0.6028460294230917
0.030347377339597973
0.6194061464992681
0.012939998459523979
0.6413771855503348
0.0
0.6406454594469693
0.020565354694600607
0.628937841793114
0.08341677578371715
0.6392975429407688
0.09204344142339987
0.6625587306477699
0.09081106061773092
0.6954286374489715
0.10413617807902652
0.7347685434799354
0.12138950935839175
0.7393514596010168
0.14272510205653524
0.7273742586459216
0.15443271971039046
0.7101016714164674
0.16560117076176528
0.6932719710390508
0.17846414542093508
0.6645998613571592
0.18316259724254796
0.6594200107833319
0.201417237926519
0.6406262034968804
0.21505045058923175
0.6135908495725179
0.23184163906647148
0.4763729492413154
0.2466302087344989
0.3178964800123237
0.30308865439420785
0.31229299853654763
0.3550797196333668
0.29604097666178836
0.39936840483709457
0.29220904259416136
0.41916352152815206
0.2838904721558962
0.4143110221058306
0.2622660402064237
0.4114611414927213
0.27857582993144886
0.40591542786721085
0.23459523992913806
0.41230840329661866
0.23706000154047596
0.4217053069398443
0.296195024262497
0.39721173842717405
0.27566818146807354
0.37433566972194415
0.28119463914349524
0.3717938843102518
0.2905337749364554
0.44157744743125626
0.2785180620811831
0.4345682815990137
0.28477624585997074
0.5139027959639525
0.3196680274204729
0.45960101671416453
0.3400793345143648
0.4458907802510973
0.3238080566895169
0.5508742201340213
0.30293460679349904
0.5246091042132015
0.2883963644766233
0.5548024339520914
0.33060540707078473
0.6325194485095891
0.36370638527304944
0.6820457521374106
0.35608102903797256
0.7454363398290069
0.35521451128398684
0.8047446661018248
0.3683470692443965
0.7915735962412382
0.34531695293845793
0.8357082338442575
0.3466456134945696
0.8632827543711006
0.3894130786412999
0.8721404914118458
0.3791304012939996
0.8689054917969654
0.41981822383116385
0.8822306092582607
0.4297542940768696
0.9120388199953781
0.38413694831703005
0.934837864900254
0.3867750134791648
0.9647230994377263
0.3821728414079951
0.9745051220827236
0.4147924208580452
0.9855965493337433
0.4416352152815221
0.9900639297542938
0.4116729569436954
0.9773550026958331
0.38908572748979425
0.9942232149734263
0.35296156512362314
1.0
0.3103096356774243
0.9948394053762605
0.31595162905337765
0.9815913117153203
0.30605407070784857
0.9804359547100057
0.3422937687745513
0.9751213124855572
0.34283293537703147
0.9519371485789104
0.3089232072710468
0.9440807209427714
0.3162597242547946
0.901101440345067
0.36470769467765535
0.8748363244242472
0.37868751444196247
0.8619733497650773
0.3707155511052913
0.8451821612878375
0.3551952553338981
0.8417160902718936
0.3390972810598475
0.8395594238619732
0.32382731263960546
0.8416390664715393
0.30380112454748504
0.8396364476623278
0.2869521682199799
0.8283139490102435
0.27890318108295453
0.8235384733882763
0.2714511283986751
0.8198413309712701
0.26436493876607847
0.8209966879765846
0.25246476161133785
0.8127551413386735
0.24555187552953855
0.8101363321266268
0.24222059616421468
0.7993530000770237
0.22774012169760438
0.7935762150504505