1000000000
0.3152216787630168
0.9588592615967181
0.3094233196591985
0.9892316188071951
0.3174108551593564
0.9966077627011678
0.31669099084884833
1.0
0.3269367308299149
0.9979883243925531
0.34415430735247726
0.9996055538024615
0.36025757336699277
0.9986588829283689
0.3689353897128433
0.99357052698012
0.3662137109498266
0.994043862417166
0.3556819974755444
0.993294414641843
0.34166929630798365
0.9865099400441782
0.3163754338908173
0.9752682234143263
0.2973335437046387
0.9695093089302621
0.29112101609340496
0.9278952350899338
0.25136083938150844
0.6736746607762699
0.22918310192489746
0.5489902177343009
0.16497712212054283
0.36486273272325664
0.12131192805301359
0.34553486904386255
0.11982289365730517
0.3275481224360998
0.15751222783212376
0.25575891448406435
0.19046820763647843
0.24506942253076688
0.2336995108867152
0.15446513095613765
0.25751420006311143
0.10176711896497322
0.19079362574944783
0.11407384032817926
0.1291712685389713
0.14227674345219313
0.1680735247712212
0.23209214263174513
0.20442174187440837
0.33409592931524146
0.18035066266961192
0.2529583464815401
0.17891093404859576
0.19730198800883564
0.19629615020511207
0.20661091827074798
0.1910302934679711
0.14582675923004107
0.20269603976017683
0.2332754812243611
0.22270432313032504
0.26100504891132853
0.25565044177974133
0.2589933733038814
0.25282029031240144
0.29496686651940685
0.23965564846954884
0.3366598295992428
0.25516724518775646
0.2868807194698645
0.28304473019880094
0.25181445250867796
0.2722664878510572
0.3330703692016409
0.24194343641527302
0.33042757967813197
0.2702153676238562
0.3438781950142002
0.3096797096875987
0.3372514988955508
0.3270550646891765
0.3450615336068162
0.3087527611233828
0.35050489113284944
0.3095416535184601
0.3472309876932787
0.31235208267592307
0.358038813505838
0.3028459293152415
0.34896655096244883
0.3092359577153677
0.33606816030293485
0.31878155569580324
0.3231697696434207
0.3286920164089619
0.3017118964973177
0.33901664562953615
0.27552066898075117
0.32344588198169777
0.25295834648153986
0.2886655885137268
0.22826601451562015
0.29020392868412753
0.2072025875670559
0.28591432628589464
0.17509466708740934
0.2998875828337016
0.15324234774376783
0.30945290312401397
0.1350583780372358
0.305902887346166
0.1114704954244241
0.286851136005049
0.09383875039444617
0.2589637898390661
0.075418112969391
0.240336068160303
0.062204165351846044
0.24551317450299787
0.04725465446513099
0.28296584095929317
0.03628905017355637
0.2988028557904703
0.025915115178289712
0.3233472704323132
0.01704007573366991
0.3073919217418745
0.013174502997791125
0.2592300410224046
0.01029504575575894
0.24711068160302943
0.006429473019880119
0.2594765698958663
0.0058378037235721
0.26481145471757667
0.004102240454402034
0.3116716629851689
0.0026822341432628924
0.33483551593562644
0.0037866834963711095
0.3688170558535816
0.000946670874092755
0.40457360366046086
0.0
0.38828297570211423
0.0026822341432628746
0.4059443041969075
0.004733354370463865
0.4234774376775009
0.004417797412432959
0.4151940675291891
0.002208898706216488
0.4157758756705585
0.003155569580309243
0.4311691385295046
0.0066266961186494285
0.44514239507731157
0.008677816345850436
0.4460003155569581
0.0064689176396339485
0.44498461659829597
0.004733354370463865
0.41505601136005066
0.00867781634585042
0.423142158409593
0.009782265698958672
0.46503234458819825
0.01199116440517516
0.48195408646260657
0.017750078889239438
0.5066661407384033
0.034632376143894
0.4898331492584413
0.05806248027769013
0.46119635531713493
0.0764436730829915