1000000000
0.2854110175538746
0.7117168545739978
0.2794526901669758
0.7277722277722278
0.2893713429427713
0.7464678178963888
0.28400171257314105
0.7619523333809048
0.28332381903810455
0.7795062080776364
0.2981482802911375
0.7970600827743682
0.28853289567575285
0.8110460967603822
0.26964107321250175
0.8196803196803198
0.2912801484230056
0.8274582560296843
0.3056943056943057
0.8366633366633366
0.3183780505209074
0.843228200371057
0.313971742543171
0.84572570286856
0.31650492364778054
0.8515769944341373
0.3250677893535034
0.8540744969316397
0.3325602968460111
0.8530041387184244
0.40967960610817755
0.8523619237904954
0.3629227914942202
0.8522192093620664
0.36415370343941755
0.8480804909376335
0.3566076780362493
0.8497217068645639
0.34531539888682733
0.852718709861567
0.3632082203510772
0.8572142143570715
0.3947837876409303
0.8615670044241471
0.4108391608391606
0.8697730840587979
0.42300556586270877
0.879905808477237
0.4043099757385471
0.8970315398886823
0.41934850863422296
0.9171542742971313
0.45600827743684885
0.9350649350649346
0.45520550877693705
0.955473098330241
0.424985728557157
0.9718139003853288
0.3816540602254886
0.9845868417296987
0.3950870558013413
0.9954331382902809
0.4032931354359925
1.0
0.39749536178107614
0.9967175681461393
0.3581418581418581
0.9924361352932779
0.3020550877693734
0.988654202939917
0.21949479092336222
0.9850863422291991
0.15837733694876546
0.9784501213072637
0.19525117739403458
0.9694591123162553
0.19992507492507483
0.9661766804623948
0.14542600256885968
0.9646068217496787
0.0967603824746682
0.9658912516055371
0.056068931068931
0.9660339660339659
0.04449122306265158
0.9661766804623946
0.07595975453118302
0.9628228913943198
0.11265520194091609
0.9426287997716567
0.14433780505209073
0.9313543599257877
0.124429142286285
0.9643213928928215
0.13511488511488523
0.9610389610389611
0.1570037105751391
0.9405594405594404
0.15653988868274576
0.8861138861138858
0.13602468959611802
0.869915798487227
0.14396317967746536
0.8468674182959897
0.16574496931639782
0.8445126302269159
0.15445269016697583
0.919294990723562
0.12683744826601956
0.812758669901527
0.14671043242471796
0.6504210075638641
0.2054374197231339
0.5786356500642215
0.16212359069501922
0.5961181675467384
0.1286213786213786
0.643356643356643
0.10416369344940775
0.5647923505066365
0.0585664335664335
0.4626088197516767
0.11852433281004696
0.33980305408876826
0.09938276009704583
0.41701155986870275
0.10332524618238892
0.4715284715284715
0.19054160125588687
0.41793920365348924
0.29070929070929036
0.48073355216212355
0.27440416726131006
0.41872413300984734
0.27392250606536317
0.43592122163550734
0.2998251748251746
0.5084915084915084
0.26680462394748106
0.6429285000713566
0.2531040388183245
0.7505351791066077
0.23419437705151988
0.8901812473241043
0.24677108605680056
0.7164977879263592
0.19526901669758803
0.6164549735978306
0.15304338518624228
0.6464963607820747
0.12073640645069203
0.6714713857570996
0.08537890680747813
0.7024404167261309
0.07676252319109453
0.7142857142857141
0.0746931639788783
0.586128157556729
0.042725132010846247
0.40466676180961886
0.010667903525046629
0.5323248180391038
0.0
0.6617668046239471
0.01585914085914071
0.553660625089196
0.023351648351648324
0.5386756101041815
0.015127729413443682
0.4982874268588555
0.009686741829598961
0.4495504495504494
0.0032645925503068324
0.4197231340088479
0.005815612958469964
0.4132296275153414
0.012844298558584257
0.23362351933780504
0.030879834451263116
0.1450692164977879