1000000000
0.1528845511063574
0.3745571228023265
0.1218664349221205
0.3622568353499566
0.11210642422621839
0.35668605298928197
0.12182186866323502
0.3487086926487957
0.11561601711344355
0.3581121732736145
0.1097444125052923
0.37749849588876283
0.12625621142233212
0.3852084586759366
0.1466007086035162
0.38191055551841696
0.1688392717873298
0.3727299061880251
0.17457717761882485
0.3616774739844465
0.16564164271230253
0.36461884707088243
0.1529068342358
0.36546560598970534
0.15534683690977563
0.364306883258685
0.1640149742629855
0.3583350045680414
0.16564164271230253
0.35445774004501174
0.17799763798827906
0.3539229449383873
0.19582414154243818
0.35677518550705256
0.20069300532566797
0.3729081712235666
0.19420861465784262
0.3975087461283062
0.19078815428838833
0.40129687813356485
0.193618111727611
0.39184883124986075
0.1680705038215567
0.3780332909953873
0.1409519352897922
0.3697439668427035
0.14447266974173856
0.37152661719811936
0.13601622211823422
0.39389887915858907
0.12921986763821114
0.41377543062147654
0.11662989950308618
0.4104329612050717
0.1170644205272189
0.3886400606101122
0.08926621654745187
0.3692537379949641
0.07034783965060058
0.3613209439133632
0.07746729950754284
0.3421128863337568
0.07430309512667964
0.3176014439467878
0.07933908238072955
0.29776945874278554
0.07008044209728816
0.28234953316843814
0.05359092630969092
0.2869398578336343
0.03196514918555167
0.31020344497181196
0.020166232145642515
0.3510707043697215
0.018049334848586198
0.3853867237114781
0.023987788845065378
0.4021882033112732
0.034772823495331694
0.3908683735543821
0.0527441673908684
0.3435390066180895
0.061846825768210906
0.291619315016601
0.10954386434030801
0.37977137509191805
0.09978385364440584
0.45076542549635684
0.1335985025737014
0.49805022617376393
0.1445060944359026
0.5156538984334958
0.10700358758384033
0.5277313545914387
0.08014127504066668
0.5064286828442187
0.0924972703166433
0.48441295095483206
0.09531608619114479
0.4723800610557748
0.0999064108563407
0.47576709673106504
0.10123225705818135
0.46533859215188184
0.0817568019252623
0.44260980012032886
0.06718363526973725
0.4046839138088551
0.06676025581032598
0.36350469059874785
0.07813579339082381
0.34059763353165323
0.07990730218151837
0.32615816565278444
0.06173541012099741
0.2764667869955658
0.026360942130712852
0.20930543485527112
0.024823406199166627
0.1332753971967822
0.020634177863939233
0.17507854803128559
0.012857365688437311
0.31198609532722776
0.0002896806827550858
0.14570938342580841
0.0
0.08924393341800926
0.055362435100385604
0.13568197517659392
0.10912048488089673
0.18434832987944824
0.12302515765314084
0.34402923546582875
0.11115939122490368
0.4945294917218173
0.11082514428326319
0.6565724090291242
0.10428504579183111
0.7673641286182233
0.10958843059919332
0.8649642355772442
0.10268066047195666
0.9077032778483408
0.12155447110992264
0.9205383604073357
0.1393698330993604
0.9307440336920918
0.15963633932749516
0.9558348374445708
0.18727856140116317
0.9618512823940994
0.24870200770996279
0.9723689194910533
0.3015910154422087
0.9745080999175525
0.32980145731666566
0.9693829801457317
0.3314838335895892
0.9761570514963122
0.33751142010383955
0.9907302181518366
0.3433607415825479
0.9841789780956834
0.3343360741582549
1.0
0.30993604741849945
0.9856496646389022
0.29060543262695826
0.9897943267152439
0.2801657864830536
0.9912650132584617
0.27049490830492234
0.9848029057200797
0.2590302382066537
0.9676003297903157
0.2608685963856764
0.9680014261202844
0.25595516634356136
0.9569489939167057