1000000000
0.9967924603017463
1.0
0.9947134993862117
1.0
0.9945650021779591
1.0
0.9948421969666972
1.0
0.9953866867302896
1.0
0.9950302934304837
1.0
0.9924860412624245
1.0
0.9840711994614503
1.0
0.9880509246426169
1.0
0.9885855145923258
1.0
0.99043677978854
1.0
0.991466360432424
1.0
0.9912386647131034
1.0
0.9792202906585358
1.0
0.7965984239496297
1.0
0.6514275531620006
1.0
0.5755553795588643
1.0
0.503930226111749
1.0
0.43539381459628557
1.0
0.40623886270938125
1.0
0.43716588128143175
1.0
0.45407476339444813
1.0
0.42524650536569913
1.0
0.39740822872529985
1.0
0.3728764899219895
1.0
0.3358511859977032
1.0
0.30099394131390333
1.0
0.23525917712746994
1.0
0.2240723874391161
1.0
0.23636795628242183
1.0
0.23712034213756789
1.0
0.23600166316873245
1.0
0.23011127390805056
1.0
0.24106046806320042
1.0
0.24005068704708346
1.0
0.20585672989347797
1.0
0.18207737694531334
1.0
0.18154278699560447
1.0
0.17209836455074637
0.9900605868609672
0.16479230190472405
0.9423830831980358
0.18995762879657863
0.8978735199778245
0.19569952084900796
0.8743119629350969
0.20694570942066287
0.8727675919692711
0.21454876648319007
0.816021858789055
0.2257058567298935
0.7326654258899931
0.22163703322377543
0.6703361976794834
0.28346137092622653
0.6405575575179183
0.3075476181047796
0.6479626183027757
0.3044984754286619
0.6502989743792817
0.31306181443788855
0.677424464420069
0.3546113333069339
0.6599215934740424
0.3797964598265553
0.567774125846434
0.3737575733576208
0.5035441333702927
0.3915871381618026
0.4445808418801725
0.39769532332792146
0.3795588642933509
0.4016948481368551
0.3455827030451827
0.40886231338850815
0.40189284441452505
0.41818793806676435
0.4453332277353186
0.43771037104502436
0.4370569833287131
0.43739357700075254
0.3495822278541164
0.4343246346968677
0.29976636439234944
0.43381974418880925
0.26709697857680276
0.4409674098126955
0.17768185958103974
0.4533718766087196
0.13780540925830592
0.43610660119589767
0.15423910030491428
0.441294103670851
0.18888844889716072
0.4182671365778323
0.20833168336435265
0.41136696630103353
0.22456737813329097
0.42865204134162266
0.2158951411713461
0.4095454005464699
0.18564130994337313
0.4248307131825922
0.12204490555577562
0.4672910149289193
0.09729537084702787
0.5031382410010693
0.1594266027798677
0.5061180849800024
0.19756068585910583
0.5132459509761217
0.14022096384587973
0.5700609828535224
0.011325387082722833
0.6074624797053817
0.0
0.5817031639805171
0.13899338692432586
0.5869005662693543
0.22896289549756446
0.7046885518552249
0.1524967330614184
0.7499109016750485
0.1382014018136458
0.7757593157248645
0.22187462875697933
0.8285352235377975
0.3273670454995447
0.8757078366926703
0.439670534193957
0.8979131192333585
0.5012869758048547
0.9755276600799905
0.745653981705144
0.999683205955728
0.9857442680077616
0.999920801488932
1.0
1.0
1.0
1.0
1.0