1000000000
0.9990896268752404
1.0
0.9704449288370304
0.9845108347224005
0.8664700602641368
0.8776253365816131
0.9421464290293629
0.9249134504423643
0.9634055648160019
0.9273753045262214
0.9616361071932301
0.9121938710091042
0.9603667136812414
0.9026028978074115
0.9632004103090138
0.9103474804462108
0.9094242851647648
0.6648288242082319
0.8614694191563023
0.4780356455955892
0.8317733042697781
0.3480702654186434
0.77036799589691
0.15060905244262104
0.7511860494935249
0.29144762148993447
0.7199256314912168
0.33724836517502205
0.6479548660084624
0.22128478010001276
0.6440441082190026
0.16948326708552416
0.6725349403769714
0.38428003590203885
0.6295422490062833
0.35853314527503544
0.519028080523144
0.25610975766123834
0.5111937427875368
0.20892422105398142
0.5153481215540454
0.43556866264905764
0.4995255802025901
0.3977689447365044
0.4549685857161173
0.35776381587383016
0.3593665854596743
0.205077574047955
0.3829080651365561
0.2781638671624566
0.45585331452750355
0.42802923451724606
0.4082959353763302
0.43244005641748967
0.3574176176432878
0.3325298115142967
0.31747659956404667
0.4584433901782282
0.23450442364405705
0.42705475060905274
0.2804718553660726
0.35889216566226456
0.29233235030132093
0.466649570457751
0.26391845108347234
0.5207077830491093
0.23238876779074252
0.4700859084498013
0.21941274522374676
0.4224900628285678
0.1288883190152585
0.5391204000512889
0.11981023208103626
0.5162456725221178
0.16745736632901653
0.44187716373894076
0.16261059110142317
0.5558917809975635
0.10869342223361976
0.6197461212976023
0.05753301705346851
0.5384536479035772
0.0
0.509834594178741
0.12718297217591995
0.5458904987818954
0.09496089242210558
0.5962046416207208
0.19683292729837173
0.5685600718040774
0.1830106423900502
0.6025644313373506
0.1804846775227595
0.6377997179125525
0.1833696627772793
0.6749839723041419
0.20750096166175164
0.7817156045646878
0.21693806898320311
0.8538274137709965
0.21010385946916285
0.7713553019617898
0.2668931914347994
0.7576099499935887
0.25790485959738435
0.7666367483010641
0.2534171047570204
0.6851391204000516
0.23829978202333643
0.662674701884857
0.24894217207334282
0.6587254776253366
0.26317476599564055
0.667085523785101
0.2596486729067832
0.6761636107193232
0.2342095140402615
0.6663161943838958
0.2090909090909094
0.6838569047313758
0.2679958969098603
0.6730862931145022
0.3208360046159766
0.6782151557892039
0.35652006667521474
0.6496473906911139
0.3620977048339532
0.6814463392742659
0.38213873573535084
0.6992947813822288
0.4155148095909733
0.688934478779331
0.41606616232850374
0.7445313501730993
0.4223361969483268
0.7299140915501983
0.4360559046031543
0.7158097191947685
0.46098217720220547
0.7662264392870886
0.4858571611745098
0.7785357097063731
0.46358507500961665
0.8267470188485704
0.46976535453263224
0.8868572893960766
0.49434542890114136
0.896653417104757
0.5464162072060522
0.8918322861905376
0.6014360815489164
0.8922938838312607
0.6257597127836902
0.894242851647647
0.6700859084498014
0.8922938838312607
0.7202590075650724
0.8880369278112578
0.8145659699961534
0.8887036799589693
0.9271701500192335
0.8888062572124633
0.9582382356712398
0.9023464546736764
0.8416463649185791
0.8041800230798821
0.2628029234517243
0.2903705603282469
0.5737658674188998
0.5894858315168608
0.8307090652647777
0.8578279266572635
0.8049878189511476
0.951327093217079
0.937440697525324
0.9901012950378255
1.0
1.0
1.0
1.0