1000000000
0.5725055432372503
0.6043237250554323
0.5653270509977826
0.6077605321507761
0.5623059866962304
0.6094235033259423
0.5562638580931262
0.6159645232815958
0.5482261640798225
0.641685144124168
0.5405764966740575
0.6768292682926829
0.5293791574279377
0.7228381374722836
0.5212305986696227
0.7487804878048778
0.5149667405764964
0.7709534368070953
0.5050443458980043
0.7682926829268293
0.5000277161862526
0.729490022172949
0.4670454545454545
0.6868070953436803
0.43993902439024385
0.6613082039911305
0.431042128603104
0.6319290465631923
0.438109756097561
0.6069844789356981
0.43980044345897984
0.591130820399113
0.43888580931263854
0.5997782705099776
0.43467294900221715
0.6269401330376939
0.426441241685144
0.628270509977827
0.42328159645232805
0.6097560975609754
0.42710643015521055
0.5864745011086474
0.43156873614190683
0.5658536585365854
0.43666851441241683
0.5511086474501109
0.45002771618625276
0.5557649667405763
0.46258314855875826
0.5451219512195122
0.485282705099778
0.5300443458980041
0.5365853658536583
0.5185144124168515
0.5420177383592014
0.5125277161862525
0.5495565410199557
0.5161862527716181
0.6287971175166297
0.5162971175166292
0.574944567627494
0.5352549889135252
0.33802660753880254
0.5677383592017733
0.3292960088691795
0.5640798226164078
0.2851718403547672
0.5582039911308202
0.2360587583148557
0.5315964523281591
0.23589246119733917
0.4863636363636363
0.2343957871396896
0.4799334811529929
0.19404101995565418
0.48569844789356975
0.2532982261640798
0.4960088691796004
0.14858647450110868
0.5022172949002214
0.04703436807095348
0.5008869179600886
0.07585920177383593
0.5031042128603102
0.10091463414634144
0.5198447893569845
0.08084811529933471
0.5230598669623054
0.0
0.5249445676274943
0.00013858093126385793
0.525609756097561
0.08392461197339236
0.5280487804878048
0.12475055432372491
0.5273835920177382
0.08689024390243902
0.520842572062084
0.06956762749445668
0.48880266075387996
0.053131929046563026
0.4437915742793787
0.036335920177383546
0.4608647450110862
0.07949002217294901
0.6059866962305986
0.15451773835920168
0.46984478935698404
0.08237250554323715
0.31940133037693985
0.15640243902439016
0.5671840354767185
0.19620288248337014
0.7289356984478936
0.1509977827050997
0.57549889135255
0.18350886917960085
0.35909090909090874
0.20989467849223953
0.12572062084257202
0.23658536585365836
0.2362527716186249
0.23046008869179604
0.43314855875831476
0.22827050997782708
0.5451219512195122
0.2035753880266075
0.5647450110864741
0.1420177383592016
0.3547671840354766
0.16945676274944568
0.28292682926829277
0.22439024390243895
0.1526607538802662
0.328991130820399
0.1541019955654102
0.31385809312638585
0.22106430155210657
0.32524944567627484
0.2582039911308205
0.3461751662971175
0.3064301552106429
0.4267461197339245
0.17039911308203962
0.45800997782705094
0.3227272727272724
0.46460643015521036
0.46640798226164076
0.5127771618625278
0.7446784922394677
0.5855044345898001
0.7524390243902439
0.6199833702882481
0.7618625277161862
0.6296563192904656
0.7725055432372503
0.681291574279379
0.7762749445676275
0.6642738359201771
0.778492239467849
0.623281596452328
0.7811529933481153
0.6687915742793789
0.79079822616408
0.7230044345898005
0.7961197339246117
0.6871396895787136
0.8032150776053214
0.6198170731707316
0.8649667405764967
0.614052106430155
0.9382483370288249
0.6240022172949
0.9789356984478936
0.6428769401330374
0.9686252771618625
0.6862250554323723
0.9600886917960085
0.727161862527716
1.0