1000000000
0.9981769382691041
1.0
0.9683116422747763
0.9833898820073937
0.870144832126399
0.8793234415354234
0.9528409378639794
0.9385223071859019
0.9753127057274523
0.9414088215931534
0.9733377221856485
0.9274826555932547
0.9727426950929255
0.9199372056514914
0.9719197852838406
0.9197852838405834
0.9733757026383757
0.925102547222363
0.9420291689876946
0.8422038790702386
0.8622195776573655
0.5252949815161797
0.846432369473844
0.49435357269458663
0.763103256190814
0.3569656150301312
0.7225148123765636
0.41793690180786935
0.7042841950676053
0.45338532435306644
0.6720514508532941
0.42208943130602117
0.6108269610573758
0.3974780979389274
0.6556059148225046
0.5022028662581659
0.632361877753583
0.4652858662075253
0.5352331999797435
0.39975692510254723
0.4871752671291841
0.49805033676001426
0.5095330936344762
0.5258013875525397
0.5241935483870966
0.5348660556033829
0.4321669114295842
0.5246366536689112
0.34579936192839406
0.5971033574720209
0.3783359497645214
0.6615182052970071
0.4113916037879171
0.6131057882209953
0.3944649820225855
0.610117992606472
0.40641616448068063
0.6895224591077121
0.31898516230313434
0.6523016154352559
0.2981212336051045
0.706385780118499
0.3240618828176431
0.7650782397326171
0.3113764116068263
0.7082594824530312
0.28008051855978133
0.6817744467514054
0.28781587076517945
0.7790550463361523
0.26095103053628393
0.7664961766344255
0.16517698890970775
0.7118043247075507
0.21699498658023983
0.7942978680305868
0.19925811515673247
0.8032612548741582
0.15446650124069475
0.7141337924748068
0.12314528789183156
0.7391502506709883
0.11538461538461518
0.8286321972957914
0.05348913759052003
0.7991593659796427
0.0
0.7972856636451107
0.06014837696865341
0.8408365827720666
0.03743606623790952
0.8947181850407656
0.22866764571833675
0.9113283030333722
0.3401529346229806
0.9074796171570366
0.2505190661872689
0.9051501493897808
0.2344913151364764
0.9040866967134249
0.2547475565908745
0.9057071960297768
0.24151769889097074
0.906213602066136
0.21014584493847166
0.9050995087861449
0.24354332303641055
0.8955790753025779
0.2703701828125791
0.8760318022990832
0.2543804122145136
0.8468121740011135
0.2289588291892439
0.8444320656302227
0.25532992353268846
0.8540031397174256
0.2792829290525144
0.8385577556084466
0.2817769787815868
0.8549653111865093
0.23180736314376865
0.8407353015647945
0.28742340608700045
0.808629158859574
0.32853091608851964
0.8123259229250013
0.33851977515571974
0.8493948447865501
0.35848483313921087
0.8441788626120427
0.3581809895173949
0.8424064414847826
0.40270674026434394
0.8675748214918723
0.40065579581708594
0.8884893907935384
0.3636501747100826
0.8921355142553302
0.42293766141692424
0.8929964045171421
0.4298121233605106
0.8935534511571377
0.47390742897655336
0.8923380766698742
0.4432825239276852
0.8943637008153138
0.49135311692915373
0.8921861548589657
0.4924925305109636
0.8898060464880743
0.5343976300197495
0.8939079353825898
0.5866587329720968
0.8933002481389577
0.6054337367701424
0.8905656555426141
0.7025624145439815
0.8937560135716821
0.84939484478655
0.8920342330480581
0.9414341418949717
0.8941104977971338
0.9536258672203372
0.9028713222261608
0.8407226414138856
0.8028054894414336
0.27206664303438455
0.299336608092368
0.577024358130348
0.594470046082949
0.8598774497392009
0.863827416822808
0.8659796424773385
0.9616650630475517
0.8538005773028816
0.9723502304147468
0.9987339849091003
1.0
1.0
1.0