1000000000
0.8856690197336754
0.014278838440558246
0.8674795443606609
0.0
0.8509345419541152
0.034814695973046664
0.8732753088400448
0.07099310123536015
0.8147962457885448
0.10492539708005766
0.9090526231349266
0.13941922027915934
1.0
0.14808278517567783
0.9482191561046043
0.1455158029841168
0.9467551740734798
0.12987325525429164
0.8876744745708326
0.12995347344777794
0.9425637734638217
0.1533771859457725
0.9043398042676075
0.17415369805871966
0.9268811166372533
0.1958928284935023
0.8309000481309161
0.2184341408631478
0.7590646558639498
0.2465907267768329
0.8244424835552703
0.23367559762554135
0.8294761751965342
0.2782769132039146
0.8134726455960211
0.3597785977859776
0.8152374458527193
0.43157388095620086
0.8149366276271458
0.5052141825766082
0.8225373014599708
0.5541472806032406
0.7788183860099469
0.5915289587678486
0.7474129632600672
0.6317182737044759
0.7676480025669821
0.6237766725493339
0.8515963420503769
0.6005936146317986
0.9208848066741535
0.6017166693406062
0.9746309963099631
0.6021979785015241
0.9204636611583508
0.5916091769613347
0.8483876143109255
0.550216589122413
0.9689956682175515
0.51251403818386
0.9725252687309479
0.4512273383603398
0.8293357933579335
0.3888175838280122
0.8744184180972244
0.3394031766404619
0.9313131718273703
0.30651371731108606
0.8894994384726455
0.272420985079416
0.8661559441681375
0.24626985400288792
0.925537461896358
0.21001123054708812
0.8204315738809561
0.2595860741216108
0.6741336435103481
0.3440558318626665
0.7297047970479703
0.2737846943686828
0.7862185143590565
0.4131236964543558
0.8443566500882399
0.37774747312690504
0.9026953313011391
0.47577410556714256
0.8499919781806514
0.5312048772661636
0.8129111182416171
0.44946253810364184
0.815819027755495
0.5699502647200383
0.8101836996630836
0.4537141023584148
0.7821674955879991
0.2214022140221401
0.7085271939675918
0.3081180811808118
0.7126985400288784
0.31317182737044746
0.6939675918498316
0.4010107492379271
0.6613588961976575
0.2672068025028076
0.6035015241456761
0.28557676881116634
0.6284894914166533
0.19862024707203593
0.6033611423070753
0.19051820952992138
0.6119244344617358
0.268490293598588
0.5459449703192684
0.2692122573399646
0.5477899887694528
0.26600352960051343
0.5780523022621532
0.25020054548371573
0.6058077972084069
0.22509225092250912
0.591589122412963
0.23519974330178073
0.6009545965024866
0.2781164768169422
0.651391785656987
0.3448580137975291
0.6756778437349589
0.40606449542756295
0.6730306433499117
0.4270014439274826
0.6063893791111823
0.39699983956361307
0.4790028878549653
0.3443767046366115
0.41434702390502154
0.3739772180330499
0.35638937911118235
0.4643029038986042
0.32051179207444247
0.5852719396759183
0.3631477619124017
0.6918819188191881
0.2956240975453233
0.675116316380555
0.20702310283972403
0.5673030643349908
0.2489772180330498
0.462858976415851
0.21887534092732236
0.34493823199101536
0.2264960693085192
0.32271779239531495
0.28004171346061274
0.34437670463661163
0.28864511471201665
0.4016524947858173
0.27532889459329374
0.448660356168779
0.25986683779881276
0.45355366597144225
0.2530884004492219
0.41665329696775216
0.22924354243542422
0.3949141665329697
0.22958446975774108
0.47088079576447933
0.2560163645114712
0.8408471041232147
0.29089122412963264
0.9758543237606288
0.28178645916893946
0.6902775549494626
0.30039708005775706
0.47577410556714256
0.3533009786619605
0.426520134766565
0.39902534894914143
0.3848066741536981
0.46019172148243204
0.3809562008663563