1000000000
0.3445626477541372
0.30148410822169713
0.36276924087207785
0.28138954557394263
0.38063107433674814
0.2666141318623586
0.37470449172576836
0.2771210927239294
0.3660034147622801
0.30056474914630943
0.35498752298397696
0.32348305752561085
0.3452357499343315
0.2987260309955347
0.34321644339374846
0.274100341476228
0.34132847386393494
0.2608353033884948
0.3447596532702917
0.2358812713422642
0.3522786971368532
0.20967953769372194
0.354347255056475
0.20843183609141067
0.36769437877593913
0.20482006829524557
0.37981021801943793
0.20731547149986865
0.3962273443656424
0.2134883110060416
0.4197695035460993
0.22629366955608088
0.44211321250328345
0.24481218807459937
0.45969595482006825
0.26201733648542164
0.46705082742316784
0.2862490149724194
0.46668965064355145
0.31737588652482257
0.48149789860782777
0.3249277646440767
0.5029879169950092
0.35421591804570535
0.5002462568951931
0.3798923036511687
0.49464801681113746
0.4026136065143159
0.5053355660625166
0.44674284213291304
0.4895915418965065
0.49881796690307323
0.4833366167586027
0.5158917783031262
0.490839243498818
0.5414368268978198
0.46578670869451033
0.5707906488048331
0.45552600472813237
0.6266745468873129
0.46107499343314967
0.671329130548989
0.5018058838980828
0.7159837142106646
0.5193557919621749
0.7672708169162072
0.49881796690307345
0.7980036774363013
0.4948942737063306
0.839637509850276
0.5179603362227476
0.8877725242973473
0.5436531389545574
0.9406356711321255
0.5099323614394535
0.9729445757814552
0.4710237719989493
0.9935644864722877
0.5072071184659838
1.0
0.5520915418965067
0.9969135802469136
0.5160066981875492
0.9770160231153139
0.44654583661675884
0.9745206199106906
0.4181770422905176
0.9647360126083535
0.44930391384292107
0.9327554504859472
0.518140924612556
0.8959810874704492
0.5420278434462834
0.9354478592067242
0.5211288416075649
0.8924349881796689
0.4925958760178619
0.7940635671132131
0.5016088783819282
0.7423167848699763
0.5197169687417915
0.7170344102968217
0.4978657735749935
0.7683215130023641
0.5125426845285
0.7591279222484901
0.5799678224323613
0.6734961912266878
0.5915418965064354
0.4790517467822431
0.554209351195167
0.47248489624376155
0.5189617809298662
0.6077620173364853
0.5311104544260573
0.6956264775413712
0.5365773574993435
0.6725111636459152
0.5482663514578408
0.5696742842132915
0.5405667192014711
0.35375623850801163
0.540550302075125
0.26858418702390335
0.5066325190438667
0.30397951142631957
0.5015924612555819
0.43465983714210665
0.47532505910165496
0.578736537956396
0.44204754399789886
0.6594431310743368
0.4134324927764643
0.6296952981350146
0.3927469135802471
0.5503020751247699
0.3779058313632782
0.4771473601260836
0.3790386130811663
0.42067244549514066
0.3471237194641452
0.300761754662464
0.20596926713948
0.2718019437877593
0.15217034410296826
0.3580246913580249
0.18195101129498292
0.474586288416076
0.09205082742316788
0.42743630154977674
0.06506107171000788
0.2614919884423431
0.0887181507748884
0.3117283950617286
0.06561925400577888
0.2498686629892303
0.06745797215655377
0.13337273443656422
0.04235618597320727
0.012608353033884937
0.0
0.007354872603099546
0.014414236931967415
0.016220120830049953
0.03442671394799057
0.020094562647754177
0.065553585500394
0.07138166535329667
0.0947760703966378
0.21263462043603873
0.10502035723666932
0.3091016548463357
0.1047576832151301
0.32138166535329643
0.10444575781455222
0.3303782505910164
0.10557853953244026
0.3452850013133702
0.10823811400052542
0.364460204885737