1000000000
0.0
0.0
0.0006650741082577767
0.00010858352787882068
0.0007600846951517451
0.0011944188066670281
0.20671589119930503
0.19561322547369564
0.7219311580433246
0.6492752049514084
0.6098865302133665
0.5691948531407786
0.5701992507736575
0.5264129431565231
0.5779901188989629
0.618220315978066
0.5458629675878168
0.602855746783213
0.570348553124491
0.5813562082632062
0.5503827569357728
0.5672403496389596
0.555988381562517
0.43677724089255654
0.6047966773440469
0.38558010749769256
0.6451761767739833
0.4039307237092133
0.637751778055269
0.4224442152125523
0.6392040827406483
0.35772843259677506
0.6447011238395135
0.26934144090341494
0.6033715185406373
0.19827352190672667
0.5657608990716106
0.2250936532927954
0.5347603018622075
0.33894348227373905
0.5799039035778272
0.3228731201476734
0.6514740213909548
0.2845974265703892
0.6212199359357184
0.23019707910309994
0.5839350670503285
0.18502633150551048
0.5832971388240403
0.1538085672403496
0.5711629295835821
0.1468592214561051
0.5574271133069113
0.2557142081546229
0.4487892936641511
0.8225745154460067
0.33810195993267816
1.0
0.36940116184374827
0.8324556164829795
0.43429339269232853
0.6596992236277756
0.4997692600032574
0.6289157934741298
0.5118763233617459
0.7895108312069058
0.4932949671534827
0.7273467614962809
0.5127449915847766
0.3507247950485911
0.4737499321352949
0.2380150931103751
0.41686573646777775
0.30821434388403274
0.4060616754438351
0.24626744122916555
0.4736684944893859
0.23443183669037398
0.5312856289700851
0.34621857864162
0.5682990390357782
0.36000868668223013
0.6018513491503338
0.3091915956349421
0.5864460611325261
0.23996959661219394
0.5448857158369075
0.1985992724903631
0.5360361583147835
0.24219555893370973
0.5224089255659915
0.21374667462945868
0.5402980617840272
0.24062109777946677
0.5326429230685703
0.3302025082794939
0.5427683370432704
0.44616971605407446
0.5315842336717519
0.5369455453607688
0.5159617785981865
0.6176773983386719
0.5023481187903794
0.717737119279005
0.506067104620229
0.7757750149302348
0.4918969542320429
0.775232097290841
0.4744150062435527
0.8063955697920624
0.47250122156468866
0.8246376024757044
0.521716705575764
0.834790162332374
0.5428769205711492
0.8601444160920787
0.5655980237797925
0.8731201476735979
0.5908572669526031
0.9016233237417877
0.5828763776535099
0.9188338129105812
0.5855773929094955
0.9193767305499755
0.602109235029046
0.9327867962430096
0.5894456810901786
0.9424507302242244
0.5617976003040339
0.9842010966936314
0.5656930343666864
0.949237200716651
0.5177398338672023
0.7232748792008249
0.4834545849394645
0.5231554373201586
0.49082469189423944
0.41071719420163955
0.4536484065367282
0.30625984038221393
0.44649546663771095
0.2582659210597752
0.4827352190672674
0.18562354090884414
0.46952874748900575
0.12335088767034039
0.4522639665562734
0.10109126445518214
0.4787312014767359
0.11384982898094358
0.48855801074976907
0.11146099136760945
0.46853792279711154
0.10076551387154567
0.4176529670448992
0.08344644117487375
0.4099299636245181
0.06650741082577771
0.420516857592703
0.0574949780118356
0.43068299039035773
0.057766436831532625
0.42038112818285467
0.05901514740213909
0.3748303382376893
0.06362994733698898
0.3613795537217004
0.09794234214669632
0.3696319018404908
0.16401541886095874
0.34529561865465
0.10033117976003038
0.0897035669688908
0.019707910310005964
0.0
5.429176393941034e-05
0.0
0.0
0.0
0.0