1000000000
0.5040842295378047
0.5336179295624333
0.4586240866923897
0.4883835481487561
0.4353706592233805
0.4551350463837121
0.4219686396847549
0.422050734750841
0.44990148592069606
0.43124538215253244
0.506608652819965
0.47138986946884465
0.5902635251621376
0.48575650603398723
0.6414087513340446
0.4223791150151874
0.6670018881865198
0.33511205976520786
0.7529759461456363
0.24702405385436305
0.8585296773663899
0.24176996962482572
0.8677858960676459
0.31491667350792163
0.85249569000903
0.37936130038584664
0.879546014284541
0.3974222149248824
0.8884943764879729
0.4624415072654131
0.8478367950086195
0.6000328380264339
0.8682168951646002
0.6452672194401118
0.8251785567687379
0.4660536901732206
0.8188572366800752
0.3212379935965848
0.7382604055496261
0.340530334126919
0.7409284951974383
0.384697479681471
0.7653312535916589
0.37377883589196276
0.711107462441507
0.3441425170347259
0.6299770133814956
0.2965273787045392
0.5881495772104093
0.23782940645267206
0.5366143994745913
0.16517527296609424
0.43356456776947727
0.1101715786881207
0.4116041375913306
0.09982760036121817
0.4029841556522451
0.135374763976685
0.3779656842623758
0.21911173138494366
0.39731959609227485
0.33207454232000616
0.39307117642229683
0.41794598144651474
0.3353583449634677
0.4171250307856496
0.24823495607913965
0.36138248091289715
0.166160413759133
0.2751826615220419
0.029431081192020325
0.2252688613414328
0.033371644364173676
0.2738691404646582
0.02167309744684327
0.32920121500697785
0.035649782448074825
0.335440440029554
0.006772842952138419
0.2844594039898199
0.005561940727362129
0.14391265084968347
0.009871931696905005
0.06493719727444358
0.050324275511041724
0.04490600114933072
0.03411049995895243
0.01215006978080586
0.013504638371233724
0.0
0.0639931040144488
0.008045316476479903
0.1342870043510385
0.06321320088662664
0.14493883917576536
0.4611279862080285
0.1331787209588702
0.8949183154092437
0.1537435350135455
1.0
0.1723380674821441
0.9341597569986042
0.21256464986454304
0.8232493227157047
0.2444791068056807
0.8292422625400206
0.2691486741646825
0.6857400870207698
0.27694770544290287
0.6488794023479187
0.26549544372383216
0.753550611608242
0.24671619735653857
0.8785813972580243
0.28489040308677444
0.8699614153189389
0.29149905590673963
0.6279451604958537
0.3060914539036202
0.2950496675149823
0.31820047615138336
0.07897545357524004
0.3160660044331333
0.02503899515639107
0.28218126590591874
0.0633773910187994
0.17785896067646328
0.12938182415236843
0.10278302274033319
0.1925129299729087
0.0763894589935144
0.38937689844840323
0.11411214186027406
0.45168705360807804
0.20326738363024388
0.4907643050652654
0.3018225104671207
0.5775387899187252
0.3706181758476314
0.6895164600607504
0.39586240866923883
0.78006731795419
0.39668335933010396
0.832608160249568
0.37275264756588117
0.9133076102126257
0.3450045152286348
0.8867088088005909
0.3644610458911418
0.8972990723257528
0.3379648633117149
0.8790739676545438
0.31300796322141033
0.867991133732862
0.3004474181101712
0.8595353419259502
0.3435473278055986
0.6964124456120188
0.39054675314013626
0.737377883589196
0.39727854855923156
0.7959116657088912
0.4113783761595926
0.780231508086364
0.4553197602824068
0.859042771529431
0.5455217141449795
0.9036203924144154
0.6132501436663655
0.8940973647483784
0.5645061981774895
0.9091207618422131
0.40612429193005467
0.9698711107462435
0.43576061078729145
0.9477875379689681
0.48249322715704773
0.9369509892455461
0.4420819308759541
0.8698793202528524