1000000000
0.9587514289343325
0.960370887844532
0.8717134510351834
0.6021846818239553
0.7957576527372033
0.3175409627841992
0.7284389686269527
0.08630763368474526
0.6763304966340659
0.0
0.6386701384478599
0.011685507430458287
0.6360345484567504
0.25955798297980426
0.5885780515686525
0.27035437571446713
0.5367871205385497
0.043376095516321565
0.45200368347516845
0.009780261653753267
0.530785596341928
0.14587831830306083
0.4996348278927982
0.13146195859265822
0.33726025657309794
0.08808586307633683
0.3082052584783438
0.07646386383843515
0.3243998475803378
0.024895211482281077
0.37306300012701626
0.14327448240823054
0.3517242474279181
0.10923409119776424
0.3730947542232948
0.2048139209958086
0.372650196875397
0.1818874634827891
0.3792391718531691
0.06407976628985122
0.38528832719420814
0.2003683475168295
0.3390543630128287
0.1967483805410895
0.32097040518226855
0.3694906642956938
0.24163279563063625
0.373872729582116
0.1416073923536136
0.19782801981455614
0.16043757144671658
0.1390194335069224
0.2008446589610059
0.3489775180998347
0.19501778229391598
0.28426266988441506
0.2809602438714594
0.3610440746856346
0.29259812015750025
0.39781531817604493
0.29035945636987165
0.43541216816969386
0.26316207290740506
0.5132732122443795
0.22670837037977878
0.4507176425758925
0.20589356026927466
0.4453829544011176
0.18947669249333157
0.41356534993014105
0.22050044455734794
0.4065794487488887
0.25731931919217577
0.4638003302426011
0.26927473644100086
0.49079131207925825
0.2609392861679157
0.5090816715356282
0.25217515559507175
0.5098437698463103
0.25342944239806925
0.5363901943350693
0.2675282611456878
0.5730979296329224
0.2724819001651213
0.5545535374063255
0.24341102502222786
0.5529658325924044
0.22118315762733395
0.5560777340276896
0.24798361488632023
0.5863076336847454
0.30649053727930897
0.6534993014098816
0.35516956687412676
0.6618823828273851
0.42031309538930506
0.6848723485329605
0.44544646259367465
0.72005588720945
0.49042613997205664
0.773085227994411
0.5311031373047124
0.8064905372793085
0.5705258478343705
0.8328464371903977
0.6156007875015879
0.9151530547440621
0.634303950209577
0.990473771116474
0.6327479994919346
0.9964435412168172
0.5940397561285407
1.0
0.5517591769338244
0.9961895084465896
0.5462815953257969
0.9936491807443161
0.5528070621110124
0.992887082433634
0.5751936999872983
0.9939032135145436
0.5492982344722469
0.9941572462847701
0.5328972437444429
0.9900927219611327
0.5204972691477201
0.9933951479740889
0.5259907278038866
0.9906007875015878
0.49052140226089164
0.990854820271815
0.5183856217452051
0.9921249841229519
0.5324209323002667
0.9949193445954528
0.5101771878572336
0.9898386891909057
0.507414581481011
0.9850120665565858
0.5435348659977138
0.985266099326813
0.5609837419027056
0.98653626317795
0.5912771497523178
0.9893306236504509
0.6101390829416994
0.9951733773656801
0.6009145179728184
0.9997459672297726
0.5909596087895338
0.9946653118252257
0.557998856852534
0.9913628858122698
0.5290549980947542
0.9885685253397688
0.48923536136161566
0.9911088530420422
0.361615648418646
0.990600787501588
0.3335450273085227
0.9913628858122698
0.35180363266861414
0.9956814429061349
0.3357678140480121
0.9979677378381809
0.343690461069478
0.9954274101359077
0.4235043820652863
0.9933951479740887
0.4251079639273467
0.9921249841229519
0.4856471484821541
0.9966975739870443
0.5169566874126762
0.9946653118252257
0.5907532071637243
0.9936491807443163
0.6614695795757654
0.9926330496634062