1000000000
0.7040790615638736
1.0
0.6257034071502562
0.7953470141941261
0.5739522383045439
0.6078837593437663
0.5522830986309808
0.5983650158179121
0.5907220246927407
0.641031383857331
0.5685069570816652
0.6696995996528459
0.5368431367059548
0.6983678154483607
0.5370951034463449
0.7086144628908982
0.5516251854755172
0.7055908620062151
0.5476077157815169
0.7132058568268989
0.585122763795179
0.7023992832946051
0.596041322545424
0.6973599484867998
0.5533189618970297
0.7039110837369467
0.4708278507237045
0.6781544836081635
0.5262045410005879
0.6480864525882585
0.5677370587082504
0.5924297992664965
0.5721184803605924
0.5417564881435651
0.4934348665976091
0.5075450040594641
0.5044654105658053
0.4897393544052186
0.5552087124499566
0.4473529494106778
0.5534309471149809
0.38682493910803756
0.5530529970043954
0.338615302780033
0.5146420672471234
0.34382261541476533
0.5210812172793192
0.30227609955485873
0.5176796662840504
0.3044038186959322
0.5274223802458077
0.34247879279935045
0.5175256866093676
0.45832750076989853
0.4634788207956549
0.5307819367843445
0.4681542036451188
0.5509392760155659
0.46763627201209446
0.5623617682465912
0.46107113860970356
0.5805593661636661
0.4075981970379911
0.6548615582743077
0.3947338951258433
0.7076065959293374
0.42922534225482245
0.7267560681989975
0.384319269856379
0.7412581539236818
0.3739466390436463
0.7462414961225119
0.4342926733671155
0.7345950334555839
0.48290825611019345
0.7116380637755813
0.551947142977127
0.7013914163330437
0.43223494498726156
0.7732299336487584
0.4435174556958482
0.7854363224054425
0.4029368123407711
0.7720540888602704
0.3329740474257397
0.7709902292897337
0.2669447632912456
0.7764215123603686
0.2968728127887119
0.7702623253730507
0.3593325681010106
0.7589518183599765
0.4032447716901369
0.7647190570844649
0.41598309023208935
0.7723900445141242
0.454897953470142
0.7689744953666117
0.45440801814160536
0.7706542736358801
0.4194966264453092
0.8083932920854442
0.39938128167081954
0.8349337887398864
0.3479520703267169
0.8292785352333488
0.40709426355721046
0.8144404938548112
0.39578375654413617
0.8152243903804697
0.36460987149696233
0.808337299476469
0.36865533749545043
0.8010022677006635
0.34684621629944845
0.7970827850723704
0.36878132086564586
0.7904756572132479
0.35982250342954725
0.7929953246171505
0.34554438814076543
0.7841484923990032
0.38731487443657436
0.7769814384501245
0.37398863350037775
0.7540804613790979
0.3682493910803774
0.5348693972395644
0.3763823175340854
0.36739550379349917
0.3184159690920799
0.338615302780033
0.31137489851339617
0.3229933648758364
0.33435986449788624
0.3096671239396398
0.3429127355189115
0.2879979842660768
0.30564965424563967
0.28105490075310063
0.2665528150284162
0.27982306335563695
0.27129818863909966
0.2799350485735881
0.26735070970631875
0.2813908564069542
0.24751532797670708
0.2815588342338812
0.2829306531537837
0.28021501161846624
0.271830118424368
0.27371986897729494
0.21239396399675242
0.27198409809905083
0.14959825303059995
0.25988969456031785
0.13264649066323247
0.23004563397631514
0.11002547663708391
0.1362020213331841
0.07619194266356845
0.08883227413981354
0.06654721576751868
0.08625661412693525
0.11293709230381592
0.08144124975503239
0.05452280299000533
0.07645790755620259
0.028766202861222275
0.07332232145356816
0.017651669979562693
0.06811500881883588
0.007223046557854343
0.06251574792127441
0.0
0.13939360004479415
0.020801254234441045
0.2604496206500742
0.02773033959517342
0.16940563845572382