1000000000
0.9971686599951186
1.0
0.9979741274103002
1.0
0.9988772272394435
1.0
0.9922138149865757
1.0
0.9935074444715647
1.0
0.9949475225774959
1.0
0.9968879668049795
1.0
0.996924578960215
1.0
0.9948010739565536
1.0
0.993055894556993
1.0
0.9945203807664145
1.0
0.9956431535269712
1.0
0.9961313155967781
1.0
0.9939834024896267
1.0
0.9943739321454724
1.0
0.9953258481815961
1.0
0.9916524286062973
1.0
0.9786429094459362
1.0
0.9402123505003662
0.99931657310227
0.7921527947278495
0.9696363192579937
0.6760068342689773
0.8149865755430802
0.6249816939223823
0.6393458628264579
0.6333780815230657
0.4938247498169395
0.6417012448132781
0.41239931657310247
0.5907981449841349
0.3205760312423726
0.5604222601903834
0.25350256285086653
0.5274591164266539
0.19707102758115697
0.5139614351964855
0.12521357090554092
0.5050036612155239
0.1454234805955579
0.4798022943617282
0.1068098608738105
0.46037344398340246
0.11032462777642181
0.44319013912619004
0.11481571881864801
0.4320600439345863
0.030412496948987025
0.4150353917500614
0.0
0.39577739809616813
0.02611667073468415
0.36696363192579945
0.06424212838662445
0.33755186721991715
0.09030998291432789
0.3210519892604346
0.14332438369538705
0.29899926775689545
0.21005613863802775
0.28710031730534535
0.3099829143275567
0.2669880400292898
0.37871613375640717
0.24831584085916547
0.4297290700512572
0.21855015865267277
0.5124725408835736
0.20340493043690533
0.5998047351720771
0.21122772760556513
0.698364657066146
0.23082743470832323
0.7607029533805224
0.25247742250427163
0.7771540151330241
0.2511837930192826
0.7927263851598729
0.25513790578472073
0.8141078838174276
0.2762875274591166
0.8593605076885522
0.29306809860873845
0.884647302904564
0.3205516231388824
0.8859165242860632
0.32672687332194283
0.8999755918965096
0.3187698315840862
0.9172565291676837
0.2937759336099585
0.9259458140102514
0.27644618013180394
0.9340004881620699
0.28236514522821593
0.9431779350744448
0.2824261654869418
0.9523553819868197
0.32166219184769357
0.9619233585550403
0.3621186233829634
0.9722723944349526
0.39879179887722743
0.9843788137661705
0.5060776177690994
0.9953136441298511
0.5281425433243837
0.9996094703441543
0.5718696607273618
1.0
0.6031608494020017
1.0
0.6742494508176715
1.0
0.7513424456919698
1.0
0.8216743958994388
1.0
0.8765804247010008
1.0
0.9147913107151575
1.0
0.9283378081523065
1.0
0.9454967049060289
1.0
0.9480595557725168
1.0
0.872174762020991
0.99589943861362
0.8151696363192581
0.8887966804979247
0.5947766658530633
0.8911398584329997
0.4734805955577255
0.7943373199902363
0.49985355137905796
0.5771051989260433
0.44199414205516246
0.458628264583842
0.5622406639004153
0.44686355870148925
0.8182938735660241
0.4726873321942886
0.9040151330241639
0.632853307298023
0.9775811569441053
0.9068586770807909
1.0
1.0
1.0
1.0
1.0
1.0
1.0
1.0
1.0
1.0
1.0
1.0
1.0
1.0