1000000000
0.7370826224713624
0.5664148184255423
0.7008591274677067
0.5565846128848807
0.662492891380291
0.48204565764887475
0.6355613778536033
0.37996587862539605
0.6251624827362096
0.36981070761231605
0.6438987732553415
0.3646518807376715
0.6775733203347145
0.3171256803964578
0.7101612641156876
0.290072304817613
0.7159090909090909
0.29616540742546094
0.7232614347225608
0.32378747258103824
0.7350515882687464
0.2887318222438865
0.7407384840360711
0.39824518644893964
0.7560321715817695
0.5062555853440568
0.7911589081160126
0.6072386058981233
0.8243561621577707
0.6871394914290359
0.8457632626533431
0.7796734097002191
0.8721362417743115
0.7695588593711922
0.8883032740271346
0.8081078885368427
0.8827077747989276
0.8393451945730764
0.8495308310991957
0.8420667804045816
0.8576041920545944
0.8822000162482735
0.8152469737590381
0.9153871151190187
0.751787310098302
0.9259078722885694
0.7257596067917782
0.947314972784142
0.7849540986270209
0.9568202128523845
0.8062088715573971
0.9347225607279225
0.7472784141684946
0.9695751076448129
0.7487306036233651
0.990210415143391
0.7622572914127873
1.0
0.7799679096595987
0.9904541392477046
0.7861625639775773
0.9876919327321474
0.7515537411650011
0.9711999350069057
0.6460618246811276
0.9375253879275328
0.47817653749289146
0.9072629783085548
0.4630656430254285
0.8792347063124544
0.39762572101714205
0.8675359493053862
0.36896782841823056
0.8982858071329919
0.3436916077666749
0.8634332602161022
0.33764928101389213
0.7936469250142176
0.3285604029571859
0.7080997644000325
0.34172150459013734
0.6971321797059062
0.3010195791697133
0.6651230806726786
0.2941445283938583
0.6152815013404825
0.30254285482167526
0.6286457063936954
0.25524006824274925
0.539645787635064
0.25334105126330336
0.4446340076366888
0.22206312454301738
0.4179868388983672
0.2089934194491836
0.4362661467219109
0.21186733284588513
0.23856527743927206
0.22092574538955242
0.22069217645625158
0.2541128442602974
0.3135510601998539
0.24681127630189303
0.38276870582500594
0.22665326184092946
0.36046795028028256
0.2062312129336259
0.35766512308067266
0.19379112844260307
0.38025022341376236
0.17727882037533516
0.3812251198310181
0.17974652693151355
0.342310504508896
0.2198797627752052
0.23702169144528407
0.15847144365911134
0.1643106669916321
0.1483467381590706
0.1362011536274272
0.21291331546023243
0.1029734340726299
0.20988707449833463
0.043829718092452744
0.20999878137947844
0.0
0.19982330002437243
0.026647168738321562
0.19165854252985623
0.13205784385409058
0.18595133642050535
0.24912665529287525
0.2117251604517021
0.3428791940856285
0.23683889836704855
0.3474287106994883
0.21365464294418732
0.33568933300836795
0.18511861239743288
0.29376878706637427
0.15251035827443332
0.25497603379640926
0.12789422373872777
0.23202534730684857
0.14206068730197416
0.15882687464456907
0.14562515232756512
0.1469250142172394
0.14693516938825257
0.21951417661873432
0.17530871719879768
0.2649281013892275
0.24052522544479646
0.32967747176862466
0.2590990332277196
0.3187098870744984
0.30484807864164437
0.3139978877244294
0.35458810626370946
0.3523844341538712
0.6404866357949469
0.5935494353724919
0.5406714599073847
0.5212852384434151
0.5093732228450728
0.5059306198716389
0.5337354781054513
0.48310179543423537
0.5291148752944999
0.44166869770086936
0.5948797627752049
0.4586075229506865
0.5916199528800065
0.464010073929645
0.4088268746445691
0.34365098708262243
0.39671175562596483
0.40104801364854986
0.39420342838573397
0.47546510683239906