1000000000
1.0
0.9366131527451924
0.9985042056409889
0.9366131527451924
0.9984119991394061
0.9347690227135348
0.9738031083836202
0.6412654830083908
0.8913602508016841
0.442140420256744
0.8560963865296548
0.2584240884362802
0.810136568074011
0.11044289856260309
0.7700779657196718
0.0
0.7429897445879907
0.062167672400545014
0.7039454137510629
0.06302826641531847
0.6811499175264071
0.026801356460089923
0.6779226899710062
0.02327701906625543
0.6591023184812566
0.12724497218437208
0.6061040704047865
0.20715727355619976
0.5701845154548342
0.10642679316032647
0.5414570676283462
0.036800639298410896
0.5178522032231295
0.12269611810628327
0.5029557306340734
0.18461790650260732
0.4841251139774811
0.14019486307334503
0.4296618070425277
0.07188009056727493
0.38466503427008314
0.1065497351624372
0.40040161054022766
0.14949747456637327
0.4360957718196442
0.2148206583544211
0.4429292981036195
0.23469628202895285
0.4336164414437489
0.23776983208171532
0.4165070128167037
0.19424836333459675
0.4149292571229521
0.22641818722017854
0.3332547870542071
0.17224174495681663
0.3574641163031339
0.19728093271998917
0.38247256856577916
0.26313686518384943
0.37457354493017925
0.29567551507576306
0.3609064923622279
0.2903890089850111
0.34383804440255306
0.2691200426198938
0.2890264017949532
0.2962082637515752
0.22731976190232253
0.3390330611534008
0.1992275144200724
0.2677676805966785
0.2298810536129581
0.2914954870040059
0.23727806407327345
0.35378610140666134
0.23346686200784775
0.3864886739680553
0.23809767742067672
0.38718534531334864
0.24821990226110832
0.38755417131968
0.2225045334863278
0.40370055426352636
0.08855922218693334
0.45529521448256766
0.013349452395832215
0.4129212044218139
0.03531509010624238
0.4310756400667983
0.06410400893378553
0.46021289456698816
0.20369440716342055
0.5023410206235208
0.3336441033942238
0.5992193182865981
0.31698546210825046
0.6113495958281681
0.32153431618633904
0.6201604393127541
0.3310725665167457
0.6308154128289979
0.3402010101734506
0.6474125831139159
0.3498724476728103
0.6654030960894193
0.3468603686211029
0.6937207372422058
0.3328654707141905
0.721997397727622
0.3196901861546815
0.7618715870787957
0.3101826713248025
0.8263341768520697
0.30269345436290424
0.8634216808220724
0.28804286577806915
0.8630528548157406
0.28487710922372367
0.8430133084717286
0.2881760529470222
0.8178921593738155
0.28463122521950274
0.8049832491522123
0.2815781655004253
0.7858042968229734
0.27799235710553527
0.8020326411015599
0.2768346532523281
0.7645763111252263
0.27489831671908765
0.7481840441771591
0.27306443185427265
0.7402747753747166
0.2764965627465243
0.744700687450695
0.2781665249418587
0.753921337608983
0.28568647740428443
0.7444548034464741
0.2917106355076992
0.7432663640927389
0.29723278043582935
0.74847090884875
0.3046297908961448
0.7592898050344752
0.3137582345528497
0.7669941705000666
0.3177231141209135
0.7671580931695473
0.32779411312713225
0.7737969612835142
0.3329371868820883
0.78990236355999
0.357576813138402
0.787648426854631
0.37145901421004646
0.7891647115473274
0.39361931009046486
0.7933037589517146
0.39997131353284093
0.800434395074124
0.4213734670669112
0.8108025039187764
0.46034608173594105
0.8178101980390751
0.4915733502720091
0.8270718288647333
0.5079451268863913
0.8361285563535404
0.5258434333603121
0.8428903664696181
0.6049668568852643
0.8476441238845575
0.640794205333634
0.8477670658866677
0.7094982941797208
0.850225905928878
0.7524665239173419
0.850512770600469