1000000000
0.3582520406131793
0.47506470236910225
0.3706201473223174
0.469092175990444
0.379939777025682
0.4771053155484771
0.3892345212024685
0.4650607206848497
0.42961128807485566
0.4680469838741788
0.4458117658769659
0.3096754927334265
0.4326099940274737
0.10944654588891096
0.48835357356161646
0.09431614572964361
0.5617783197292456
0.0
0.5757017718494923
0.09919370893888112
0.5199208640254827
0.19042404937288493
0.45992185944654596
0.018017121242285553
0.4187487557236712
0.11835556440374281
0.34146675293649215
0.17001791757913604
0.30339189727254634
0.06320923750746577
0.32351184551065115
0.06221381644435611
0.31422954409715315
0.10123432211825607
0.3028070873979694
0.20883933904041418
0.3132341230340433
0.16220386223372502
0.330280708739797
0.09476408520804307
0.29255425044793965
0.19689428628309777
0.23056440374278328
0.21869400756520016
0.20920017917579137
0.13408321720087615
0.20890155285685855
0.20540513637268576
0.18264732231734027
0.3250049771053158
0.19179275333466067
0.5260302608003186
0.229817837945451
0.5297133187338247
0.25111984869599846
0.47411905235914803
0.22401951025283695
0.5845112482580131
0.19472924547083428
0.6092474616762888
0.17565448934899477
0.647222775233924
0.19357206848496925
0.7058530758510848
0.20641300019908423
0.7136671311964962
0.1848621341827595
0.7384531156679277
0.1422705554449534
0.8061417479593868
0.11237059526179578
0.8571073063906028
0.10348646227354184
0.8367509456500096
0.10520356360740607
0.8143042006768862
0.11392594067290476
0.795988453115668
0.11691220386223385
0.7590583316742981
0.15457644833764708
0.7391996814652599
0.18662900656977915
0.7427334262392994
0.17677433804499307
0.7626916185546487
0.14181017320326517
0.8457097352179972
0.15915538522795158
0.8803503882142144
0.18088044993032065
0.9151403543698984
0.15285934700378276
0.8975711726060119
0.17648815448934912
0.8524288273939875
0.20949880549472427
0.844813856261198
0.17959884531156692
0.8369500298626316
0.17177234720286677
0.8423750746565792
0.1660113478001196
0.9116563806490147
0.1838915986462274
0.8851781803702966
0.21655385227951432
0.8348098745769456
0.24197441767867822
0.7997710531554848
0.2642594067290465
0.8167429822815051
0.3155235914791957
0.8690025880947644
0.3421635476806689
0.8353075851085009
0.3530634083217202
0.8126617559227554
0.3318609396774836
0.8105216006370694
0.2708291857455706
0.847999203663149
0.24498556639458496
0.9290264782002788
0.23160959585904844
1.0
0.22518913000199092
0.9237009755126417
0.2790662950428032
0.7797630897869798
0.31271152697591087
0.8503384431614573
0.3442912602030661
0.8648218196297034
0.338206748954808
0.8031554847700576
0.36232082420864026
0.8570077642842925
0.42032898666135776
0.9127513438184353
0.5394684451522993
0.9040414095162248
0.570426040215011
0.9492832968345607
0.49421411507067464
0.8966752936492136
0.47992982281505087
0.846754927334262
0.524051861437388
0.8696496117857854
0.5600861039219588
0.8545192116265174
0.5216255225960582
0.8210232928528765
0.5014309177782201
0.7934999004578935
0.49559526179573954
0.7521899263388414
0.4851682261596655
0.709237507465658
0.42880250846107903
0.6304499303205253
0.4404240493728848
0.562811069082222
0.4805270754529165
0.5519609794943258
0.5106261198486961
0.5595261795739598
0.5053379454509258
0.5914791956997806
0.546834561019311
0.6312462671710131
0.6423327692613977
0.5616165638064896
0.698126119848696
0.5207545291658372
0.7342474616762888
0.66225363328688
0.7233102727453713
0.8660660959585903