1000000000
1.0
0.7892315251864971
0.935853720275763
0.8234786104617399
0.8602570020399348
0.8271713396566356
0.8635923703450021
0.7857770365848211
0.8444586727020946
0.7255021665003946
0.7798359117914202
0.8009053142542323
0.6922676037463331
0.844920263851457
0.689408716627704
0.8455158653345041
0.7495346863413687
0.8898881758215575
0.7869980196250689
0.9236587799103616
0.7981208773209844
0.9191322086391994
0.86156732530264
0.9280662308849148
0.854062746616239
0.8364031626438747
0.8284221027710357
0.8593338197412111
0.7706785389895617
0.8558197709912295
0.7827096889471251
0.8093628553135096
0.6742804389582928
0.810792298872824
0.7274974314686042
0.6887535549963517
0.7600172724430082
0.7095400467547166
0.7181315981476794
0.6599860033651478
0.7336767968552239
0.6352685418186692
0.7300585178457092
0.6256197977932959
0.6791494810822076
0.5272264327938176
0.6440685537306986
0.4888101371372415
0.5982370196101787
0.42645066186214786
0.5960630741970546
0.4480709956967793
0.5940975893029973
0.4461055108027218
0.601378817433255
0.42829702645959594
0.578597060706681
0.2814217007400344
0.565493828079632
0.272904599532453
0.5224914010035885
0.2619455322443752
0.5370538572641046
0.2058994326895874
0.5251716076773031
0.09898896648252657
0.5060230199973198
0.1620036033889725
0.40783811551690746
0.21221280840989293
0.39741508956357285
0.09922720707574566
0.4126475974925177
0.06885153144031325
0.3852945993835523
0.057177742372578486
0.41799312080287077
0.04157298351672896
0.43679923763010164
0.0
0.3385547730013847
0.0832650873300673
0.36633958218555956
0.18290921544394648
0.45587337512470394
0.17403475334653587
0.45757083935138976
0.13323605175776898
0.44055152697330197
0.2368707098080675
0.4153129141291561
0.27504876487142466
0.404383626915231
0.1919623579862714
0.42957756964814825
0.3078068464390475
0.4685299066394673
0.3106657335576766
0.47601959528879223
0.24580473205378275
0.44143003916079754
0.2843997081552731
0.3957474054110394
0.26283893446894685
0.44181718012477855
0.355931446269301
0.40521746899149785
0.38219747167170426
0.39302252862609627
0.327580815676231
0.43478908262481575
0.44318706353578835
0.4169508182075374
0.48309236289998336
0.4180080108399468
0.44449738679849315
0.44835390640122685
0.4729671376881725
0.44851769680906517
0.4749921827305352
0.37464822287407495
0.4939918700397562
0.34659539302252856
0.5156122038743872
0.3242752274453163
0.5208534969252073
0.29867925371134174
0.5302640003573609
0.29440581307047453
0.5442010750606768
0.2676335264074808
0.6096576780476175
0.18527673133906106
0.6789261305260648
0.1447460504176655
0.6499203383016422
0.13112166649294968
0.7146026593606217
0.1238702184368438
0.6207358656323053
0.11685701097395734
0.5723730252088325
0.12169627302371994
0.6021530993612175
0.15941273693771504
0.6109084411620184
0.18928215131255668
0.5593889128783925
0.13334028201730222
0.6001876144671595
0.21131940618532138
0.5965544454205686
0.27428937298053874
0.5614139579207549
0.3308566238329933
0.536160455039533
0.3557527658243869
0.5490850072216679
0.38231659196831397
0.5666552509715744
0.40033353683050654
0.5407465864590002
0.4206435474024331
0.5225807412260454
0.42805878586637663
0.5234741434506169
0.42473830759838577
0.5314552033234562
0.41157551482303184
0.5361008948912283
0.4389582930061494
0.5293705981327893
0.4175910898018134
0.5015560088744621
0.43407436084515844
0.4721332956119059
0.4383924715972542
0.4712994535356394
0.43325540880596786
0.467725844637353