1000000000
0.16571753986332616
0.3854915016646222
0.22910460837567903
0.31067110565971606
0.2698440511652358
0.2146486770632557
0.34383213597336654
0.17574908007709872
0.4162432100928687
0.19467320834063437
0.4920711407043981
0.18608726125810432
0.5355265463465921
0.16874014368319587
0.5592693183809356
0.25337305063956544
0.5604958822498685
0.38706851235325085
0.5797704573331
0.4946556859996497
0.6217364639915894
0.5498510601016292
0.643157525845453
0.563868932889434
0.6394778342386541
0.5700017522340981
0.6343087436481515
0.5678990713159278
0.6048712107937619
0.5594883476432457
0.5881811810057825
0.5226914315752588
0.5837129840546699
0.4671456106535837
0.5494130015770109
0.36236201156474507
0.5058699842298929
0.3006833712984057
0.40546697038724383
0.3903977571403539
0.33016471000525677
0.22043104958822488
0.3195636937094798
0.07552128964429686
0.2874101980024531
0.030664096723322515
0.29621517434729305
0.10373225862975344
0.3175486244962331
0.18065533555283042
0.3423865428421238
0.2207814964079198
0.3756789907131593
0.26353600841072383
0.401787278780445
0.2901699667075526
0.4257490800770982
0.31312423339758233
0.45422288417732615
0.3700718415980375
0.40463465919046815
0.5118275801647102
0.48602593306465763
0.6639214999123881
0.3101454354301734
0.7026458734886978
0.2950324163308219
0.7098300332924479
0.4303925004380586
0.7578412475906781
0.6062729980725423
0.7694059926406165
0.6927019449798494
0.7366392149991239
0.500481864377081
0.7196425442439114
0.23422989311372033
0.6903802347993696
0.43569300858594734
0.7089539162432105
0.6409672332223586
0.7583669178202211
0.6420185736814443
0.796215174347293
0.6076309794988612
0.8447520588750655
0.6225249693359034
0.8724373576309796
0.6695724548799721
0.9031014543543022
0.691694410373226
0.879796740844577
0.6855177851760996
0.8799719642544246
0.7023830383739268
0.8769931662870164
0.6938847029963204
1.0
0.6632206062729982
0.8952164009111615
0.7091729455055196
0.6034694235149811
0.645961100403014
0.758542141230068
0.5782810583493957
0.9903627124583845
0.5256264236902053
0.6882775538811989
0.5551077623970562
0.46153846153846173
0.6320746451725953
0.5020150692132469
0.6541089889609256
0.5657963903977574
0.6603732258629754
0.4217627475030668
0.6102155247941123
0.33572805326791666
0.6611617312072894
0.2638864552304191
0.6664184335027161
0.3637637988435255
0.6721570001752235
0.41913439635535316
0.550946206413177
0.691431575258454
0.5262835114771336
0.41948484317504847
0.48690205011389537
0.0
0.3686262484667953
0.44611880147187705
0.3019537410198005
0.6669002978797972
0.20750832311196798
0.396004906255476
0.2032153495707027
0.5261958997722097
0.2756264236902051
0.7403189066059229
0.3473804100227791
0.5053443140003507
0.20588750657087793
0.3474680217277032
0.19817767653758564
0.3450148939898371
0.16685649202733513
0.3155773611354481
0.19156299281584044
0.27895566847730885
0.3130366216926582
0.26283511477133376
0.330515156824952
0.2369020501138954
0.32928859295601914
0.21745225162081674
0.37633607850008793
0.16698790958472126
0.3935517785176099
0.24671456106535833
0.41295777115822685
0.3472927983178555
0.3662169265813916
0.39845803399334145
0.42548624496232723
0.5218153145260209
0.4903627124583846
0.6334326265989138
0.5208953916243212
0.6539337655510771
0.5006570877869285
0.657788680567724
0.4716576134571584
0.6774137024706505
0.4159803749780975
0.6798668302085157
0.41116173120728927
0.6781145961100398
0.42596810933940765
0.699316628701594