1000000000
0.9997008509129587
1.0
0.9610441411097324
1.0
0.8879298883176742
0.9996897713171425
0.8615050522956923
0.9676918985995391
0.8700031022868285
0.6408438220173728
0.8069823612834605
0.43915085977663515
0.7954595816344618
0.4935738344265202
0.754343201560007
0.26604325474206725
0.7456457188441767
0.15834958340719738
0.6729192519056906
0.0635968799858182
0.5267018259173906
0.0350558411629145
0.3864895408615496
0.0
0.47512630739230644
0.06439461088459518
0.6514248360219822
0.16287005850026606
0.6645873958517994
0.2052827512852332
0.628700585002659
0.2480056727530581
0.5592647580216273
0.3017195532706965
0.568538379719908
0.28984222655557523
0.5636965963481653
0.22819535543343403
0.5972234532884242
0.30974118064173034
0.5996831235596525
0.20568161673462168
0.5174060450274777
0.26085800390001784
0.45871742598830006
0.2951161141641556
0.4509727885126752
0.31350824321928733
0.4466406665484843
0.3267594398156358
0.42527920581457207
0.3974915795071796
0.41776723985109043
0.3844176564438928
0.4051365006204574
0.2587750398865449
0.3784457542988834
0.31089345860663
0.3869881226732851
0.4460202091827693
0.40899219996454533
0.39620634639248364
0.3932037759262543
0.4038291083141289
0.3571286119482362
0.45953731607870957
0.3481762985286299
0.4983159014359157
0.30861106186846315
0.33442652012054597
0.2975536252437511
0.3386367665307571
0.33357339124268776
0.46587484488565867
0.3441544052472965
0.442253146605212
0.34156177982627206
0.45998049991136336
0.3272137032441059
0.5065148023400107
0.2959138450629323
0.5939549725226022
0.24956789576316252
0.5343467470306685
0.2134594929976956
0.43427583761744387
0.16373426697394092
0.4993352242510194
0.19335002659103007
0.5540241092004965
0.2412471193050878
0.6810405956390708
0.27957144123382394
0.9535100159546182
0.4051918985995393
0.9984488565857119
0.5223918631448325
1.0
0.5901435915617798
1.0
0.5415484843112922
0.9994681794008154
0.4116623825562845
0.9957897535897892
0.337894433611062
0.9554157064350293
0.3639093245878391
0.8587573125332385
0.39734754476156714
0.7769898954086156
0.37188663357560725
0.746410210955504
0.3625022159191633
0.667168941677008
0.3475115227796491
0.6508597766353486
0.3261057436624713
0.5890799503634109
0.3362768126218758
0.5300478638539267
0.33163446197482727
0.566965077113987
0.33368418720085086
0.5796401347278851
0.35861327778762636
0.5609820953731609
0.34963880517638724
0.5471547597943625
0.33822682148555216
0.47500443183832664
0.3345040772912605
0.47066123027831974
0.323524197837263
0.47194646339301555
0.3260392660875732
0.5021716007800034
0.35709537316078716
0.5653696153164333
0.389503190923595
0.5397979081723101
0.40226688530402416
0.5222478283992202
0.4231962418010991
0.4937511079595817
0.4251019322815104
0.5357206169118951
0.42060361638007465
0.5496365892572239
0.44303979790817244
0.5604945931572416
0.4433167878035811
0.6068073036695624
0.4515600070909413
0.6198812267328487
0.446208562311647
0.5909856408438217
0.44744947704307747
0.6403120014181883
0.4715475979436271
0.6975270342137923
0.4646893281333098
0.7976422620102822
0.480289399042723
0.8436447438397443
0.5271671689416773
0.9027211487324943
0.6104192519056906
0.9401258642084739
0.5815569048041127
0.9902499556816168
0.7267439283814926
0.999645452933877
0.7265334160609822
1.0
0.9333673107605037
1.0
0.9988034036518347
1.0
1.0
1.0