1000000000
0.1520643054924163
0.11038558498987472
0.15900731495639944
0.09666487581105061
0.1691945282473034
0.08517584824565026
0.18151010455841635
0.07839814853080929
0.1945489110220275
0.07443071455139065
0.20680249617721203
0.07310823655825086
0.22364342687109967
0.06930611232797439
0.25831714675372985
0.06823159895854858
0.302702814398479
0.06905814770426055
0.36969459023845924
0.07418274992767712
0.4397652601562176
0.08120841426623118
0.48115468859775984
0.08864735297764198
0.5056618589081289
0.09451584907219915
0.5284746042897878
0.10418646939703234
0.5554820845559365
0.11567549696243344
0.4775592015539119
0.12451956854155481
0.34529073852130426
0.1306360292598255
0.25211803116088766
0.1346034632392446
0.24967971236103656
0.15014257965863526
0.2184155060544697
0.18667603421911808
0.12832169277183128
0.14071992395751545
0.025127081869653307
0.07352151093110715
0.0029342480472785096
0.17973302475513495
0.02667686076786368
0.08302682150679849
0.07035996197875768
0.1212133735587057
0.010331859321403543
0.16882258131173303
0.0
0.18246063561598547
0.018803983964954387
0.21676240856304496
0.01977517874116616
0.30693887672025444
0.020539736330950017
0.3438856056535931
0.05219655329173054
0.3136339215605237
0.08151837004587344
0.31098896557424444
0.10879447865437873
0.32008100177707993
0.08042319295780481
0.34033144604703014
0.07060792660247137
0.3224779931396451
0.08058850270694697
0.340744720419887
0.09912385832954494
0.3572756953341321
0.0870975740794313
0.41273711617142594
0.10437244286481805
0.4909286275158075
0.1931851055916021
0.5755672190767445
0.2031863454147208
0.6933504153407448
0.23422325081621667
0.7671612183328511
0.21723767409182954
0.6794643964127782
0.22949125924701405
0.5430011984956812
0.25027896020167784
0.5492003140885232
0.2688969706988469
0.37802206885151046
0.26561143943464055
0.3539695003512829
0.30383931892383337
0.4318303921973797
0.3009670620324829
0.43149977269909506
0.2986113981072032
0.2942926809108566
0.2835888746538826
0.3466958713890147
0.26377236847543073
0.3619870231846923
0.27158325412241174
0.3559532173409928
0.29993387610034317
0.30636029259825615
0.25846179278422937
0.36016861594412497
0.2677604661734925
0.4750588915981321
0.31150555854031464
0.6204488159689217
0.3960821589453234
0.7160805058478324
0.5194652229615239
0.7455056411951898
0.4949787163697981
0.7317849320163657
0.5167376121006736
0.7003760796792995
0.4846055296111086
0.7369095342397821
0.3937884861759721
0.5938339463569864
0.4014340620738107
0.892052733809976
0.413191717981568
1.0
0.44331941976278033
0.8670083068148946
0.49437946852915643
0.8338637021118323
0.5166962846633876
0.6497086415671361
0.5576104475761456
0.6753316526842169
0.5663512005620531
0.6362358970120263
0.5791420424019507
0.40124808860602573
0.5289498698185724
0.4623300409141629
0.45325866842997065
0.5308509319337108
0.40974087696821926
0.6080505847832376
0.3308054717526966
0.467041368764723
0.2654048022482125
0.3320659585899077
0.22713559532173405
0.13600859610695518
0.23905856097863382
0.23428524197214526
0.23705418027028138
0.3095838327065337
0.23133033020622387
0.33975286192503185
0.25914369549944183
0.3323965780881929
0.23535975534157122
0.3212381700210767
0.17444311278257638
0.3635574658015454
0.1609497045088233
0.412654461296855
0.19593338017109557
0.28602719345373395
0.18413439682605268
0.2257717898913088
0.17140554614208375
0.2108939124684875
0.17155019217258324
0.25453568624209605
0.2193453733933957
0.39909906186717364
0.223395462247386
0.5010125222134976