1000000000
0.36394337527757215
0.34011843079200604
0.34241611152232915
0.33222304465827773
0.33177584505304725
0.33469035282506787
0.31088082901554415
0.3393165556377993
0.3193313594867999
0.34955588452997766
0.3439119170984457
0.3385146804835924
0.37102146558105115
0.3245127066370591
0.4230045645201086
0.3058228472736244
0.6209597828768816
0.29077226745620555
0.49642240315815467
0.2817665926474217
0.43120836417468555
0.27152726375524305
0.4444855662472244
0.2835553910683446
0.45373797187268694
0.2831236121391563
0.4599833456698743
0.2925610658771282
0.4667992844806315
0.3169874167283495
0.47107081174438703
0.321243523316062
0.4866919565753765
0.3496792499383174
0.49212003454231446
0.3815692079940787
0.5142795460152976
0.3732420429311621
0.4892826301505058
0.3925487293362941
0.441370589686652
0.3601653096471749
0.3777140389834691
0.3747224278312361
0.367351344682951
0.38471502590673584
0.39720577350111047
0.42092277325437955
0.38955711818406136
0.42875647668393796
0.4259344929681719
0.4628053293856405
0.4943868739205528
0.5139402911423638
0.48078583765112276
0.5615593387614114
0.408956328645448
0.6008512213175429
0.3899117937330373
0.6796200345423145
0.43574204293116225
0.7345793239575624
0.43438502343942775
0.7666543301258327
0.4031581544534914
0.7713422156427342
0.44200283740439195
0.8090920305946215
0.4607852208240811
0.9850727855909208
0.44380705650135716
1.0
0.43386072045398477
0.8179743399950657
0.45427769553417247
0.8015667406859119
0.4757278559092033
0.8530101159634838
0.5091598815692081
0.9687885516901064
0.5109795213422156
0.958672588206267
0.4958981001727118
0.8702195904268444
0.48348445595854933
0.8037256353318531
0.4706544534912412
0.7044164816185544
0.48425548976067134
0.6503207500616831
0.4859826054774241
0.6841228719467065
0.5237786824574392
0.6949173451764125
0.5549284480631633
0.8188378978534422
0.5421909696521098
0.8733037256353324
0.5107482112015793
0.8425240562546261
0.4873396249691589
0.6838144584258579
0.4996915864791516
0.5684061189242536
0.5478966197878118
0.6258943992104612
0.5789230199851965
0.6335430545275106
0.5577658524549718
0.6885023439427587
0.5242413027387123
0.7244633604737234
0.5008789785344192
0.6588946459412782
0.5197538860103627
0.7435233160621763
0.5157136688872441
0.7494448556624725
0.5237478411053541
0.7298914384406616
0.49036207747347654
0.926042437700469
0.4639618800888232
0.955094991364421
0.45455526770293625
0.8861337281026401
0.5180730323217372
0.8132864544781647
0.5233314828522084
0.7448186528497412
0.43170182580804345
0.6827658524549719
0.3645756229953122
0.584381939304219
0.4168517147791761
0.5401554404145077
0.3971132494448557
0.4859363434492969
0.3896496422403159
0.35412040463853955
0.34839933382679505
0.29262274858129794
0.3114205526770294
0.19744633604737238
0.2808721934369604
0.11960276338514675
0.16726807303232177
0.06044905008635583
0.09261658031088085
0.039106834443622035
0.037950283740439184
0.03762644954354802
0.030486676535899343
0.03990870959782877
0.029283863804589257
0.03904515173945223
0.02450345423143352
0.054465827781890006
0.02035529237601778
0.1218233407352579
0.003377128053293882
0.24747100912904035
0.004888354305452747
0.37065136935603266
0.00012336540833952957
0.40433012583271655
0.0
0.3516530964717493
0.009283246977547517
0.2611645694547248
0.020679126572908997
0.19997532691833217
0.029268443128546765
0.18171724648408588
0.04209844559585495
0.17055267702936106
0.04471996052306933
0.1428571428571428
0.06180606957809029
0.12102146558105119