1000000000
0.9932393117397689
0.9911335235931396
0.994125959380455
0.9911335235931396
0.9923526640990828
0.990468537862625
0.9911889390706825
0.9922418331439972
0.9892493973566817
0.9924634950541686
0.9909118616829681
0.9937934665151977
0.9897481366545676
0.9953450998863983
0.9917430938461113
0.9940151284253692
0.9930730653071403
0.9980050428084564
0.9925743260092544
0.9997783380898289
0.9885289961486248
0.9937934665151977
0.9848715746307944
0.989138566401596
0.9696323183065026
0.9902468759524535
0.971017705245075
0.9922418331439972
0.9766146684769056
0.9924634950541686
0.9839295115125655
0.9962317475270843
0.984151173422737
0.9957884237067413
0.9834861876922224
0.9869219472998809
0.9858136377490233
0.9944584522457123
0.9860907151367377
0.9953450998863983
0.9835970186473082
0.9944584522457126
0.9815466459782217
0.9953450998863983
0.9737053559059046
0.9953450998863983
0.9420492643595357
0.9955667617965698
0.9154498351389541
0.9984483666287994
0.9199661965586985
0.999113352359314
0.8289185669557506
0.9984483666287994
0.6287578620708764
0.9986700285389709
0.5475187719930177
0.999113352359314
0.44358704386135067
0.9980050428084564
0.40469923249563605
0.9949017760660552
0.3443102158432853
0.9806045828599929
0.306987891718157
0.9216979302319135
0.3086919176526005
0.7893103543819788
0.267144163364828
0.6154165858524281
0.24452079465794796
0.6002327450056797
0.22250699620403983
0.49682746391067056
0.2269817960156274
0.43260092543847495
0.20948435898146378
0.32692360976420726
0.2081405336510488
0.263528303455155
0.18043279487961017
0.2928430910753375
0.16246432628633187
0.23144274195782885
0.16366961292288967
0.24900944833892127
0.12774652960571883
0.2469036601922919
0.10006649857305164
0.10437505195201027
0.0989720428915797
0.15386107339779972
0.09470505112077822
0.25144772935080767
0.06868748441439695
0.3206062453243194
0.014671247679476961
0.3450998863982711
0.02021279543376483
0.4791499265744924
0.005112077803330464
0.568479676373611
0.012607021141004768
0.6962123521099448
0.0
0.9091740323072235
0.02653015987365288
0.9935718046050261
0.007425673990745707
0.9937380510376548
0.019492394225707418
0.9998891690449142
0.04772658003380358
0.9997783380898285
0.054792053420520286
1.0
0.06379706852123801
0.9986700285389709
0.0681471835083539
0.9986700285389709
0.09650605414092155
0.9986700285389709
0.18100080352442446
0.9988916904491425
0.30474356487767046
0.9980050428084564
0.34074977141115503
0.9960100856169128
0.3774763791526976
0.9944584522457123
0.38652295586157237
0.9946801141558838
0.4410656396331497
0.9973400570779418
0.5314898451137405
0.9975617189881134
0.6451331356847967
0.9911335235931396
0.7569477154969387
0.991355185503311
0.8398354160316975
0.9889169044914244
0.9328225873486465
0.9847053281981658
0.9764622759136627
0.9858136377490233
0.9738438945997617
0.9853703139286804
0.9724585076611898
0.9751738660607908
0.9708514588124464
0.9711839516777037
0.9728464160039899
0.9804937519049071
0.9689534787066028
0.9809370757252501
0.9692028483555454
0.9796625197417639
0.9696046105677312
0.9778892244603918
0.9685932781025741
0.9755617744035909
0.9677897536782024
0.976005098223934
0.970228034690089
0.9736776481671331
0.9643262863317725
0.9679144385026739
0.9603917874262282
0.9672494527721593
0.9657670887478873
0.9754509434485052
0.9612784350669142
0.9724585076611894
0.9617494666260287
0.9675265301598741
0.9625945526585575
0.9606550109445569
0.9628023606993433
0.9601008561691281