1000000000
0.15057547797964413
0.40816132407495465
0.18949554519800876
0.41602460445797274
0.2112939535178667
0.428517074098735
0.2266241795871777
0.46574082881511764
0.28161958210469573
0.3422112305399665
0.27077586480230814
0.13744887282412246
0.23914835600367787
0.17828719997463466
0.2460287263388185
0.36656203430673123
0.26162846000190226
0.37353752496908565
0.22098037350581812
0.3666888614096833
0.18223469355401245
0.4871746092139891
0.17667015441199782
0.2788610926154917
0.15691683312723928
0.2654174197025904
0.14978280858619486
0.3848251371318049
0.1384317828719997
0.11817115317543357
0.15439614445607025
0.08519610640793927
0.14130124607628639
0.11284441485145374
0.15067059830685817
0.2020672817781158
0.17890548210152507
0.26452962998192725
0.16035701829480958
0.24728114398046827
0.1738482513713179
0.24252512761977235
0.15336567424458594
0.21113541963917692
0.146897491994039
0.19623323504232837
0.17820793303528962
0.1939503471891944
0.1398902945559465
0.1549510130314846
0.14163416722153518
0.16871175370176594
0.17667015441199782
0.2506420622086941
0.1524144709724468
0.19179428643901208
0.21291099908050343
0.20625257617552842
0.2257046830907764
0.18868702241669041
0.229905830876058
0.23853007387678749
0.25233837471067566
0.2585053425917118
0.32377374044833385
0.24074954817844585
0.2384825137131804
0.21481340562478193
0.25205301372903377
0.18615048035765228
0.24341291734043566
0.14937062050160108
0.18817971400488293
0.1455023938615681
0.21161102127524656
0.16833127239291035
0.19490155046133353
0.18976505279178169
0.21806335013792438
0.1936332794318143
0.22079013285139026
0.1966137163511843
0.21612923681790802
0.20352579346206268
0.22779733028948265
0.2186816322648149
0.21183296870541227
0.2505786486572179
0.19460033609182265
0.23523256920003807
0.17608357906084515
0.24899330987031928
0.1752592028916578
0.2829195599099526
0.18404197977107703
0.30365579124258857
0.13870129046577248
0.35762072354862234
0.12435397444433878
0.41133200164875205
0.15653635181838346
0.4658676559180698
0.19506008434002353
0.6595960556770981
0.18464440851009856
1.0
0.1798408319857952
0.731950917911157
0.19762833317479953
0.6340403944322901
0.17995180570087835
0.6895906655252229
0.21213418307492304
0.60835790608453
0.205666000824376
0.4691651605948191
0.20290751133517226
0.4279463521354509
0.1710580551063761
0.39845905069913423
0.19339547861377984
0.43714131709946397
0.2091537461555535
0.4536288404832111
0.19567836646691392
0.3938932749928657
0.1810139826881004
0.4242049525983698
0.1166492279400107
0.4158343638035446
0.09840197850280594
0.2972510225435176
0.10429943879006943
0.3230603379942292
0.04919306255746859
0.35070864643774363
0.04832112622467416
0.3805130156314405
0.07325850534259162
0.31912869780272046
0.03803227749770122
0.36643520720377953
0.0780937886426329
0.45248739655664394
0.030501918259932113
0.5058181933479186
0.01542534639652492
0.4845112400519991
0.03582865658391194
0.4342877072830464
0.0
0.4007419385522683
0.007149877928913401
0.37277656235137446
0.07501823139604936
0.3491867212023209
0.11178223786423164
0.292621833285773
0.1422683027362947
0.20352579346206268
0.16666666666666666
0.1460097022733757
0.16644471923650095
0.15628269761247943
0.1948222835219886
0.18323345698975857
0.2039062747709185
0.2120232093598399
0.2434446241161735
0.2794952281302514
0.28827800500967066
0.35483052728368053
0.2862487713624401
0.4057516091188683
0.2846000190240655
0.43390722597419057
0.2826976124797869
0.41462950632550166
0.2614857795110814
0.38514220488918455