1000000000
1.0
0.9780360546130534
0.9980785453182114
0.9785984315930888
0.9999999999999998
0.9747242790639545
0.9802543193676384
0.9695379135814036
0.9072702846252381
0.9674758646546067
0.8796044615240417
0.9784109725997439
0.8245227606461084
0.8406910988221321
0.790811385009529
0.571687443371762
0.7451338769644139
0.3428000124972661
0.740900428031368
0.14184397163120568
0.7038928984284687
0.005811228793701315
0.6748523760427403
0.0027493985690629007
0.6512950292123597
0.06198644046614802
0.6214421845221355
0.02624425906832866
0.5976505139500732
0.0
0.5266504202205766
0.04280313681382187
0.4802543193676382
0.14353110257131235
0.4569781610272753
0.16196457025025773
0.42178273502671304
0.07054706782891235
0.40689536663854775
0.11185053269597274
0.3551254413097135
0.19258287249664144
0.2943262411347516
0.25263223669822216
0.2595525978692161
0.23632330427718914
0.24894554316243322
0.24807073452682227
0.27220607992001733
0.30812009872840296
0.2619583216171461
0.3655450370231513
0.26233323960383653
0.41853344580872937
0.2598025431936761
0.4290311494360609
0.19250476458274748
0.44052863436123313
0.15454431843034325
0.5088261942700032
0.19901896460149338
0.4625238229137373
0.22913737619895638
0.44590245883712937
0.22401349704752077
0.5219483238041677
0.22935607835785912
0.5547536476395787
0.2216233948823695
0.550442090792639
0.191051957384322
0.5242603180554253
0.137126253632018
0.5350704533383316
0.15743431124441534
0.5733745743118693
0.21840534882994347
0.49951573093385815
0.2602087043459241
0.48245696253944415
0.25999000218702145
0.5240103727309654
0.252647858281001
0.5621895210422718
0.23677633017777353
0.5491298778392223
0.1922079545099509
0.5306339238291622
0.09691629955947131
0.5246352360421151
0.0072327928265691795
0.526947230293373
0.004811447495860218
0.5708751210672666
0.038866497953572554
0.5505045771237542
0.11513106507951379
0.5417564907676446
0.23401131002593173
0.5734370606429844
0.2669884712719091
0.6111163183053707
0.27586153029024896
0.6944730840128721
0.28987409004280296
0.7023463617333703
0.29345143249914063
0.680226200518636
0.2781422813759491
0.6534820508013871
0.267675820914175
0.6348611241290967
0.2737994813634516
0.6022432592870309
0.2847345893085887
0.5819352016746334
0.2828756209579154
0.6045552535382885
0.27939200799825015
0.5819352016746336
0.27511169431686816
0.5421938950854497
0.27115943387384006
0.5261349079888773
0.27543974755522216
0.5185115755928391
0.29192051738682145
0.5346330490205266
0.2941544037241853
0.5296341425313211
0.30997906707907624
0.5196988158840252
0.31422813759490115
0.5210735151685567
0.3135251663698564
0.5331958634048802
0.32367919517605515
0.5351329396694474
0.3350829506045552
0.5242603180554253
0.3434248758084169
0.5428812447277156
0.3588746211766176
0.5675008591870528
0.35218858374730505
0.5753741369075515
0.34070672040491135
0.581310338363483
0.34526822257631146
0.601555909644765
0.34040991033211465
0.6179273283969131
0.33822288874308726
0.6281126003686693
0.3492204830193395
0.635173555784672
0.33812915924641473
0.6432342924985159
0.34112850313993803
0.6362983097447433
0.3500328053238353
0.6335489111756802
0.3762614428093854
0.6399850032805321
0.3855719061455305
0.6427968881807105
0.4312181710250882
0.6422345112006745
0.47556784453400813
0.6394226263004965
0.4947667697691128
0.6387352766582309
0.6059924391539349
0.6414221888961786
0.6835379760677348
0.6444840191208173
0.7208110725778732
0.6416096478895241
0.7834379979379509
0.643359265160746