1000000000
0.7294389438943903
0.6975577557755787
0.7763036303630372
0.7930033003300342
0.8114521452145224
0.9420462046204625
0.7396369636963703
0.8887128712871302
0.7749834983498362
0.9404620462046209
0.8410231023102321
1.0
0.9026732673267338
0.9003300330033017
0.7861386138613873
0.8240264026402649
0.6978877887788788
0.8257425742574271
0.7521782178217833
0.7559075907590773
0.818085808580859
0.8102970297029715
0.8016831683168328
0.629966996699671
0.7483828382838296
0.5817821782178226
0.7126402640264038
0.5536633663366333
0.7233333333333343
0.4176897689768978
0.7349174917491761
0.4114851485148516
0.7228712871287137
0.49504950495049566
0.6944884488448858
0.5355775577557766
0.6427062706270639
0.5398019801980202
0.6592409240924103
0.6410561056105619
0.6916831683168329
0.7750495049504955
0.6429702970297041
0.8121452145214535
0.6146204620462057
0.6678547854785485
0.5682838283828392
0.7256765676567666
0.5028382838283839
0.7577557755775594
0.39240924092409324
0.6664026402640268
0.27646864686468703
0.7767656765676579
0.18782178217821835
0.8025082508250837
0.2287788778877893
0.5552475247524759
0.24858085808580913
0.5145874587458752
0.2811881188118817
0.4694389438943898
0.2055445544554456
0.7037623762376249
0.226468646864687
0.8100330033003315
0.1260726072607261
0.5972277227722783
0.21006600660066035
0.5689768976897701
0.22438943894389468
0.5544554455445546
0.20006600660066035
0.35749174917491755
0.16947194719471975
0.4899009900990107
0.1354455445544557
0.24396039603960426
0.28917491749174923
0.23801980198019856
0.35237623762376297
0.11485148514851463
0.20023102310231053
0.325412541254126
0.1280858085808581
0.43762376237623773
0.16544554455445573
0.4499009900990112
0.32458745874587513
0.38019801980198076
0.3098019801980206
0.49676567656765663
0.2476567656765682
0.5141914191419144
0.13990099009900994
0.5108910891089108
0.20039603960396093
0.40224422442244284
0.2403630363036309
0.36831683168316864
0.26306930693069336
0.3316171617161724
0.20897689768976901
0.40343234323432353
0.26174917491749183
0.4670627062706279
0.3033663366336639
0.5020462046204621
0.19432343234323485
0.6513531353135324
0.08125412541254128
0.7256765676567666
0.04877887788778879
0.6695709570957107
0.01739273927392764
0.3321452145214527
0.13247524752475276
0.4855445544554459
0.22184818481848237
0.5474587458745883
0.2051155115511554
0.35696369636963754
0.16815181518151842
0.16963696369637016
0.151716171617162
0.185214521452145
0.10257425742574285
0.1927392739273928
0.04161716171617163
0.1296369636963699
0.02970297029702971
0.2579537953795385
0.033828382838283835
0.29861386138613893
0.06481848184818507
0.11339933993399294
0.11861386138613889
0.18561056105610566
0.06917491749174944
0.4539933993399341
0.0
0.6930693069306939
0.11636963696369663
0.5684488448844898
0.1511221122112214
0.30996699669967054
0.19108910891089137
0.015577557755775821
0.21343234323432372
0.046864686468646874
0.24838283828382868
0.194719471947195
0.24825082508250856
0.4463366336633674
0.23155115511551208
0.41201320132013286
0.22363036303630393
0.14943894389438947
0.30788778877887846
0.22904290429042862
0.4198679867986807
0.3522112211221128
0.40300330033003356
0.48448844884488435
0.27775577557755804
0.49544554455445583
0.21448844884488455
0.5491749174917497
0.2395049504950498
0.35841584158415946
0.19745874587458775
0.3935313531353136
0.19669966996699723
0.4926732673267338
0.2107920792079211
0.6240264026402651
0.15191419141914195
0.5869306930693078
0.08376237623762402
0.5266006600660075