1000000000
0.9934951685128454
1.0
0.99271741692199
0.9984916332783417
0.9919868017911864
0.9968418571765268
0.9921164270563291
0.9983973603582378
0.9923638934716014
0.9968418571765268
0.9878152250765975
0.9981145415979267
0.9876148951213772
0.9967004477963707
0.985446617958992
0.9932594862125861
0.9854584020740051
0.9886872495875565
0.9846688663681367
0.9930238039123267
0.9811336318642478
0.9824652368607127
0.9085434833843984
0.9899599340089568
0.8610652839971724
0.9196794720716484
0.8199976431769976
0.5756304501531938
0.7639523921753483
0.4108413858119259
0.7411972660853176
0.19127975489040802
0.7204336554324775
0.0
0.6833372613716714
0.008154607588970152
0.6560216827716243
0.0556210228611831
0.6233679000707052
0.01338675465472551
0.5666509545133166
0.010794249351873756
0.5002474664152725
0.14211642705632818
0.4734975253358476
0.1557388640113127
0.46176054678293715
0.043459816167805955
0.43207636106528435
0.07160028281876046
0.3939547489983504
0.17954277633749724
0.3710699976431775
0.1947207164741929
0.30795427763374994
0.17416921989158618
0.3012019797313224
0.19637049257600755
0.315484327127033
0.23761489512137657
0.2925053028517562
0.30016497761018174
0.2657200094272922
0.3297195380626917
0.23565873202922477
0.3034173933537591
0.20811925524393146
0.3451802969596987
0.2281522507659679
0.37577185953334924
0.23274805562102313
0.38076832429884555
0.1919750176761727
0.44388404430827283
0.14151543719066711
0.45547961348102795
0.09023096865425412
0.4473250058920577
0.08427999057270813
0.45255715295781324
0.09922224840914452
0.5062455809568707
0.10725901484798496
0.47400424228140503
0.11263257129389588
0.48786236153664914
0.11405844921046443
0.5344803205279287
0.07638463351402325
0.5537591326891356
0.03264199858590619
0.5550318171105356
0.028529342446382267
0.5777044543954754
0.05547961348102764
0.6231911383455104
0.07990808390289904
0.6141880744756072
0.1820527928352581
0.6346452981381103
0.322378034409616
0.6751355173226495
0.3509780815460763
0.7734150365307568
0.3397596040537359
0.8156021682771629
0.3165331133631867
0.8250765967475845
0.3269502710346455
0.843318406787651
0.31929059627622
0.8681593212349755
0.2874970539712471
0.8783407966061756
0.2807683242988453
0.8869196323356118
0.28320763610652866
0.8858826302144718
0.2675583313693144
0.9027103464529824
0.2528164034880982
0.8992222484091452
0.2560216827716241
0.8937544190431308
0.2541597925995761
0.8874852698562343
0.24725430120197991
0.8677822295545609
0.24468536412915406
0.866320999292954
0.24125618666038198
0.876125382983739
0.23247702097572506
0.8797077539476794
0.23221777044543973
0.8907848220598636
0.23893471600282845
0.9088380862597227
0.24946971482441685
0.9134574593448034
0.2575771859533352
0.9170398303087445
0.26792363893471627
0.9217063398538778
0.27378034409615865
0.923497525335848
0.27625500824888066
0.9289182182418108
0.29320056563752095
0.9299080839028991
0.3019325948621262
0.9273155786000475
0.3294602875324065
0.9263728493990103
0.35362950742399274
0.9304737214235216
0.35913268913504626
0.9312750412444031
0.36112420457223704
0.9338675465472547
0.450164977610182
0.9411736978552919
0.48296016969125655
0.9452745698798024
0.5178411501296256
0.9477728022625511
0.5895121376384639
0.9525335847277873
0.6422224840914453
0.9584727786943209
0.7807329719538069
0.9594626443554096
0.8380980438369088
0.9602168277162392
0.856540183832195
0.9632335611595573
0.8868371435305215
0.9679472071647426
0.9084492104642947
0.9661560216827719