1000000000
0.3465006522906916
0.078581843296754
0.4137249635484615
0.0844908295602794
0.5123359680761262
0.08625585143120261
0.5306960325377946
0.0761261606937304
0.4996354846136139
0.053334356534417975
0.4350587061622287
0.062466426214411834
0.40574399508863507
0.09745990330749749
0.4203054255237514
0.17773002839383018
0.41804159312408895
0.2566188320159621
0.43375412477937253
0.3556135369503494
0.43016652597651767
0.3893791727419234
0.4317780676847519
0.32315248254163154
0.4020029161230913
0.24326605786202152
0.3707697030158853
0.15631954569871853
0.47553909907144526
0.09792034379556448
0.6478205816898168
0.08257232752666724
0.6766748522753436
0.05295065612769551
0.6388419921725117
0.05225999539559517
0.6637249635484616
0.07528201979894102
0.728954032691275
0.10989179648530432
0.7542782595349553
0.1724349627810607
0.8234786278873458
0.23843143273731887
0.8763333589133607
0.3718056941140361
0.8067301051339114
0.500115110122017
0.74871460363748
0.49159696109277906
0.8000729030772775
0.48054638937917304
0.8937725423988953
0.4585219860333054
0.956872074284399
0.402118026245108
0.9472411940756659
0.39966234364208447
0.9444018110659201
0.4964315862174817
0.9454953572250788
0.6139973908372348
0.9877983270662272
0.6766940372956798
0.8618294835392528
0.8512777223543859
0.6125393292916894
0.9597114572941452
0.5321157240426677
0.7690890952344408
0.42475635024173153
0.7182104213030469
0.4318931778067686
0.561507175197606
0.46120788888036246
0.46565881359834266
0.37403115647302604
0.4163916813751825
0.4031348323229224
0.45990330749750624
0.4213030465812296
0.4091013736474564
0.407643312101911
0.413935998772159
0.35680300821118893
0.4545315018033921
0.3761415087099993
0.4683447164453997
0.4507712378175122
0.4866088558053874
0.4345982656741618
0.8164377254239891
0.4436152252321389
1.0
0.41909676924257544
0.8214258307113805
0.4303200061392066
0.809914818509708
0.46377868160540275
0.8513544624357305
0.46272350548691593
0.704013506254317
0.43338960939298615
0.6280408257232757
0.4635484613613693
0.5569027703169365
0.46686746987951816
0.3942905379479703
0.45111656818356244
0.3220013813214643
0.4556634180032233
0.3540787353234597
0.4663302893101069
0.3338960939298595
0.5355498426828335
0.3388074591359068
0.6024480085948892
0.2944516921187938
0.6538063080346868
0.17519760570946213
0.6528662420382167
0.12431893177806776
0.5870232522446476
0.10175734786278876
0.48419154324303604
0.14442483309032317
0.4991174890645387
0.18225769319315493
0.49389916353311347
0.18333205433197766
0.5470416698641704
0.16261223236896646
0.65403652827872
0.15255928171283872
0.7385081728186633
0.19169672319852674
0.6333934463970535
0.20658429897935704
0.5503031233213109
0.16644923643619072
0.5011319161998314
0.12301435039521146
0.455452382779526
0.10513391144194621
0.4141662190161922
0.050494973524671985
0.3708272580768937
0.10359910981505638
0.3914703399585605
0.18118333205433207
0.47360141201749695
0.28201979894098694
0.5535453917581155
0.47271890108203546
0.5249213414166222
0.7116107743074211
0.48653211572404287
0.8228071521755815
0.5085181490292382
0.6682526283477864
0.49257539712992127
0.34740234824648925
0.45639244877599583
0.11534034226076287
0.5068298672396595
0.03606783823190852
0.4974100222546237
0.03223083416468428
0.45364899086793053
0.0
0.43699639321617684
0.04143964392602262
0.4013889954723354
0.10521065152329066
0.33746450771237835
0.12224694958176656
0.2747294912132608
0.06983347402348254
0.25115110122016737
0.07136827565037226