1000000000
0.32844468585913456
0.3950751403222887
0.3568561771983826
0.46695636429476745
0.394909167722856
0.5335264650854005
0.42066509747118114
0.5996740901683869
0.4086999818938982
0.6323254270022332
0.3977457903313418
0.6169352405093852
0.4456816947311245
0.6183233749773674
0.5239604079908263
0.6114430563099765
0.5735862152211962
0.6162713501116547
0.5954493330919188
0.5896553805299056
0.615622548132054
0.6080632506488021
0.6242078580481625
0.6932826362484158
0.6563914539199711
0.7612408715070315
0.6739091073691835
0.7683022511919854
0.6629247389703664
0.7358923290482224
0.6379383185466836
0.6924980385056432
0.6151548071700164
0.6547769931800351
0.6092703240992217
0.5946647353491459
0.5876787977548436
0.5973806506125899
0.5667964270625867
0.6258072303699682
0.5884332186613556
0.6138572032108155
0.6311485303880742
0.5725752912064699
0.6316011829319815
0.5133683384633957
0.6221860100187098
0.39797211660329523
0.6090590862453982
0.2584344257348059
0.593910314442634
0.11913814955640052
0.5929295672641681
0.066871869153238
0.6614008087392119
0.03844528939585976
0.5676564668960107
0.013881344679823769
0.4501931317520672
0.0032590983161325405
0.4716639507514033
0.0
0.5707495926127105
0.014907357112680321
0.6215070312028487
0.10579998792926552
0.6357052326634077
0.2648922686945499
0.6502806445772226
0.44939344559116423
0.6411823284446859
0.6435512100911343
0.6012281972358019
0.8658941396583982
0.6076407749411553
1.0
0.643173999637878
0.9256442754541617
0.6540225722735229
0.8142917496529667
0.6642977850202186
0.786227291930714
0.656376365501841
0.8070493089504497
0.6295944233206592
0.7799505099885332
0.6553352646508541
0.7741565574265197
0.6647202607278656
0.6933429899209368
0.673999637877965
0.7116905063673125
0.6829621582473294
0.8552718932947071
0.6580360914961677
0.7874343653811336
0.646508540044662
0.7049912487174846
0.7055646086064338
0.5809040980143643
0.712701430382039
0.4332790150280646
0.6940068803186675
0.35264650854004476
0.707993843925403
0.2810066992576498
0.695772225239906
0.26446979298690326
0.6825095057034222
0.22059267306415598
0.6731094212082807
0.23236163920574573
0.6702577101816648
0.2314563341179311
0.6455579697024565
0.17653449212384575
0.6215824732935
0.1501599372321805
0.62469068742833
0.19802039954131215
0.5775242923531898
0.30955398636007014
0.533556641921661
0.4691290965055223
0.47570764681030847
0.5218782062888528
0.4016386022089444
0.46780131571006095
0.34929687971513074
0.39211781036876087
0.33778441668175513
0.31498581688695754
0.3181996499486994
0.2735228438650492
0.3571730339791177
0.28939585973806503
0.35723338765163865
0.33279015028064457
0.3343291689299294
0.30913151065242334
0.2623121491942785
0.2732210755024443
0.21306355241716451
0.25927937715009963
0.21763534311062832
0.2794375037721045
0.223881948216549
0.3043635705232664
0.22543605528396404
0.3082262055646085
0.2323314623694852
0.2810670529301708
0.24547347456092708
0.2398454945983463
0.26071277687247274
0.23773311606011222
0.26822680910133384
0.25970185285774644
0.2856388436236345
0.25867584042488995
0.3328505039531656
0.24141469008389155
0.4173154686462672
0.21383306174180697
0.45663588629368096
0.19560625264047315
0.4834329168929929
0.18685497012493216
0.4778049369304123
0.18142313959804454
0.4867523688816465
0.17327539380771326
0.5071669986118656
0.15643671917436178
0.49980385056430693
0.1311485303880741
0.47492304906753585
0.10555857323918161
0.4771108696964211
0.08527973927213472