1000000000
1.0
1.0
0.9972234551928
0.9968645820544543
0.8486877520375493
0.8603039088839989
0.29011115623258754
0.37794063482769374
0.23458970411854152
0.31662999235033573
0.24929405876075436
0.28924230547659313
0.25870031259739146
0.26295012607779966
0.26194905890241477
0.25097509609300483
0.25190061102873806
0.24727303635007114
0.25411051403855056
0.2512395289317859
0.2735557717189079
0.25120175281195994
0.2837647681018444
0.25875697677713017
0.30083957426312957
0.27488737994276896
0.31345679828496414
0.2861824397706988
0.32135200732856717
0.2955131413676844
0.3452642911783315
0.31187020125227805
0.3457364926761547
0.3215408879276965
0.33355369403231744
0.29498427569012264
0.33853069781937345
0.2579636782607873
0.3404006157507531
0.23922672282716484
0.35043961959447334
0.23337142425415758
0.3533106047012381
0.23756457355482707
0.3380207202017245
0.2537327528402918
0.30137788397064796
0.2643856186311823
0.30952808182307545
0.27760726057023055
0.318329917742499
0.2970997384003701
0.2822159471889844
0.318858783420061
0.27816445833766185
0.32358079839829257
0.30136843994069146
0.3052593802827543
0.30445663773645487
0.28535136513453035
0.27970383522056524
0.284406962138884
0.23047210705752363
0.29823302199514573
0.21006355832160692
0.31485451471852066
0.21688214795017322
0.3051082758034509
0.25384608119976954
0.29498427569012226
0.2964669883932872
0.3950909932286303
0.27708783892262506
0.37336972432876553
0.24036945045189687
0.2831603501846307
0.23972725641485726
0.26366787235449113
0.2428532303304465
0.2201875584349352
0.25002124906740203
0.1974463342997724
0.27281913738230373
0.2056815284218081
0.2416727265858888
0.22642061820620094
0.24796245053689306
0.24002002134350767
0.26831433509307095
0.2714497530386166
0.2516928423696959
0.5142368751593677
0.21485168150953382
0.36894991830914087
0.18923947226760598
0.232238140659382
0.18625515880136376
0.2145589165808832
0.19664359175347307
0.20213057315817806
0.20049675597570996
0.18860672226052297
0.18594350581280034
0.18275142368751596
0.17856771841680277
0.19049552825181543
0.18094761396583145
0.20545487170285304
0.17412902433726518
0.22551399133038028
0.15576983010190107
0.2503706781757911
0.15355992709208865
0.23510912576614676
0.16661157649192068
0.18618905059166843
0.1717302407283235
0.134737975388858
0.16168179285464684
0.09590412420788197
0.15686533757685078
0.05801467602255236
0.1766600243655972
0.05880797453889521
0.1674237630681765
0.08955773607713889
0.17270297581383917
0.12612502006856374
0.16752764739769746
0.08510015393768813
0.13082814698688225
0.08944440771766134
0.14323760234967464
0.07935818372415883
0.12885434472598142
0.08408019870239027
0.12881656860615556
0.0954885868897976
0.12542616185178534
0.0978684824388262
0.1132055870881222
0.09201318386581928
0.1329436096971299
0.0857045718549019
0.10261882950692716
0.08838667636253747
0.09725462049165617
0.09647076600526981
0.09300480701124782
0.10134388546280466
0.08546847110599033
0.09730184064143849
0.0740789709784959
0.09503527345188736
0.033743519034442344
0.09722628840178672
0.0
0.09522415405101656
0.004117597061017874
0.097188512281961
0.014449365833388374
0.09835957199656242
0.015459877038729917
0.0925420495433812
0.04230925420495433
0.12578503499013094
0.4067354821649494
0.4341515011285613
0.6962422204803232
0.7060262355152187
0.873374446343744
0.8945290734462208
0.8433046549623655
0.9517976711022127
0.9497199845117907
0.9874583282178172
1.0
1.0
1.0
1.0