1000000000
1.0
1.0
1.0
0.9996705378469648
0.9999485215385886
0.9998764516926121
0.9637591631661316
0.9621942179392142
0.4141545177497735
0.3808582489086565
0.29259327897207804
0.281237130384647
0.31002388600609515
0.363849765258216
0.31831191829338606
0.42471789803146376
0.33340540317930983
0.4632237871674493
0.3624083683386871
0.48216786096697134
0.382258463059056
0.5013178486121408
0.37971542706531575
0.5301046042335887
0.3737542212338358
0.5619800675397414
0.3577753068116299
0.5874722016308378
0.341466930236389
0.5976031628366689
0.3299254591878758
0.5805123136479698
0.33135656041512224
0.5508607198748044
0.34036529116217795
0.5328638497652582
0.34730458776048095
0.5351289020673752
0.3570957911209949
0.5558438349394613
0.37230252862202456
0.594349724075447
0.3550984268182193
0.6371386212008894
0.3167263816819045
0.6591302199159871
0.30184910633390993
0.6515525903961785
0.3169014084507043
0.6168766987892265
0.33200518902891035
0.5728111358207726
0.29927518326332253
0.5409768552837493
0.24387406309200232
0.5159377316530764
0.19179845152788078
0.48505065480602894
0.1546927765422947
0.44205584383493945
0.16262045959970342
0.4102215632979163
0.18751544353842342
0.4110452186805039
0.18595049831150645
0.43357219339428366
0.12985956675726879
0.45247508442467654
0.08864591055102544
0.4633885182439667
0.09495716992010535
0.45795239271888655
0.11222304587760486
0.4334074623177664
0.08387900502429776
0.4028910303928835
0.06270076599950575
0.4302363890948029
0.08822378716744914
0.4912692529445681
0.09181698377398903
0.5207561156412158
0.05495840540317933
0.5080306399802319
0.05403179309776792
0.4996705378469649
0.06477020014825777
0.5144551519644182
0.07291409274359602
0.5156494522691708
0.051612305411415815
0.49394613293797895
0.04301540235565443
0.44341487521620965
0.06249485215385877
0.4086154353018697
0.06478049584054034
0.4576229305658515
0.06760151552590397
0.5137550448892184
0.05341405156082705
0.4478214315130546
0.022918211020508998
0.3298739807264641
0.014774318425170895
0.24862037723416516
0.010120665513549123
0.2241166296021744
0.00610534552343299
0.23573017049666428
0.0005765587678115471
0.24273124124866133
0.0
0.23523597726711146
0.0253582900914258
0.2171979243884356
0.11988304093567248
0.14982291409274345
0.13805493781401865
0.15871839222469328
0.14409850918375738
0.18083353924717896
0.15629890453834117
0.19129396260604545
0.15800798945721112
0.15525903961782384
0.17941273371221472
0.1737912857260523
0.171248249732312
0.20455481426571126
0.17321472695824067
0.23185899019850081
0.23018079235647798
0.23811877110616905
0.2720224857919447
0.2411662960217445
0.2773968371633309
0.269170579029734
0.3172514619883041
0.34243472531092967
0.3536158471295609
0.4269829503335804
0.3711494110864015
0.5153611728852648
0.3693888477061198
0.5837245696400627
0.3500535375998683
0.6186063750926609
0.3543365455893253
0.5276748208549543
0.34476155176674084
0.3654558932542625
0.3265072893501359
0.2760892842434727
0.31676756445103377
0.29841034511160536
0.32148299151634957
0.34086978008401275
0.32011366444279715
0.34560579853389317
0.2950024709661479
0.3692858907832963
0.27276377563627374
0.3953957664113334
0.23964253356395684
0.36290256156823947
0.2554258298327981
0.272382835021827
0.6486903879416853
0.6962770776707029
1.0
1.0
1.0
1.0
0.9999588172308707
1.0
0.9999588172308707
1.0
1.0
1.0