1000000000
0.10690161527165928
0.27063142437591786
0.11993392070484582
0.2820851688693097
0.11930983847283408
0.3042584434654918
0.10693832599118938
0.2907488986784142
0.09952276064610863
0.27914831130690154
0.08766519823788536
0.3022026431718062
0.08524229074889865
0.302496328928047
0.08241556534508074
0.32643171806167404
0.07995594713656386
0.36696035242290737
0.07415565345080756
0.39251101321585913
0.056534508076358306
0.4010279001468427
0.05594713656387666
0.4052863436123345
0.059397944199706385
0.39060205580029367
0.06020558002936858
0.2926578560939795
0.0724669603524229
0.2092511013215859
0.06391336270190895
0.18546255506607917
0.06259177679882533
0.11732745961820852
0.13050660792951535
0.03994126284875173
0.22386196769456684
0.03303964757709251
0.2820117474302496
0.03729809104258439
0.3562408223201175
0.04185022026431707
0.41057268722466955
0.04229074889867837
0.495044052863436
0.047136563876652
0.5543318649045521
0.06696035242290749
0.5924375917767988
0.07283406754772392
0.6289280469897208
0.06813509544787077
0.6483847283406753
0.07944199706314249
0.6472834067547723
0.07885462555066085
0.6230543318649046
0.0747430249632892
0.6491189427312775
0.06916299559471359
0.6508076358296621
0.0644640234948605
0.6281204111600588
0.06240822320117467
0.4807635829662262
0.06975036710719536
0.580359765051395
0.07415565345080756
0.8076358296622612
0.06431718061674015
1.0
0.037004405286343606
0.9938325991189427
0.13333333333333314
0.769640234948605
0.49750367107195304
0.583590308370044
0.19368575624082204
0.6591776798825255
0.22143906020558013
0.8410792951541851
0.42364170337738616
0.816519823788546
0.44023494860499274
0.8486417033773861
0.7099853157121874
0.9491189427312773
0.4273127753303963
0.8712187958883995
0.3590308370044052
0.8937591776798823
0.3234948604992658
0.924779735682819
0.26196769456681335
0.9490455212922171
0.5190895741556534
0.9158957415565344
0.7985315712187958
0.8830763582966225
0.6232011747430247
0.9002202643171806
0.23553597650513944
0.840088105726872
0.4301027900146841
0.861160058737151
0.5876651982378851
0.890014684287812
0.4577092511013215
0.8310572687224669
0.3709251101321586
0.7569383259911893
0.5246696035242291
0.7440161527165933
0.5311306901615271
0.7771292217327457
0.20220264317180622
0.7468428781204112
0.18560939794419978
0.7259544787077825
0.17312775330396485
0.6784508076358297
0.20044052863436115
0.7509911894273127
0.19412628487518355
0.8250367107195301
0.21071953010278985
0.813619676945668
0.20792951541850205
0.8021292217327459
0.15609397944199702
0.8428046989720999
0.13582966226138032
0.862848751835536
0.12731277533039653
0.8428414096916299
0.12657856093979436
0.8633259911894271
0.12437591776798831
0.8335535976505137
0.07224669603524242
0.6739353891336269
0.0
0.5769823788546254
0.000440528634361233
0.39346549192364166
0.00690161527165935
0.36486784140969164
0.010425844346549215
0.40216593245227616
0.01174743024963288
0.4458149779735682
0.00690161527165935
0.568612334801762
0.007048458149779795
0.6371879588839942
0.01365638766519829
0.6990822320117474
0.01850220264317182
0.7078193832599117
0.021292217327459628
0.7198604992657855
0.015565345080763566
0.7178046989720998
0.017914831130690142
0.6813142437591775
0.021439060205580007
0.6373715124816445
0.03245227606461083
0.5545154185022024
0.03861967694566809
0.47602790014684276
0.0449339207048457
0.444309838472834
0.05462555066079276
0.41938325991189407
0.06005873715124817
0.42694566813509527
0.09765051395007332
0.27881791483113066
0.0328928046989721