1000000000
0.44236201058035896
0.4438913250417438
0.4428145628189322
0.4447652190196779
0.4425180630764191
0.4447652190196779
0.44261169457405464
0.4469499539645138
0.44373527254568434
0.44663784897239406
0.4432983255567172
0.4458887969913076
0.4425180630764186
0.4455766919991885
0.4420499055882398
0.4442658510322872
0.44219035283469355
0.44276774707011435
0.4416441690984849
0.44245564207799454
0.44133206410636533
0.4453270080054925
0.4427677470701141
0.4458263759928837
0.4425492735756308
0.44651300697554674
0.44716842745899715
0.4469499539645136
0.40915403941886025
0.44663784897239406
0.32845929370640303
0.4459512179897317
0.2566907507685587
0.44676269096924176
0.20068350993274137
0.4478238479424478
0.1677564332641501
0.4475117429503282
0.1434122438788408
0.4478238479424478
0.15018492220783078
0.4482607949314144
0.141399166679671
0.4482607949314144
0.1135594013826251
0.4485104789251106
0.07513927685273306
0.4483232159298383
0.06285794541283692
0.4488850049156536
0.04374151464552682
0.4493843729030448
0.05622571433030076
0.4493219519046209
0.04912532575958547
0.4503206878794028
0.052355612428020844
0.4503206878794028
0.03592328459293725
0.4509448978636413
0.07343830464568273
0.4509448978636413
0.05243363867605079
0.4511945818573363
0.06691531031038846
0.45000858288728324
0.10745774878669172
0.45163152884630386
0.09595667982709373
0.45163152884630386
0.07534214509761086
0.4520684758352705
0.11021987796694818
0.4521933178321187
0.10862814250713951
0.4508824768652174
0.13745103852936125
0.45125700285576087
0.18206644715282233
0.45194363383842273
0.21004665969632194
0.45350415879901923
0.16705419703188168
0.45312963280847646
0.17243800814594032
0.4540659477848343
0.1487804497432937
0.45312963280847696
0.1401663519607998
0.45450289477380185
0.11485463709992051
0.45793604968711493
0.09692420530266393
0.4411448011110935
0.11246703391020761
0.4201089246422494
0.09188370967993634
0.35956055617109534
0.0713003854496653
0.30319439459434167
0.06402833913328436
0.20600490004837627
0.0729233314086858
0.1510744214353708
0.12424899736271279
0.14882726549211125
0.2217037811519794
0.25737738175122116
0.2627924033644917
0.3480126714626801
0.23045832618092746
0.4098094599023114
0.16920772147750507
0.43758680420093315
0.1379972222655701
0.4117445108534511
0.1383873535057195
0.3995099951623726
0.10625614456703235
0.39251884333889897
0.1149482685975562
0.4205458716312167
0.10672430205521125
0.4053151480157925
0.07200262168193394
0.3899595824035206
0.13495419859240634
0.40387946505204325
0.19356751611242012
0.4433295360559292
0.17825876624896606
0.4612443626035802
0.2285544857289992
0.452630264821086
0.24423776158299648
0.4510073188620647
0.2077682932538506
0.45768636569341875
0.1747475850876234
0.45687489271390913
0.2187699942260575
0.45818573368080995
0.18010018570247033
0.45543920975016033
0.135219487835708
0.4363383842324555
0.14608074156146134
0.4040667280473144
0.13910519498759388
0.36093381813642134
0.09169644668466473
0.3257283750253586
0.04289883116680435
0.259374853700785
0.005727126605390161
0.2230458326180927
0.013810645901281289
0.21792731074733515
0.0
0.20425711209250802
0.031226104461540827
0.19795259125169684
0.18941651971723278
0.6388321031194889
0.2590939592078776
0.9272795368361911
0.2519467548883445
0.5063123234656133
0.2414912376523461
0.43989638114261653
0.209968633448292
0.4387728031709862
0.10063825470888407
0.3945163152884628
0.1554907070738596
0.651503565799535
0.2724676581201917
1.0
0.13184875392081893
0.6679202883850128