1000000000
0.9525249841613699
0.8532014469354807
0.9489689562853818
0.8466616255543524
0.9373812102756947
0.8352169381373773
0.9211134045901375
0.8231182685822894
0.9115897897038687
0.8139625186487095
0.9037420040465145
0.8185403936154992
0.8972634934908341
0.8214833132370073
0.874905479144101
0.8263881792728537
0.8747624205513888
0.8290041078253052
0.8756003351658459
0.8358709202754898
0.8687130857738449
0.8453536612781258
0.8658314769777852
0.8548364022807629
0.8695305634464859
0.8623571968690606
0.8629498681817254
0.8551633933498193
0.8584537409821995
0.8496045451758597
0.8523022214955752
0.8428194804929385
0.8568187856369174
0.8414297684494494
0.8582698085058553
0.8335002350248311
0.8517504240665428
0.8263064315055896
0.8003310784574198
0.8172324293392735
0.7547566982076801
0.8081584271729579
0.7079152275653467
0.8005558848173955
0.675400053136049
0.7963867486869266
0.6197502605710085
0.7953240277124932
0.6287016410864278
0.7887024585641006
0.6187692873638388
0.7849420612699508
0.571519077885185
0.7893564407022129
0.5894422758578406
0.7954057754797573
0.5725613619178024
0.8054607508532419
0.4676789765179539
0.8266334225746454
0.4292983997874561
0.8444544358382213
0.43373321616153343
0.8465798777870874
0.42653941264229217
0.8463346344852958
0.37841041466554914
0.8450266702090701
0.34648791154891584
0.8433917148637876
0.317569638879238
0.8499315362449167
0.3050009196623818
0.8420837505875619
0.2637591710776399
0.835789172508226
0.22793321207414505
0.8339089738611516
0.21650896159898617
0.8217285565387991
0.2571989127546952
0.805869489689563
0.2657415544337943
0.7932803335308906
0.25476691667858786
0.8000653982138114
0.20941734278882507
0.7841245835973106
0.2276675318305367
0.721914532709325
0.26247164374323023
0.6741738366270874
0.19705299299012866
0.772107661809487
0.17150681572009552
0.7255931822362104
0.17545114549058866
0.4903231080501113
0.2650262614702334
0.3875661645991294
0.29312705646727
0.3400707118186835
0.27313972737119613
0.4472420347019272
0.23819255686579044
0.5473013018331931
0.1869571437330115
0.45402709938484814
0.20551388690196368
0.3773476936911159
0.20528908054198755
0.2190022685005414
0.24783879340295514
0.14011567309067832
0.26326868447405494
0.2082115632216792
0.2069444728290857
0.30352945985162805
0.1612065970448181
0.39688541006723754
0.11236230610451443
0.48558173754879314
0.09871042897140865
0.4151151621671331
0.07600498661380291
0.14559277349737373
0.07966319919887167
0.0004904866035841931
0.07555537389385032
0.00768429012282542
0.07365473830495985
0.1469824855408637
0.06783020988739225
0.27843289530154686
0.1448979174756287
0.22259917026016166
0.14457092640657226
0.0045778749667898175
0.3291573848889248
0.0
0.40716519180069877
0.24614252723222493
0.4699679140013489
0.2494941856900533
0.47908279005129667
0.5899736363450571
0.4891173284829659
0.8943205738693263
0.4304633054709693
0.8509942572193498
0.37832866689828504
0.8460893911835035
0.48345629559992637
0.8586785473421755
0.49183544174449745
0.854918150048027
0.58764382497803
0.831947027446813
0.6522449980584905
0.8080766794056942
0.7609899654615685
0.7770942756125973
0.9161881016124748
0.751425476691668
0.9914982322045329
0.7313972737119611
1.0
0.7108785841286706
0.9796243690094217
0.6933845619341518
0.9480288569618442
0.6960004904866032
0.9296356093274203
0.7121048006376322
0.9213790848337452
0.7225685148474381
0.9206637918701847
0.7174184055098001
0.9062557478898858
0.7141484948192355