1000000000
0.7010610880215471
0.0
0.7000626901019297
0.02266131091968691
0.7057047992755813
0.09816805591028367
0.7147135991084075
0.19596461492024425
0.7161763681534284
0.30165548306206313
0.7259978174557108
0.3346258329657059
0.7526527200538673
0.34753535025192156
0.7095590796164295
0.35496528825837614
0.6057024774199542
0.34911421207829285
0.5875223478604104
0.3609092386635401
0.62550790591841
0.3734472590494323
0.6089298567415081
0.3731686363741901
0.5967633332559383
0.33174673198820503
0.6238826069794982
0.27500058046390635
0.7420418398383989
0.23097819777566228
0.8110241705170775
0.1808261162320928
0.8594348603403843
0.16912396387192638
0.8643804128259308
0.14841301167893392
0.8836285959739028
0.1490631312544988
0.9194316097425065
0.19475724999419544
0.9441825907265087
0.25298938911978464
0.977036847848801
0.26775639090761333
0.9824467714597508
0.2697996238593884
0.928602939469224
0.34298451322296786
0.8138568343820383
0.28400938029673306
0.6360259119087979
0.0403074136850172
0.5699226822076205
0.049037590842601536
0.5128282523392698
0.2379437646567136
0.524669716037057
0.36388121386612166
0.4151477861106598
0.35803013768603836
0.31342729109103984
0.3512503192551486
0.29255380900415623
0.3351830783161904
0.30736724790452535
0.33156098353804364
0.29387726671155595
0.34001253802038595
0.31407741066660466
0.3650885787921704
0.3270333650653603
0.3693607931458819
0.2793888875989692
0.33964104112006355
0.2153753279621074
0.2849381225475401
0.1814762358076574
0.26627040330632235
0.19550024379484093
0.3055562005154517
0.2167220042257773
0.24862430054099233
0.2227588288560218
0.17655390187838113
0.20604146834149853
0.17683252455362328
0.20905988065662068
0.2892103369012516
0.25997817455710615
0.33676194014256217
0.2361094987113701
0.36713181174394544
0.2210174371357589
0.4359516125287331
0.2090830992128912
0.3141935034479553
0.15588938679792902
0.1740462978012029
0.1333673872158629
0.3306322412872367
0.15103670853746318
0.4472822679885766
0.14736817664677623
0.3127075158466644
0.10459959599712107
0.4465392741879311
0.140565139659616
0.47811651071536365
0.14286377673036305
0.35422229445773085
0.207736422949221
0.5153590749727185
0.2760221969397944
0.4919547702523858
0.24156585943486047
0.5384847570178087
0.3008428335926073
0.5677401379182241
0.3817362836378836
0.566997144117579
0.46752884905616565
0.5742413336738716
0.5248554644872182
0.5760988181754862
0.5373006106480299
0.5785135480275831
0.5211637140402611
0.5811140263298429
0.5333070189695603
0.5772133088764541
0.5428962827091416
0.5935591724906549
0.5526712948988832
0.6061900671016278
0.5213494624904225
0.6000603682463025
0.46228145533910714
0.6035895887993681
0.3416610555155681
0.6083261742784833
0.3189533074833408
0.6117625206064685
0.3440061296988555
0.611576772156308
0.40576748937751067
0.6119482690566304
0.48083308179897366
0.6221644338155053
0.5566184494648125
0.6267152708444583
0.6614037939120948
0.6278297615454272
0.8321298381666633
0.6351668253268015
0.8799368455269451
0.6347953284264781
0.8879240288838842
0.6391604170052707
0.8991850286749172
0.655227657944229
0.910933618147624
0.6717592700085909
0.9158559520769001
0.6738953771854463
0.9274187930994453
0.6827184285681113
0.9457846711091507
0.6894982469990013
0.9574636049130467
0.6937704613527128
0.969444379948455
0.7051011168125564
0.9836773549420699
0.7194037474749823
0.9955884743086678
0.7274838050570018
0.9949615732893728
0.7306415287097451
1.0
0.7420650583946692