1000000000
1.0
0.9779856232641725
0.9824170887109952
0.9569106355170724
0.9793538637477537
0.9546234275445183
0.9759638947884333
0.9549501715405982
0.9690205848717534
0.9507841855905899
0.9654264009148835
0.9467815716386212
0.9632004574415945
0.9461280836464625
0.96128083646463
0.942860643685672
0.9592182649893809
0.9458013396503839
0.9561958830256494
0.9485786636170563
0.9544192125469698
0.9459647116484229
0.952254533572946
0.9443309916680281
0.9469653651364154
0.9366525077601696
0.9418599901976802
0.9328132658062406
0.9241341284103902
0.9238278059140667
0.8429790883842511
0.7765479496814242
0.7598431628818823
0.6797500408429995
0.6777895768665251
0.5260986766868158
0.6473819637314164
0.533777160594674
0.6054566247345203
0.45870772749550726
0.5867505309589934
0.41075804607090344
0.485888743669335
0.4199885639601375
0.2594755758862932
0.35986766868158815
0.1773811468714263
0.37367260251592893
0.1887150792354188
0.43828622774056525
0.1561427871262865
0.39041823231498096
0.1625551380493382
0.41623100800522805
0.09242770789086742
0.5046152589446166
0.07447720960627342
0.5376980885476228
0.04020993301748062
0.6136660676360075
0.022402385231171357
0.6325355334095732
0.025996569188041073
0.7340712301911452
0.0
0.8068534553177588
0.032837771605946635
0.921377225943473
0.052769155366770015
0.9275036758699554
0.055383107335402665
0.9293824538474109
0.057037248815552964
0.9329766378042801
0.055934487828786246
0.938858029733704
0.11164433916026784
0.943350759679791
0.15389642215324295
0.9486603496160761
0.09845205031857539
0.9531530795621631
0.11811795458258452
0.9563388335239338
0.12749142297010282
0.9355905897729121
0.27760986766868156
0.9235827479170065
0.36103169416761954
0.9359990197680113
0.4171908184937102
0.9499673256003924
0.4629553994445353
0.9589527854925664
0.43922561672929256
0.9541333115504
0.3997304362032348
0.9571556935141311
0.37404018951151774
0.9516827315798073
0.33242117301094587
0.9782306812612318
0.39015275281816714
0.9596062734847242
0.39942411370691033
0.8864156183630121
0.4619751674562978
0.7975412514295052
0.48811468714262385
0.8320127430158473
0.5455399444535204
0.8640336546315956
0.5414964875020422
0.8619915046561017
0.5581195883025649
0.8680362685835646
0.5889356314327726
0.852760986766868
0.6141561836301258
0.8227005391275937
0.7091161574906061
0.8502287207972555
0.7355007351739914
0.8383842509393888
0.7716263682404835
0.821801993138376
0.8434079398791049
0.8708952785492567
0.8826580624081034
0.8958911942493057
0.8847206338833522
0.917619669988564
0.8873958503512496
0.9283205358601536
0.8809222349289333
0.9368975657572296
0.8849861133801664
0.947435059630779
0.8923582747917005
0.9521728475739253
0.9107784675706585
0.9627103414474757
0.909532756085607
0.9773321352720147
0.9202336219571963
0.9895850351249799
0.9238890704133312
0.9954664270544029
0.9434120241790558
0.9944861950661651
0.9469449436366607
0.9901568371181176
0.947455481130534
0.989585035124979
0.9509475575886294
0.99636497304362
0.9558895605293253
0.9989789250122532
0.9540924685508905
0.9964466590426398
0.9500285900996567
0.9856641071720307
0.9431465446822415
0.9756167292925992
0.940430485214834
0.9554402875347169
0.9402262702172848
0.9409818657082171
0.9405938572128735
0.9388580297337034
0.9423501061917985
0.9451478516582256
0.9437796111746444
0.9562571475249145
0.9475780101290636
0.9663862114033652
0.9490483581114197
0.967529815389642
0.9653447149158635
0.9765969612808367