1000000000
0.1801644301644302
0.007371007371007364
0.2032382032382033
0.0005670005670005951
0.2296037296037296
0.0
0.23391923391923397
0.002268002268002151
0.24236124236124235
0.0068670068670068606
0.2631827631827632
0.012789012789012805
0.28806778806778804
0.01997101997101995
0.2947457947457948
0.026523026523026526
0.288902538902539
0.03339003339003339
0.27685377685377693
0.03761103761103755
0.2802085302085303
0.04309204309204308
0.29943929943929937
0.04668304668304667
0.3045108045108046
0.04926604926604913
0.33468783468783475
0.05184905184905183
0.3540603540603541
0.07698607698607705
0.3962231462231462
0.12908712908712905
0.4282586782586783
0.18427518427518413
0.42892017892017875
0.23662823662823657
0.411138411138411
0.28608328608328604
0.4252819252819254
0.3261513261513262
0.41872991872991894
0.35109935109935114
0.4108076608076608
0.4080514080514079
0.3951206451206452
0.5156555156555155
0.3928053928053928
0.6065646065646064
0.39548289548289545
0.6658476658476661
0.39308889308889317
0.7137907137907139
0.3663138663138662
0.731871731871732
0.34341334341334345
0.7166887166887168
0.37185787185787184
0.6831096831096831
0.3354595854595855
0.6317646317646315
0.2966987966987967
0.5792225792225795
0.27734202734202734
0.5377685377685376
0.29058779058779055
0.5136395136395135
0.2563315063315063
0.5208845208845205
0.2501575001575002
0.5576765576765579
0.22278397278397283
0.5938385938385939
0.20235620235620225
0.6290556290556291
0.18284193284193287
0.6717696717696716
0.17821142821142819
0.7136647136647138
0.21796446796446797
0.7813897813897813
0.25091350091350084
0.8375228375228374
0.25118125118125123
0.8728028728028727
0.2861620361620362
0.8954198954198955
0.28350028350028345
0.9172179172179176
0.3147798147798149
0.9387009387009383
0.34602784602784603
0.96975996975997
0.36092736092736094
0.9985509985509988
0.3506741006741006
1.0
0.3527531027531028
0.9713979713979717
0.3638096138096138
0.9281169281169281
0.3485635985635987
0.9290619290619291
0.35993510993510996
0.9485289485289488
0.37763812763812765
0.9685629685629689
0.4197694197694197
0.9775089775089773
0.46950796950796964
0.915012915012915
0.4952907452907455
0.8794808794808798
0.49171549171549184
0.8486738486738491
0.4893529893529894
0.8655578655578657
0.4907074907074908
0.8706608706608703
0.470815220815221
0.8428148428148425
0.5117495117495117
0.8632268632268632
0.5555660555660553
0.8310338310338312
0.5930668430668432
0.8492408492408486
0.6034146034146034
0.8699048699048703
0.5793013293013295
0.8643608643608642
0.5686543186543188
0.8121338121338119
0.5664178164178165
0.6970956970956972
0.5862155862155864
0.5859635859635857
0.5714893214893215
0.5704025704025706
0.5534555534555534
0.625275625275625
0.5341617841617844
0.6389466389466388
0.5616928116928117
0.5940905940905941
0.5700403200403201
0.5593775593775595
0.5759308259308261
0.5321615321615325
0.5695835695835696
0.5447615447615445
0.5668273168273169
0.5933345933345932
0.5611258111258111
0.5641025641025644
0.5724658224658226
0.5170415170415171
0.601115101115101
0.5510615510615509
0.6194953694953697
0.6261576261576263
0.6345051345051347
0.5998235998235998
0.6731556731556732
0.5386505386505385
0.6795974295974296
0.5404145404145406
0.6882914382914384
0.501732501732502
0.683881433881434
0.44881244881244864
0.6415296415296418
0.44799344799344815
0.6010521010521013
0.43551943551943567
0.6042021042021043
0.45996345996346
0.588830088830089
0.5610785610785608
0.5878693378693379
0.5995085995085996