1000000000
0.8133092466649228
0.5981558985090244
0.7856313758828144
0.5343970703635887
0.7338314151190162
0.7723319382683755
0.7176056107768767
1.0
0.7161832984567092
0.9694611561600837
0.7029492545121631
0.613817682448339
0.6780424404917604
0.4484043944546165
0.6349071409887522
0.2986855872351555
0.5923930813497252
0.30424404917603975
0.5670366858488098
0.23764059639026933
0.5722354826052837
0.22658906617839378
0.6021203897462726
0.2463052576510592
0.6105071279100183
0.1387653675124247
0.5865485221030603
0.14288516871566828
0.5571704159037406
0.3703897462725607
0.5282991106460894
0.31421658383468476
0.46391086842793605
0.1781977504577557
0.4681205859272823
0.17715145173947164
0.5097845278577033
0.2436895108553492
0.5147135757258696
0.13199712267852473
0.4712349594559246
0.18669892754381365
0.4561617185456447
0.13608422704682188
0.44869866596913427
0.15671592989798594
0.48427282239079256
0.2063824221815327
0.5296969003400469
0.15776222861626993
0.5287486921266019
0.17734763274914986
0.4662078210829191
0.23410933821606064
0.3817600706251634
0.31640727177609207
0.40573502484959445
0.3814412764844363
0.40515465602929623
0.4417996337954484
0.40563693434475534
0.4271187549045252
0.40500752027203757
0.39671069840439444
0.3637195919434998
0.3958605806957887
0.28027726916034523
0.38987705990060145
0.2015024195657861
0.3893866073764059
0.18900405440753332
0.4153478943238294
0.20387294009939838
0.39582788386084217
0.27654982997645816
0.402661522364635
0.3129659298979859
0.41191472665445966
0.3141593643735286
0.4246664922835469
0.29835861888569176
0.4651124771122155
0.29498267067747835
0.5111823175516607
0.29142688987705984
0.5468872613131048
0.2828684933298456
0.5605218414857442
0.2804407533350771
0.5876602144912374
0.289792048129741
0.5903740517917867
0.2809393800680094
0.5488817682448338
0.28022004969918907
0.5006539366989272
0.29936404656029286
0.47335207951870256
0.3210175255035312
0.5096455663091813
0.3424911718545645
0.46413157206382416
0.34760822652367246
0.3691472665445985
0.35261901647920474
0.3959259743656814
0.3328537797541198
0.40354433690818725
0.31758435783416156
0.40635626471357567
0.31318663353387377
0.3589458540413287
0.32080499607637974
0.34148574417996314
0.34566276484436287
0.31225477373790217
0.35327295317813223
0.31588412241695
0.35742545121632224
0.26710044467695504
0.3590766413811143
0.25686633533873926
0.34910410672246917
0.2953178132356788
0.3432023280146481
0.26147658906617843
0.33712071671462196
0.1728027726916035
0.34174731885953435
0.17744572325398897
0.34275274653413546
0.18117316243787604
0.316104826052838
0.18954355218414853
0.2918601229400993
0.15962594820821338
0.32646154852210296
0.14605676170546691
0.3310227569971226
0.14154459848286674
0.33368754904525233
0.1591027988490714
0.35391054145958667
0.15275961286947423
0.3499051791786554
0.22698142819775036
0.30550287732147524
0.2282566047606592
0.27878138896154847
0.10328930159560555
0.2788140857964948
0.07013471095997907
0.26925843578341613
0.051039759351294796
0.2520762490190949
0.034756735547998914
0.2415642165838347
0.026844101490975686
0.2655309965995291
0.02468611038451478
0.2803099659952916
0.016413811143081346
0.25183102275699704
0.02337823698665971
0.2409756735547999
0.02612477112215536
0.24986921266021442
0.008108815066701549
0.24803001569448072
0.0
0.2519372874705727
0.01010332199843057
0.24696736855872345
0.02269160345278579
0.24587202458801982
0.14448731362804068
0.2386705466910802
0.4132552968872612
0.22923750980905044
0.5350837038974624