1000000000
0.6429882342898605
0.3733158815746417
0.664798190328501
0.4096800352829032
0.6565323165786965
0.43563004168504316
0.6660643912987808
0.43813398967121464
0.7136678569904255
0.43050832989514726
0.7579991179274141
0.4197527351363657
0.7873066909473745
0.40592411330364625
0.8044359714891377
0.3911280570217247
0.9015350908392494
0.3784945012733143
1.0
0.34452047973367095
0.9865555065515228
0.310774089829134
0.899216093556602
0.3102619186501444
0.8144944443654057
0.32067606595626624
0.7419226336980184
0.3161234332541365
0.6241374895076044
0.3220418557669052
0.5898931554012719
0.3242043563004167
0.5645833629728692
0.32562705401983216
0.5484499708346967
0.33040731835706877
0.5534009588982628
0.35396719259059023
0.6164122408911779
0.3893639118496494
0.6124713682083966
0.4168504317887578
0.5992402794178321
0.44467839918052615
0.49704790223221273
0.46152314017840634
0.41009261762153404
0.47768498627096695
0.4222424561453428
0.5158701930600805
0.46183613367667775
0.5388609882058356
0.48299164876438705
0.5569577031968016
0.5545675710281835
0.5777290899002687
0.5784688927143647
0.5279346697207246
0.5963522030474188
0.476489920186658
0.5993825491897737
0.4461010968999417
0.59666519654569
0.3986968088890154
0.6010471055214899
0.37917739617863394
0.5992402794178321
0.3492438361621308
0.5536001365789811
0.2747513835735322
0.5667458635063808
0.2935879013785941
0.5542830314843006
0.2762309892017241
0.5538277682140875
0.20213689197456214
0.5522770276999246
0.18500761143279892
0.5539131300772523
0.22131485723228386
0.5433424860219948
0.237419795416068
0.5596466018864972
0.2044701162344037
0.580944386746148
0.22985104354877708
0.5733187269700806
0.28738493932194226
0.5990411017371139
0.41946819559248266
0.6703182574798332
0.5517790834981292
0.7082900596110342
0.5785827085319181
0.6247065685953704
0.6162557441420421
0.5328998847614846
0.6530751611205164
0.5306235684104198
0.6043619912077279
0.543072173455306
0.6287185761641225
0.537765510961886
0.5373813825776438
0.5102078561368066
0.4839448562363955
0.5220162472079557
0.5111468366316209
0.5523481625858954
0.4355731337762666
0.552959922605244
0.4085418771073709
0.540326366856834
0.33222837143792056
0.5270952780662692
0.26445105208496356
0.4855382776821409
0.25625631322112974
0.4796483091237605
0.25631322112990657
0.48394485623639555
0.21351847372988647
0.4621064462433667
0.12417305695058961
0.4320875243636984
0.09998719572052521
0.38996144489180384
0.12758753147718704
0.38291909118069684
0.17704050420407175
0.34938610593407216
0.15643984122693458
0.324218583277611
0.1535375378793268
0.304101637525075
0.19240563957375975
0.2849521262217417
0.10175134089260054
0.2762167622245302
0.059924027941783226
0.26524776280783613
0.11819772652904433
0.23702144005463155
0.15717964404103052
0.22501387130276435
0.13970891604660757
0.2287840202592154
0.1769266883865185
0.20341731992203607
0.1910398497631208
0.1927186330720311
0.14130233749235305
0.18699938823998064
0.12946549246681552
0.18593236495041898
0.15717964404103052
0.15642561424974033
0.1364651652463401
0.1316564469547155
0.09708489237291751
0.1382150834412212
0.08371153381041131
0.15746418358491368
0.08519113943860347
0.17014042026490628
0.11347437010058474
0.1314714962511915
0.1255388467612286
0.10094040319253365
0.1321401641793167
0.09051202890921764
0.16947175233678102
0.07287057718846475
0.11654739717452224
0.04454466559490103
0.015251319552134716
0.02455576263711244
0.008991449586706304
0.024214315184452734
0.0