1000000000
0.10391719657554986
0.2006221267927437
0.08362925647589946
0.1636248520384287
0.07581137996531505
0.13851955845514358
0.05802846367715474
0.10581661023481159
0.09238307594901864
0.09590662592562005
0.12098439177471303
0.10978060395848817
0.11253337737770805
0.1156164836072343
0.1072480524128059
0.10878960552756903
0.10587166570319598
0.10394472430974207
0.10165992237178957
0.11759848046907259
0.10262339306851652
0.13378478817408537
0.13821675337902936
0.16307429735458473
0.20103504280562667
0.2108624439122416
0.24926363311035868
0.24048228590304732
0.2722217634266524
0.24081261871335366
0.3015388003413439
0.22363531257742175
0.295042255071985
0.21383543920499906
0.29424395078041127
0.20227379084427566
0.31337572604398933
0.19775924243675505
0.3515016379001844
0.1924739174718529
0.37556087758416606
0.18972114405263305
0.36226498196933404
0.21306466264761748
0.3282682302419688
0.26338536075095664
0.2852423816995623
0.2400418421559722
0.2794065020508162
0.2072287829988714
0.34360117818702346
0.20832989236655935
0.438048834200457
0.20799955955625293
0.44627962672392435
0.2019434580339692
0.5140529083051175
0.1939053596498473
0.6572797093071271
0.18190326754204852
0.7536267789798222
0.16692818014149258
0.7671428964681918
0.15426542241308114
0.7779888237399178
0.13444545379469813
0.7974234040796103
0.11022104770556336
0.8423486662812782
0.08247309163982715
0.9324194125581522
0.06881933548049661
1.0
0.056597021499160384
0.921986401299309
0.057037465246235576
0.6706581881245354
0.06562611831420154
0.609601673686239
0.0627632339582129
0.6420018168304568
0.06386434332590085
0.6422770941723787
0.07201255264679163
0.6157954138794836
0.09051119002394908
0.602416935062075
0.12420513667520026
0.7392848294656866
0.17893027224929112
0.7365320560464669
0.223525201640653
0.6946073168717483
0.25964158890081745
0.6995072535579596
0.2893715418283921
0.7097750984116499
0.30071296831557787
0.7035263027500206
0.27725933878382475
0.7092245437278057
0.24147328433396642
0.7220524678613703
0.21064222203870403
0.7411016599223718
0.20832989236655935
0.7157210889971646
0.20007157210889978
0.7761444655490406
0.1931345830924657
0.8793459410355933
0.18950092217909542
0.8058744184766153
0.18762903625402594
0.6812838935227241
0.20403556583257632
0.6024719905304595
0.2322239656453877
0.5018030665895891
0.2572191482919041
0.5370110386214111
0.28232444187518924
0.5546012607702261
0.2615134748258871
0.43524100531285276
0.18586726126572523
0.3945825419109752
0.13444545379469813
0.4156963140363916
0.12255347262366838
0.46709059377322654
0.1283893522724145
0.6527651608996065
0.1460071021554216
0.7926335783301677
0.17562694414622737
0.8117102981253613
0.2052467861370331
0.8080491094777988
0.16968095356071236
0.684174305612905
0.0808214275882952
0.5779172516310183
0.016736862388856764
0.5938833374624934
0.002422440608913481
0.6309631954193851
0.001981996861838302
0.6124095025738432
0.0
0.5991411346932034
0.0
0.5938833374624934
0.002422440608913481
0.5725218157293473
0.006496545269358879
0.5395435901670933
0.012332424918104993
0.5003716244115947
0.02521540452005396
0.46885236876152725
0.036666941944008595
0.4427560767473229
0.051972362154871034
0.41225534726236684
0.08996063534010512
0.3732760756462135
0.20976133454455362
0.31656894321028434
0.43284609243813144
0.2619539185729623
0.5743386461860325
0.23921601013020619
0.5540782338205743
0.2322514933795799
0.4622457125553996
0.2086602251768657
0.3814242849671044
0.1915930299777025
0.33077325405345875