1000000000
0.011646188784720197
0.0018633902055552305
0.0
0.0
0.0
0.0
0.0
0.0
0.0
0.0
0.0
0.0
0.0032900483316834575
0.003726780411110463
0.05464974087229955
0.0038432422989576635
0.14697490246316894
0.1261282245385198
0.16196937052349616
0.5073079834624118
0.13203866534676523
0.6334362080009318
0.15556396669190004
0.5121993827519943
0.20858324113433876
0.473301112211029
0.28137192103884007
0.6895708379432832
0.3719792697839632
0.5946543993478134
0.3680195655971583
0.5296686659290747
0.37349327432597673
0.7363885168578578
0.4025505153438537
0.6946951610085599
0.49205147615442846
0.4643335468467943
0.5119664589763001
0.5824259011238573
0.49598206486927154
0.6667443079252314
0.4520468176789146
0.5387526931811565
0.3955628020730215
0.411110464100623
0.49542887090199733
0.4115763116520118
0.5826588248995517
0.482035753799569
0.6202177837302743
0.472136493332557
0.6300005823094392
0.4043556746054853
0.6506434519303557
0.3798986781575728
0.5468176789145752
0.38770162464333524
0.6580096663366912
0.2901065626273802
0.7659116054271239
0.35031735864438346
0.8022185989634891
0.41320677808187267
0.8106329703604495
0.38362545856868335
0.8072846910848424
0.2720549700110638
0.7285855703720958
0.3469399638968147
0.7340883945728761
0.3309846852617481
0.8861876201013217
0.20683631281663076
0.9498631572817795
0.22232574390030851
0.9679147498980959
0.28591393466488085
0.9550748267629419
0.2510918301985675
1.0
0.20800093169510275
0.8353228905840563
0.2344377802364176
0.5950037850113551
0.2069527747044779
0.500436732079427
0.09631398124963605
0.48081290397717347
0.02678623420485646
0.4925173237058173
0.00023292377569440382
0.6572817795376463
0.00023292377569440382
0.779159145169743
0.0
0.7689687299831129
0.0
0.7737436673848482
0.0
0.8752984335876084
0.0
0.8870901997321377
0.0
0.8575088802189482
0.0
0.903220171198975
0.00023292377569440382
0.9531240901415009
0.0
0.9107610784370814
0.0
0.8926512548768416
0.0005823094392360097
0.9568799860245732
0.011646188784720199
0.9647120479822974
0.060210796017003396
0.9574040645198857
0.05694986315728178
0.9475339195248353
0.06172480055901704
0.9169626739649449
0.0730216036801956
0.8829266872416002
0.07406976067082043
0.8667384848308389
0.053921854073254526
0.896814767367379
0.09491643859546962
0.8733768124381296
0.07045944214755719
0.8927677167646886
0.038199499213882264
0.8947766843300528
0.03319163803645256
0.8822570313864787
0.03307517614860537
0.8177371455191288
0.008268794037151342
0.8118267047108833
0.0
0.8012286729167878
0.0
0.7086414720782623
0.00023292377569440382
0.6383567227624758
0.00011646188784720191
0.49740872299539984
0.00011646188784720191
0.4383334303849065
0.0
0.6143364583939904
0.0
0.36534094217667273
0.0
0.3340418098177371
0.0
0.42729866651138426
0.0
0.30265533104291614
0.0
0.3537820998078378
0.0
0.14729517265474873
0.0
0.008385255924998542
0.0
0.05648401560589296
0.0
0.0808245501659582
0.0
0.009899260467012172
0.0
0.00023292377569440382
0.0
0.0
0.0
0.0
0.0