0100000000
0.36169670180210817
0.20426725603536208
0.372428595715743
0.21242774566473996
0.37406494389663375
0.24625977558653528
0.3901309078544713
0.29318259095545735
0.35221863311798707
0.314348860931656
0.32042672560353624
0.3102686161169671
0.33791652499149955
0.27643658619517175
0.34063668820129206
0.2486399183951036
0.3293947636858212
0.35940156409384566
0.3451207072424346
0.5209112546752804
0.34380312818769126
0.6576844610676641
0.3191516490989459
0.6409384563073786
0.3201079564773887
0.5670690241414482
0.3874319959197552
0.5091805508330499
0.4472118327099626
0.3065283917035021
0.44487419245154713
0.4138048282896974
0.46912189731383885
0.5310268616116967
0.4875042502550153
0.3769126147568854
0.460408874532472
0.29437266235974163
0.4232403944236655
0.41499489969398157
0.38762325739544373
0.4922645358721524
0.3636730703842231
0.46616797007820465
0.35693641618497113
0.3607616456987418
0.3280134308058484
0.27380142808568503
0.30423325399523965
0.23503910234614075
0.27813668820129206
0.2606256375382524
0.2485974158449507
0.2721013260795647
0.22553978238694325
0.2799217953077185
0.24787487249234955
0.30227813668820136
0.34427065623937436
0.3234444066643999
0.41386858211492705
0.34503570214212853
0.4501232573954438
0.36186671200272014
0.4972160829649778
0.37155729343760624
0.5733381502890172
0.3694321659299558
0.5467953077184632
0.3651819109146549
0.5587810268616118
0.35447126827609654
0.5659852091125468
0.3414654879292758
0.5180423325399525
0.3294797687861272
0.4906281876912615
0.32148928935736143
0.48144763685821157
0.3078884733083985
0.4804913294797688
0.2930125807548453
0.5284554573274397
0.27575654539272365
0.6936203672220331
0.2591805508330499
0.7170605236314178
0.25017001020061197
0.8075059503570214
0.24897993879632765
0.7506587895273718
0.24710982658959538
0.5277754165249916
0.24685481128867728
0.49853366201972127
0.2426895613736824
0.4787487249234954
0.23741924515470925
0.43790377422645355
0.22866371982318942
0.42268786127167635
0.22109826589595374
0.5087342740564433
0.22551853111186673
0.8029156749404963
0.24430465827949682
0.8757437946276778
0.2505950357021422
0.9098095885753145
0.2604556273376402
1.0
0.28476708602516154
0.694619177150629
0.2830669840190412
0.5061628697721864
0.31239374362461747
0.49681230873852433
0.4715232913974839
0.4874617477048623
0.5745494729683782
0.4870792247534852
0.5714892893573615
0.469504420265216
0.48461407684461066
0.4860379122747366
0.5097755865351923
0.4963872832369943
0.5908704522271334
0.5810948656919416
0.5952907174430466
0.6590020401224075
0.5983509010540634
0.5465402924175452
0.5997959877592656
0.3873469908194492
0.6165419925195511
0.3308823529411765
0.606426385583135
0.3146251275076504
0.5657089425365522
0.3075272016320979
0.5092655559333559
0.3204054743284598
0.4544372662359742
0.31175620537232246
0.45180210812648763
0.2833645018701122
0.45239714382862956
0.26857361441686506
0.41312478748724923
0.24211577694661685
0.356851411084665
0.25246514790887453
0.3579564773886433
0.29637028221693296
0.34350561033662025
0.22009945596735808
0.3263345800748046
0.14950272016320978
0.12708262495749748
0.12289612376742605
0.0
0.08727898673920435
0.0
0.058929785787147235
0.0
0.0634775586535192
0.0
0.0689603876232574
0.0
0.0744432165929956
0.0
0.07792842570554233
0.0005100306018361103
0.07437946276776608
0.0019551173070384213
0.06853536212172731
0.006460387623257395
0.0657514450867052
0.016150969058143488