0100000000
0.8311460135764673
0.8408891255157723
0.8619725808598425
0.7923332889657924
0.9072008518567816
0.7025688806069478
0.9499001730334087
0.5491281778251031
0.9834420338080655
0.450419273259683
1.0
0.41496073472647416
0.9747903633701582
0.4163450019965392
0.9208305603620388
0.4713962465060563
0.8681219220018634
0.5268734194063623
0.8386530014641287
0.5646745640889126
0.8352988153866632
0.5961932650073208
0.8469319845600959
0.6282443764142155
0.8436310395314788
0.6400638892586183
0.8234793025422598
0.61173965127113
0.7971782244110208
0.5789431651803538
0.7748702249434313
0.5407160921070143
0.7834420338080658
0.5170770664182085
0.8068680953014775
0.49833621722347904
0.8160521762278714
0.4937574870224943
0.8105683481964595
0.4926926660455208
0.7932383867962196
0.4955676826833484
0.7742047118328228
0.5102622121655798
0.7827765206974574
0.5252761879409025
0.8104352455743377
0.5517902302675359
0.8376414215360041
0.6024757087714626
0.8613603087980833
0.6692399840276853
0.8787701317715955
0.7204578730200987
0.8827099693863969
0.7531478770131769
0.871449487554905
0.7781711699720479
0.8483694928790095
0.7995740716092108
0.8155463862638095
0.806601890057234
0.7764940769333153
0.802449088247038
0.7323572474377745
0.7691201916677752
0.6849993344868892
0.7134300545720751
0.6424331159323836
0.6400638892586183
0.6213230400638892
0.5653134566750959
0.604578730200985
0.4890722747238116
0.5788366830826566
0.4104884866231867
0.554292559563423
0.340103820045255
0.5371223213097297
0.26290429921469455
0.5328364168774123
0.1838945827232796
0.5444962065752695
0.10775988286969258
0.5592972181551977
0.05185678157859703
0.5732197524291228
0.009476906695061783
0.5886596565952347
0.0
0.6053507254092905
0.010754691867429677
0.6255557034473577
0.03481964594702511
0.6466125382670037
0.07730600292825777
0.6736057500332755
0.1226673765473181
0.7102622121655795
0.18251031545321475
0.7380806601890055
0.2374550778650338
0.7670704112871021
0.28760814588047384
0.8163716225209637
0.3178490616265141
0.7949421003593772
0.372580859842939
0.8608012777851721
0.4372154931452146
0.8288034074271263
0.39100226274457595
0.6930653533874616
0.39930786636496735
0.8703314255290827
0.4157061094103556
0.7562624783708236
0.48460002662052415
0.7229868228404102
0.5912950885132436
0.9433781445494477
0.7055503793424731
0.8347397843737518
0.8036203913217081
0.7705576999866894
0.8653800079861569
0.8387861040862503
0.8937042459736456
0.7991481432184209
0.8734726474111536
0.8305603620391324
0.8211899374417675
0.8126447491015569
0.7368561160654865
0.7972580859842938
0.649860242246772
0.7709836283774789
0.5944895514441628
0.70208971116731
0.5653134566750967
0.6313855982962866
0.5441235192333284
0.5395980300811922
0.5311327033142548
0.5320111806202581
0.5466790895780648
0.5439904166112073
0.5998136563290296
0.5210435245574336
0.6647677359243978
0.47791827499001743
0.7197124983362172
0.45241581259150804
0.7867962198855311
0.46226540662851073
0.8220417942233457
0.5009716491414882
0.7947823772128312
0.5443897244775721
0.7563423399440968
0.5767336616531346
0.7446293091973909
0.6023159856249166
0.7534673233062691
0.5879675229602023
0.7747637428457341
0.5659523492612802
0.7791295088513245
0.5485159057633432
0.7775322773858646
0.5393052043125248
0.7509117529615333
0.5297218155197656
0.7078929854918138
0.5406894715825901
0.6682816451484093
0.570105151071476
0.6535871156661786
0.5867962198855313
0.6431518700918402