0100000000
0.5634029195976098
0.10241282807654485
0.6630360789652823
0.17162090613418055
0.7587361016564554
0.21692761515770362
0.8196240828984189
0.21919673247106872
0.822555026094849
0.2077755086604644
0.7633688828379094
0.15301414416458647
0.7078889645261327
0.06656077452537633
0.6983775811209438
0.01701837985023834
0.6725096437485819
0.00514333257696089
0.6568338249754179
0.0
0.704617653732698
0.007639361621662636
0.696108463807579
0.02412828076544902
0.5492020270781334
0.047575826336888366
0.35290447016110743
0.05188714923228209
0.2472014219801832
0.04976930640647463
0.21053626805839207
0.05476136449587788
0.23092050525678853
0.054988276227214423
0.2955336207548598
0.05589592315256036
0.35833144240223896
0.055744648665002686
0.39836245367218814
0.04795401255578255
0.42228273201724525
0.034793132138264946
0.46878072763028517
0.03502004386960149
0.5164511005218971
0.04334014068527355
0.5530784358217988
0.05385371757053167
0.5890250359276905
0.08418425232584537
0.6086718099992438
0.13811360714015594
0.581744951213978
0.1916647757355722
0.5213486120565768
0.25595643294758336
0.42194236442024063
0.30111186748354896
0.29689509114287876
0.3310642160199682
0.18935783980031767
0.33545117615914083
0.14325693971711675
0.34846078208910075
0.1798464563951291
0.4058694501172376
0.24867634823387036
0.5168292867407913
0.34936842901444676
0.5629680054458817
0.3738370773769005
0.48521291884123746
0.42903335602450654
0.39845700022691155
0.4863285681869753
0.39944028439603674
0.5311436351259361
0.3986839119582482
0.616254443688072
0.43173738748959967
0.695976098630966
0.4416458664246273
0.88395355873232
0.477497919975796
0.8942969518190756
0.5508660464412678
0.5224453520913699
0.5099462975569171
0.3896641706376221
0.42409802586793743
0.37485818016791467
0.37886695408819315
0.34967097798956204
0.37092504349141525
0.34484910369866134
0.4649421375085095
0.31930262461235925
0.592466530519628
0.4896187882913547
0.8519779139248166
0.616840632327358
0.9526510853944484
0.710479540125558
1.0
0.6269760229937221
0.8897965358142347
0.4460139172528554
0.6024506466984346
0.32194992814461854
0.3259208834430074
0.32219574918689975
0.131079343468724
0.31183344678919916
0.07261175402768329
0.29640344905831634
0.07155283261477968
0.34454655472354606
0.07699871416685589
0.42822025565388405
0.08940322214658508
0.49911126238559866
0.11027910142954406
0.45130852431737395
0.1341048332198774
0.3429014446713562
0.16019968232357615
0.3813629831328947
0.19786702972543685
0.41528628696770287
0.23629074956508608
0.45357764163073905
0.2618561379623326
0.5481620149761743
0.29543907420013615
0.5711746463958854
0.3443007336812647
0.610922018001664
0.3838590121775963
0.7014787081158763
0.4190303305347554
0.7058845775659937
0.47235458739883507
0.7146963164662279
0.48929733000529463
0.7063951289615007
0.4492095908025113
0.7136373950533245
0.39338930489372964
0.7219007639361621
0.35632705544209986
0.7088911580062023
0.3513349973526966
0.6683685046516906
0.3871114136600862
0.6289425913319722
0.45374782542924114
0.6384161561152712
0.5004160048407837
0.6414983737992589
0.47462370471220017
0.637319416080478
0.4204674381665532
0.6536192421148173
0.39770062778912346
0.6406096361848576
0.4092731260872855
0.6018455487482036
0.45389909991679894
0.5403146509341202
0.5184176688601466
0.4869903940700401
0.5479161939338931
0.4569245896679526
0.5771878072763029
0.4497390515089631
0.6132667725588081
0.4581915135012482
0.5439830572573938
0.4912638983435444
0.4717494894486044