0100000000
0.2416996894077326
0.16643461497268927
0.24847381385884118
0.14838813323337255
0.2846069401306628
0.0850380207775517
0.32359162471886044
0.05247938309949664
0.3326684159794365
0.17173610367355682
0.3334448966477454
0.1611331262718218
0.355012316589911
0.08782264110528004
0.36155885187961867
0.06399271714683522
0.3962728927921173
0.024526079040376892
0.4076523508621614
0.029292063832065916
0.41845614222983807
0.040430545142979425
0.41156152939916474
0.0762022062761057
0.3724295812359429
0.06029774017350317
0.35963103780657596
0.07871907464924496
0.3297633072721431
0.023562172003855575
0.29261272357288204
0.06468887222876726
0.36351344114812034
0.09108921495126916
0.46800364142658235
0.10511941737174667
0.6076630609403448
0.14115883045946226
0.6681750026775194
0.12429045732033851
0.7314849523401517
0.11914961979222442
0.7719422726785904
0.08134304380421975
0.7473492556495661
0.09028595908750135
0.7126619899325265
0.16504230480882498
0.7133983078076468
0.16702366927278575
0.7831476919781513
0.16161507979008244
0.8048757630930706
0.14603191603298704
0.8298570204562491
0.14244403984149084
0.8682392631466209
0.12252329442004915
0.8315304701724323
0.11765020884652447
0.7261031380529077
0.11743600728285315
0.6782290885723463
0.12600406982970974
0.7204401842133445
0.1300203491485486
0.6748554139445218
0.16006211845346455
0.6261379458070042
0.25200813965941943
0.5044446824461818
0.32403341544393266
0.39281889257791597
0.4365963371532609
0.3345159044661026
0.3712648602334799
0.35220092106672374
0.1946556709863982
0.5554782049908964
0.19690478740494805
0.5387303202313376
0.2757845132269465
0.3255194387919032
0.2842454749919676
0.24816589911106351
0.11609724750990666
0.21765556388561638
0.05135482489022176
0.20246064046267537
0.029988218913998062
0.17444039841490844
0.044179072507229224
0.2585278997536683
0.0016065117275356092
0.21997161829281348
0.03470065331476918
0.1673181964228339
0.11513334047338544
0.15292652886366065
0.16413194816322144
0.12192085252222339
0.19583377958659082
0.13453196958337796
0.22003855628146088
0.1349603727107208
0.2581664346149727
0.10823872764271174
0.31573310485166545
0.10391453357609506
0.2886366070472313
0.09221377316054404
0.2798543429367034
0.05806201135268283
0.1739852200921066
0.05349684052693586
0.18683731391239156
0.06604101959944303
0.09687265717039731
0.03744511084930918
0.056977615936596344
0.03844918067901894
0.09933597515261862
0.03523615722394772
0.08771554032344428
0.007349791153475412
0.029184963050230158
0.011459783656420704
0.13093070579415236
0.04478151440505513
0.22110956409981786
0.04863714255114064
0.2452072400128519
0.018300846096176503
0.31910677947949023
0.0
0.4831316268608762
0.004484845239370291
0.5114062332655028
0.028395094784191867
0.5301488700867516
0.017966156152939918
0.4301167398522006
0.010348613044875216
0.3078611973867408
0.01701563671414797
0.36216129377744455
0.028421869979650842
0.3635000535503908
0.013708900074970555
0.3948805826282532
0.06472903502195561
0.3932740709007174
0.0776480668308879
0.3912927064367569
0.09937613794580696
0.43536467816215046
0.12133179822212704
0.40987469208525223
0.1195378601263789
0.39600514083752814
0.11829281353753876
0.4938952554353645
0.1423503266573846
0.6095105494270108
0.13609831851772525
0.6813751740387702
0.16937988647317118
0.807486344650316
0.23635803791367668
0.9608011138481309
0.2598264967334261
1.0
0.2425029452715005
0.7160758273535393
0.19723947734818464
0.5201884973760307
0.18877851558316372
0.7023133768876508
0.20936864089107854
0.8642497590232409