0100000000
0.4553252516506114
0.012447234549193645
0.4989446909838725
0.01298841866002815
0.521863838077714
0.010282498105855587
0.5523325035176967
0.010174261283688724
0.5679186059097304
0.007576577551683099
0.5931919038857018
0.00497889381967746
0.6129180647256195
0.0029223941985063407
0.6185193202727567
0.0
0.6396525598008442
0.001948262799004219
0.6794295919471804
0.002814157376339452
0.7129830068189198
0.0030306310206732294
0.7268643792618248
0.00552007793051199
0.7008604827362268
0.008767182595518997
0.6398419742396364
0.010607208572356327
0.5991178698993397
0.01407078688169715
0.5956272323844573
0.015044918281199271
0.6114568676263663
0.017317891546704205
0.6352960277086265
0.023703864054551344
0.6852202619331096
0.04297001840025979
0.7342515423747158
0.06905509254248297
0.7666414114081609
0.15109860374499404
0.7603907349280224
0.2415845870765233
0.7470234873904101
0.2789262907241043
0.770483818595086
0.28606992098711975
0.8173233033878123
0.2763286069920987
0.821788072302197
0.29245589349496703
0.7924829527005086
0.4372767615542807
0.7663708193527436
0.589133023054443
0.77226972616084
0.709492369304037
0.8085561207922933
0.85084965905401
0.8310964390085507
0.9520510877800622
0.8302305444312154
1.0
0.8538261716636
0.9622253490637511
0.8601580257603636
0.8542050005411839
0.845627232384457
0.7546271241476349
0.7927535447559256
0.6661976404372768
0.6874120575819894
0.6252841216581876
0.6766695529819242
0.5533066349171988
0.6589457733520944
0.47342786015802557
0.6636270159108129
0.4648771512068406
0.7255114189847387
0.514774326225782
0.7177454269942631
0.6050438359129773
0.7932135512501354
0.6539668795324167
0.6601093191903884
0.6705271133239528
0.5697586318865677
0.6813507955406429
0.5515477865569867
0.713280658079879
0.538018183786124
0.7597142547894793
0.5309016127286502
0.7627448858101523
0.5523866219287801
0.7102500270592053
0.6507468340729514
0.6103474401991557
0.7429104881480679
0.5010282498105856
0.8085831799978351
0.38997727026734474
0.8700616949886353
0.35339322437493237
0.9168470613702778
0.3866219287801708
0.8590756575386944
0.38986903344517804
0.7882887758415411
0.5002705920554172
0.7269184976729083
0.7049464227730275
0.6478514990799871
0.8394847927264854
0.6645470288992313
0.9111375690009739
0.7044864162788178
0.874878233575062
0.6863296893603201
0.7724861998051736
0.6398960926507196
0.73698452213443
0.6427373092326008
0.7649096222534906
0.6974239636324278
0.8135079554064293
0.7142547894793808
0.8018183786124038
0.7016451996969366
0.7961900638597249
0.6821084532958113
0.855179131940686
0.6940145037341703
0.8057149042104124
0.6490962225349064
0.7143630263015477
0.5449994588158891
0.6880614785149906
0.5390734928022513
0.6277735685680267
0.535366381643035
0.5276545080636428
0.5881859508604826
0.45838294187682616
0.6113486308041994
0.4763502543565321
0.5958166468232492
0.5646715012447234
0.5629126528845112
0.6302630154778655
0.5784716960710032
0.5916224699642817
0.6185193202727567
0.5560125554713711
0.5994155211602986
0.6019049680701375
0.5963037125230004
0.6087238878666523
0.6203052278385105
0.5959519428509575
0.6845979002056499
0.5961684164952917
0.6981545621820543
0.6182487282173392
0.7259714254789479
0.6411949345167226
0.7168524732113865
0.6610022729732651
0.6470938413248187
0.6598116679294296
0.523541508821301
0.6230111483926832
0.42298950102824984
0.5950860482736223
0.3756088321246887
0.5518995562290291
0.34308366706353494
0.5449723996103472