0100000000
0.9133600088918528
0.2949872179615423
0.8532010670223406
0.2770923641213739
0.8146604423696786
0.2924308102700901
0.742580860286762
0.3089918861842837
0.6972324108036012
0.33166611092586423
0.675502945426253
0.3515616316549961
0.6766422140713567
0.35723018784039123
0.7121818383905745
0.3616761142603089
0.7728965210625761
0.35445148382794267
0.813882405246193
0.33811270423474493
0.8277481382683113
0.3293319995554073
0.7942091808380568
0.31777259086362125
0.7478048238301656
0.32533066577748154
0.7281038123819047
0.353784594864955
0.721823941313771
0.40357897076803373
0.7084028009336444
0.4821607202400797
0.6687229076358783
0.5367344670445698
0.6660553517839278
0.5724130265644104
0.7165721907302434
0.5931977325775258
0.7135156163165498
0.6995665221740578
0.6087862620873626
0.6573302211848389
0.5424585973102144
0.4664888296098701
0.6013671223741247
0.29998888518395006
0.50811381571635
0.2842058463932423
0.49235856396576627
0.23363343336667797
0.46284872735356203
0.2191841725019452
0.36353784594864946
0.20051128153829045
0.31427142380793616
0.1486050905857509
0.2729520951428254
0.10181171501611644
0.2753417805935312
0.16316549961098112
0.3306657774813828
0.37534733800155623
0.5103923530065574
0.4680449038568411
0.47982660886962314
0.42125152828720663
0.22076803378904078
0.3889074135823053
0.07930421251528286
0.2621985106146494
0.0916416583305547
0.16627764810492363
0.10453484494831616
0.17305768589529819
0.032232966544403746
0.17250194509280836
0.020645770812493126
0.19084139157496915
0.06432699788818506
0.34889407580304554
0.3805990885850838
0.405246193175503
0.5649938868511726
0.5146159831054793
0.609564299210848
0.6657774813826826
0.36062020673557843
0.6798932977659218
0.20565188396132036
0.7369123041013669
0.11634433700122257
0.7459153051017003
0.07847060131154839
0.7191285984216961
0.052100700233411366
0.7324663776814492
0.09239190841391583
0.7633655662998776
0.08047126820051137
0.8148271646104251
0.1280704679337557
0.8502834278092698
0.23738468378348346
0.8621762809825497
0.389240858063799
0.8638435033900189
0.31310436812270753
0.8386128709569851
0.20440146715571858
0.8048238301656102
0.21471045904190286
0.8271646104256967
0.17333555629654346
0.8914082471935089
0.12267978214960545
0.9420918083805709
0.1893964654884961
0.9896632210736911
0.24666555518506175
1.0
0.2976825608536178
0.9329776592197394
0.36887295765255096
0.7848171612759802
0.36445481827275755
0.5825275091697226
0.3708458375013892
0.39368678448371663
0.3440869178615093
0.25664110258975187
0.44359230854729353
0.23307769256418803
0.547126820051128
0.2900966988996332
0.6269034122485272
0.3550072246304324
0.6600811381571634
0.40646882294097997
0.6848671779482048
0.43836834500389016
0.66972324108036
0.4473713460042234
0.6669723241080356
0.4458152717572526
0.7129043014338111
0.4113593420028895
0.7598366122040675
0.36567744803823493
0.7832610870290093
0.3208847393575635
0.7998777370234523
0.28809603201067013
0.7798988551739465
0.2483049905524064
0.7246860064465935
0.18906302100700206
0.6642214071357115
0.13059908858508393
0.6268756252084026
0.08024897187951538
0.5270923641213735
0.05223963543403359
0.4139157496943426
0.02967655885295094
0.31035345115038343
0.004445926419917643
0.30993664554851585
0.0
0.33594531510503506
0.0026675558519508487
0.3395576303212181
0.025786373235523016
0.3437812604201402
0.054129154162498735
0.3333611203734578
0.08302767589196418
0.3227742580860286
0.14438146048682904
0.34614315883072116
0.280760253417806