0100000000
0.3980270574971819
0.41826381059751994
0.4148534385569339
0.42096956031567123
0.43080608793686626
0.3970687711386701
0.43895152198421683
0.38680947012401395
0.4537767756482529
0.41657271702367554
0.48134160090191713
0.4464487034949269
0.506285231116122
0.4583990980834278
0.5261273957158965
0.44960541149943667
0.5452931228861333
0.4503945885005641
0.5500845546786924
0.46414881623449866
0.5393179255918832
0.4933483652762123
0.5273675310033826
0.533709131905299
0.5129650507328075
0.5614430665163479
0.5189120631341606
0.5760992108229993
0.5550169109357387
0.5682074408117254
0.5922773393461105
0.5310033821871482
0.6419673055242392
0.4959413754227735
0.7209977452085684
0.4770011273957162
0.7697857948139797
0.5514092446448708
0.7863585118376551
0.7223224351747468
0.8156708004509589
0.7887260428410375
0.8566234498308909
0.909582863585119
0.888416009019166
0.914430665163473
0.8957158962795944
0.888275084554679
0.8915727170236758
0.8781285231116124
0.8456313416009018
0.6315670800450962
0.8399661781285234
0.5130777903043972
0.826155580608794
0.5587373167981964
0.7833145434047354
0.5608793686583995
0.828579481397971
0.6210822998872602
0.8192502818489293
0.6948139797068774
0.7207158962795944
0.7719278466741825
0.7177282976324693
0.8279594137542277
0.6640642615558064
0.8562570462232246
0.5881341600901918
0.8748590755355126
0.545462232243518
0.9084554678692225
0.669588500563698
0.9310033821871477
0.7301860202931231
0.9396843291995487
0.575056369785795
0.9303269447576105
0.4387260428410374
0.9466741826381064
0.39239007891770034
0.9240135287485912
0.3220969560315674
0.9092446448703491
0.2595546786922214
0.9533258173618945
0.2867531003382191
1.0
0.39295377677564847
0.9142051860202935
0.4475197294250284
0.9052987598647123
0.38537204058624625
0.9178128523111618
0.30374859075535565
0.9213077790304393
0.29625140924464544
0.9091319052987605
0.3068207440811728
0.843066516347238
0.3245772266065394
0.7570462232243513
0.29458850056369823
0.6933483652762127
0.3030157835400227
0.6170236753100344
0.332666290868095
0.5378804960541153
0.3981961668545664
0.5060879368658402
0.4481961668545661
0.5002254791431796
0.5013246899661786
0.5024802705749721
0.46214768883878277
0.5096956031567083
0.35605975197294276
0.5359639233370918
0.373252536640361
0.5632468996617815
0.3809470124013533
0.57891770011274
0.36203494926719326
0.5841037204058629
0.37266065388951547
0.5751972942502823
0.3620913190529881
0.5467869222096958
0.4178128523111616
0.5303269447576104
0.40617249154453233
0.5214205186020296
0.39117812852311185
0.5304396843292001
0.39599774520856845
0.5567080045095834
0.37170236753100366
0.5969560315670804
0.37187147688838806
0.5930101465614435
0.391121758737317
0.5553551296505076
0.49565952649379963
0.5086809470124019
0.5623731679819619
0.4488162344983089
0.6248308906426158
0.3797068771138674
0.7333709131905303
0.3240135287485913
0.8087091319052989
0.27440811724915465
0.817080045095829
0.24284103720405883
0.7708850056369789
0.20980834272829768
0.7429537767756482
0.16550169109357435
0.7064543404735063
0.12074408117249211
0.6287485907553553
0.08624577226606579
0.5743517474633598
0.066403607666291
0.5376832018038337
0.054904171364149365
0.49926719278466775
0.04430665163472435
0.45388951521984233
0.03416009019165764
0.41293686583991024
0.020405862457723047
0.408850056369786
0.00789177001127446
0.41953213077790347
0.0
0.4377395715896281
0.027395715896280176
0.4504227733934615
0.04780157835400281