0100000000
0.2347605633802818
0.5123380281690136
0.2802253521126759
0.4455211267605626
0.28799999999999987
0.3681126760563378
0.2694647887323943
0.2961126760563378
0.33059154929577467
0.21712676056338032
0.41349295774647876
0.17904225352112643
0.44109859154929565
0.24056338028169005
0.38969014084507037
0.3150422535211262
0.34070422535211264
0.37847887323943635
0.21788732394366192
0.4089014084507041
0.12183098591549302
0.48045070422535213
0.03067605633802813
0.6047323943661971
0.09850704225352121
0.6686197183098591
0.2102253521126759
0.6663661971830984
0.5247605633802817
0.6082253521126761
0.7092957746478873
0.5204507042253519
0.4792957746478869
0.44709859154929543
0.2804225352112676
0.42152112676056325
0.19518309859154936
0.4576901408450707
0.10960563380281667
0.5317183098591551
0.11005633802816908
0.6163380281690142
0.20557746478873234
0.6740281690140845
0.15664788732394358
0.727661971830986
0.14943661971830977
0.8041690140845069
0.20126760563380267
0.8872112676056337
0.2943098591549295
0.9436619718309853
0.44560563380281654
0.9860281690140845
0.5916338028169015
0.9621408450704222
0.668169014084507
0.8948732394366199
0.6859154929577462
0.8049577464788733
0.7258591549295776
0.6696338028169014
0.7393521126760563
0.5668732394366196
0.78656338028169
0.48563380281690144
0.7176338028169014
0.4799999999999998
0.6928169014084504
0.5713802816901408
0.7012112676056338
0.6859718309859155
0.6867323943661972
0.7719436619718306
0.7453802816901407
0.7961690140845067
0.7171830985915494
0.7030985915492959
0.6643098591549293
0.7007323943661972
0.6471830985915493
0.6411267605633804
0.6028169014084503
0.49870422535211245
0.5961126760563379
0.44236619718309844
0.6880563380281688
0.3711549295774643
0.7678028169014085
0.2535211267605634
0.8475492957746479
0.20135211267605618
0.8526478873239435
0.2527323943661971
0.8190985915492954
0.5177464788732394
0.805943661971831
0.8378591549295774
0.8218591549295775
0.9676619718309853
0.795464788732394
1.0
0.6936619718309861
0.951549295774648
0.5981971830985916
0.9193239436619717
0.5249859154929577
0.7180845070422528
0.5338591549295773
0.6467605633802815
0.4782253521126757
0.6973521126760557
0.4598028169014083
0.7341971830985906
0.45188732394366204
0.6299718309859156
0.5169859154929575
0.6019154929577466
0.5678873239436619
0.7073802816901403
0.6379999999999998
0.8981408450704225
0.594394366197183
0.8431549295774647
0.531070422535211
0.6603943661971831
0.5122535211267604
0.47842253521126743
0.5559436619718309
0.519323943661972
0.5471830985915492
0.5718309859154931
0.5156056338028169
0.5325070422535209
0.48783098591549295
0.38321126760563334
0.46087323943661934
0.2463098591549296
0.4458873239436618
0.18399999999999977
0.4425915492957745
0.11515492957746486
0.43197183098591535
0.1551549295774648
0.34425352112676033
0.4014647887323945
0.20447887323943656
0.5839999999999999
0.12653521126760547
0.6324507042253521
0.041549295774647936
0.6843943661971833
0.0329577464788733
0.641464788732394
0.05901408450704239
0.5556056338028166
0.0
0.4422535211267604
0.012169014084507027
0.33261971830985937
0.044591549295774593
0.14771830985915485
0.039774647887323794
0.24011267605633793
0.05487323943661975
0.3184225352112674
0.08230985915492947
0.3053521126760564
0.0852112676056337
0.33983098591549277
0.045154929577464836
0.3800563380281692
0.011464788732394352
0.3171830985915489
0.17788732394366175
0.25611267605633803
0.2889859154929577
0.4479999999999997
0.29402816901408435
0.39121126760563396