0100000000
0.3630562361119024
0.2624921656885648
0.30560936698763613
0.14443621446071442
0.2548287846846334
0.06375705088029177
0.251139536208763
0.02153723434562121
0.2796991624408866
0.0
0.2777477066833799
0.09543615748390408
0.26239245627029806
0.18916301065466345
0.29778929975499974
0.13503504073841952
0.30106546635519343
0.1467152868782407
0.3593242550282036
0.17651415873739398
0.35882570793686963
0.19451883083584992
0.34926784798586974
0.25878867301008485
0.31186257193322336
0.2954817389322545
0.314611703036864
0.3059654720528746
0.3268902056862857
0.37017833741667144
0.3326591077431485
0.39695743832260294
0.32790154407156286
0.4192353712039198
0.34270127058287286
0.39274115435017953
0.3582132072246597
0.39695743832260294
0.32928323172468815
0.388866731240385
0.30630733291550327
0.366303914306877
0.28505498262207296
0.38066207053729145
0.2545723890376617
0.38493533132015273
0.2628482707538031
0.38596091390803966
0.27742009002336054
0.2842003304655006
0.3191983362771352
0.2379921372001595
0.3449376103925702
0.2963933678992651
0.40068941940630165
0.31644920517349406
0.44845023075608226
0.3043131445501683
0.4610990826733519
0.26300495698250814
0.47192467665660076
0.19468976126716436
0.4017434903994075
0.15702808956754594
0.31313030596547214
0.13566178565323928
0.28561050652384484
0.16198507207566523
0.2947267961939491
0.1938351091105921
0.4292348014358157
0.1158338556207623
0.5310523616887927
0.20978861603327445
0.5136174576947184
0.3600364651586804
0.3984103469887756
0.29485499401743503
0.29070993105805937
0.28306079425673764
0.21614153039712844
0.3624864680075211
0.2683607771636944
0.3950202267677054
0.3335137598997208
0.3739957837160278
0.21994473249387506
0.4416272577061135
0.14876645205401404
0.4368981824397467
0.08025183750213667
0.4634493761039258
0.09376958577858809
0.4224830493988946
0.2149592615805368
0.41923537120392035
0.26066890775454393
0.46219588627428637
0.1635234459574952
0.5830437012136062
0.13977836020739554
0.726055495413367
0.13376730670617054
0.5950658082160561
0.1207908381288816
0.46550054127969936
0.1512306991054641
0.43969004615121654
0.16902170816477705
0.2709817104438496
0.21171158338556206
0.3725143866446357
0.25593983248817725
0.5432738875277762
0.26284827075380324
0.6354053900062672
0.2985299982906958
0.5348413195829299
0.38475015668622875
0.540595977437183
0.4375249273545668
0.8943649934476671
0.46287960799954436
1.0
0.3746367728334568
0.8393823713748506
0.3770155546692497
0.7786450914477809
0.32921201071164047
0.6060623326306193
0.23883254515412233
0.6481681955444135
0.21538658765882285
0.6737507834311438
0.23742236909577819
0.8003532562247168
0.264856703321748
0.9227964218563045
0.2810808500940117
0.8333428294684065
0.24443051677967062
0.6949461569141362
0.2349866104495471
0.6701612443735402
0.25273488690103135
0.6929519685488005
0.2671072873340551
0.8077602415816764
0.3090849524243633
0.8748219474673808
0.31716141530397146
0.8091846618426302
0.2685317075950089
0.6821833513759896
0.23689533359922507
0.5318215486297079
0.2534328528288987
0.44384935331320174
0.2572930317360835
0.4545609936755741
0.24500028488405223
0.4743319468976127
0.20273773574155327
0.48737963648794963
0.11492222665375187
0.41279699162440897
0.09270127058287275
0.47871916130135056
0.13918010369779504
0.6238390974873228
0.1796336391088827
0.7369380662070539
0.17642869352173657
0.7825195145575753
0.19572958805766064
0.8409207452566805
0.21510170360663208
0.7030368639963531
0.20833570736710166
0.6393937667369382