0100000000
0.02542495404506695
0.006134209058801732
0.03593779044550466
0.10874279695148421
0.020075593283350877
0.24778486895098845
0.001074002932854162
0.25976413243282326
0.020798479872772023
0.3156949005514594
0.0510151393105727
0.4340004543858565
0.049879174670053955
0.5730425263853607
0.026313071854927046
0.4820827395336353
0.007249519796765595
0.31784290641716784
0.0
0.2985108536257925
0.003428547824111439
0.26282091001094693
0.008055021996406292
0.20275936138133333
0.009356217857364143
0.10659479108577583
0.010120412251895064
0.03339736043125362
0.009335563954809256
0.029349195530495545
0.010017142739120626
0.06173451473655966
0.013652229588780868
0.08957597538054818
0.030319928950575267
0.09684614907986851
0.043662350001032746
0.1250180721647356
0.048805171737199865
0.18656670177830129
0.04859863271165099
0.3699733564657042
0.04438523659045389
0.6379783960179274
0.05068467686969465
0.7435611458785136
0.08777908585827301
0.5946878162628829
0.14988537084082057
0.4293739802135615
0.2167833612161018
0.28347481256583423
0.28762624697936695
0.22399157320775762
0.35330565710390993
0.2059813701798956
0.3959559658797533
0.21928248342524345
0.4266063572712068
0.20408121114484593
0.48745275419790624
0.3327137162566869
0.5188466860813353
0.4860482888241737
0.534564305925605
0.4834045892971481
0.4606439886816617
0.42326042505731487
0.44358386517132453
0.44631018030856956
0.48929095152529106
0.5290910217485597
0.5907016130697899
0.6174071090732594
0.6991552553855053
0.6331866906251941
0.5035421442881634
0.6160026436995271
0.30398413780283806
0.4873701385876859
0.21137203874672128
0.48076088977012216
0.47613441559782743
0.47993473366792677
0.5328087242084394
0.4557283598735984
0.4073156122849414
0.25488981142986983
0.3852365904537664
0.17153066071834264
0.42838259289092684
0.12452237850341845
0.5829150918065972
0.08784104756593752
0.712435714728298
0.13195778342317796
0.6734411467046704
0.22993989714356544
0.5441477167110728
0.3027242497469894
0.42834128508581726
0.24505855381374334
0.38821075242167036
0.16996096412417147
0.3887477538880976
0.18664931738852084
0.4465167193341183
0.355267777846624
0.48908441249974177
0.6521882809756905
0.48774190883367435
0.8958217155131468
0.5329119937212138
0.9713323832538161
0.5396451659541073
0.7642150484334016
0.4022140983538841
0.5189293016915549
0.36340541545325006
0.3427102050932527
0.39992151517029173
0.35394592808311115
0.4460210256728013
0.3501456100130118
0.4006650556622677
0.2655472251481918
0.450275729599108
0.25447673337877214
0.541194208645724
0.3605551769006754
0.43464072536505816
0.4154119420864575
0.38461697337711975
0.4221864221244604
0.40776999814114906
0.6274862135200446
0.47530825949563177
0.7647107420947192
0.6296135654831984
0.5953487411446396
0.4774562653613401
0.7367040502302915
0.1827044220005372
1.0
0.10264989569779219
0.9130057624388135
0.09872565421236351
0.8404692566660478
0.1251833033851747
0.8674019455976211
0.18212611272900017
0.9551397236507841
0.20461821261127308
0.9219282483425246
0.2237437263770992
0.5780820786087533
0.27213582006320103
0.3107379639382862
0.29018733089617305
0.35815932420430874
0.268831195654419
0.43540491975958856
0.25433215606088777
0.42540843092302333
0.2871925150257143
0.46266807113204067
0.3438048619286616
0.5279344032054859
0.4169609847780741
0.5361959642274409
0.4760517999876079
0.4346613792676129
0.5157279467955473
0.3698081252452654
0.5522233926100341
0.41772517917260493
0.57777227007043
0.4596112935539171
0.5713695602784148
0.48984860689427306