0100000000
0.049124562281140594
0.10875437718859429
0.0594672336168084
0.09324662331165579
0.08004002001000507
0.0925462731365683
0.10512756378189093
0.09524762381190596
0.12813906953476745
0.09819909954977485
0.13558029014507259
0.09424712356178094
0.1490120060030015
0.08459229614807395
0.15892946473236627
0.07363681840920458
0.18210355177588797
0.0639319659829915
0.21982241120560292
0.049224612306153125
0.259167083541771
0.044322161080540295
0.28242871435717853
0.047623811905953
0.29335917958979485
0.0552276138069034
0.30340170085042534
0.07178589294647326
0.32099799899949977
0.09784892446223116
0.3302526263131566
0.12236118059029522
0.35083791895947986
0.14082041020510255
0.3887818909454728
0.13961980990495249
0.4332541270635319
0.13686843421710862
0.47402451225612835
0.15922961480740377
0.5048399199599799
0.19289644822411212
0.5286893446723364
0.20190095047523765
0.5416708354177089
0.18839419709854932
0.5386193096548275
0.1658329164582292
0.5441595797898952
0.155527763881941
0.5589794897448723
0.15827913956978484
0.5724987493746874
0.16748374187093537
0.5463106553276639
0.1683341670835418
0.5107428714357177
0.16628314157078533
0.47945222611305666
0.15812906453226613
0.44818659329664845
0.15732866433216594
0.41572036018009
0.31270635317658824
0.3899824912456228
0.8438719359679842
0.40350175087543777
0.9068534267133568
0.4189219609804902
0.9009004502251124
0.398511755877939
0.8347173586793395
0.3638819409704853
0.7836918459229617
0.35230115057528766
0.688794397198599
0.42162331165582806
0.5366683341670833
0.5063781890945473
0.44932466233116536
0.3967108554277139
0.7653826913456727
0.22746373186593302
0.7144572286143073
0.1813906953476739
0.6707853926963483
0.155527763881941
0.6792396198099049
0.32012256128064026
0.370335167583792
0.2599049524762382
0.10455227613806907
0.2084417208604302
0.09879939969985002
0.2203101550775388
0.11425712856428222
0.3464482241120561
0.08479239619809911
0.37044772386193103
0.13021510755377683
0.2830915457728865
0.20660330165082547
0.24167083541770887
0.1292146073036519
0.2420335167583791
0.07128564282141064
0.2898949474737369
0.08219109554777386
0.34922461230615315
0.32411205602801396
0.3839419709854928
0.5854927463731868
0.40656578289144574
0.7050025012506252
0.41635817908954476
0.8884942471235613
0.3668209104552277
1.0
0.3818659329664833
0.9157578789394696
0.49508504252126073
0.9256628314157077
0.6506378189094547
0.5181590795397698
0.6822786393196599
0.3263131565782892
0.6539644822411207
0.3606803401700851
0.5838919459729865
0.42831415707853926
0.5136568284142072
0.49334667333666843
0.4662206103051525
0.537768884442221
0.4571910955477738
0.5586293146573287
0.4635692846423213
0.5287143571785895
0.4830665332666334
0.4137068534267133
0.5058404202101051
0.3256128064032017
0.5134442221110556
0.21800900450225116
0.5169084542271136
0.1787393696848424
0.5150825412706354
0.17478739369684845
0.5159954977488747
0.16463231615807902
0.5057403701850927
0.15472736368184092
0.4907703851925964
0.13991995997999002
0.46927213606803414
0.13116558279139576
0.4500750375187595
0.13376688344172089
0.43633066533266646
0.14912456228114052
0.41629564782391193
0.16218109054527277
0.40203851925962986
0.16313156578289142
0.37888944472236125
0.14187093546773388
0.35532766383191605
0.11820910455227608
0.3101300650325163
0.0935467733866934
0.2513881940970486
0.04817408704352172
0.22148574287143574
0.011205602801400691
0.2212106053026513
0.003101550775387691
0.23302901450725363
0.0
0.25170085042521256
0.0007003501750875432