0100000000
0.43777414796189906
0.7734505478370985
0.4624956411621119
0.7420302090406885
0.46576247545286015
0.6253051186521554
0.40031567162809456
0.5618771450070658
0.32745425514342863
0.47385614917319724
0.3202048194982289
0.43267201350780926
0.361645897186485
0.46680859654596507
0.40947381944316985
0.3635913153596269
0.47297520509479324
0.5506451080074147
0.5103969754253307
0.7100959861985428
0.5308972782498577
0.6135591976067682
0.5401104850698331
0.44728100280800925
0.4973112852607042
0.42760658505698573
0.4602015159579348
0.7796171563859265
0.45552150054141327
0.9430322829298727
0.4264686989557141
0.9355442582634388
0.4205406794281204
0.9407565107273296
0.4095472314497035
0.9725439095564072
0.38319232110411655
0.9705617853799984
0.35390093049718285
1.0
0.3191403454034907
0.6774276432910598
0.2905463688586268
0.18116247912346062
0.25736414190540846
0.19188063207737607
0.26872464991649375
0.17969423899278716
0.27303760530034676
0.1764641107053059
0.30131958081744264
0.31154220272725597
0.3092113715198119
0.3364288729421696
0.2642648705195733
0.30111769779947506
0.23950667131609368
0.2506102373043112
0.29252849303503575
0.29135390093049707
0.2832602272101601
0.2883440086626167
0.34035641529172084
0.29766733349239266
0.3509828032374694
0.36476590746416576
0.3092297245214454
0.3853212692935928
0.2727439572742121
0.34061335731458886
0.26593499366821427
0.30214546589094643
0.3184429313414208
0.3217464716354359
0.2986216895773304
0.37423605630700885
0.31416668196083464
0.45359443536990446
0.22631086314166685
0.5153339328647198
0.26158533228109454
0.4739295611797308
0.28316846220199315
0.3760713564703507
0.23311982674766468
0.24246150457907378
0.20869198157358634
0.12243287389652577
0.17361939545212618
0.07111788132949143
0.12123992879035372
0.08455227852515276
0.10441022629251015
0.09226053921118803
0.19749665057720184
0.1172940334391689
0.2675684108135884
0.1648650136729862
0.3057610072127296
0.17125185824141542
0.3158735111127424
0.20487455723383532
0.23908455227852504
0.22388826692605587
0.1672141978820636
0.20575550131223969
0.10835612164369483
0.18989850790096716
0.06807128305834419
0.23908455227852504
0.0
0.269917595022666
0.04981004643309416
0.32651825206012436
0.10622717345421845
0.3912676418228198
0.09963844586782171
0.44456475856626354
0.10514434635784677
0.5363297667333489
0.1404188154972746
0.642924000220236
0.1515590874887588
0.5757520142419291
0.09908785581881925
0.381577256960376
0.07012681924128691
0.3684365077908489
0.07086093930662365
0.4132178317763871
0.04680015416521382
0.4455925266577349
0.02910786059059965
0.4420687503441187
0.05942701928900473
0.3765852405160864
0.10874153467799659
0.28254446014645684
0.14796189916860905
0.19107310000550598
0.1542202727256042
0.1932754602015159
0.14388753280599037
0.2121423458806689
0.13777598326206247
0.22183273074311308
0.1317011397214015
0.20869198157358615
0.1276451263604163
0.23093581955328796
0.12313028795859568
0.20267219703782546
0.11867050856167526
0.1194229816286455
0.10863141666819609
0.0821296823095419
0.11158624993117632
0.12338722998146352
0.11962486464661301
0.14166681960834704
0.12382770202066547
0.1235340539945308
0.13863857433883314
0.07875273000899302
0.15682639895754952
0.053352175748343764
0.15875346412905825
0.05643548002275777
0.1576889900343201
0.09886761979921825
0.15689981096408318
0.14842072420944447
0.15862499311762432
0.1423275276671498
0.15418356672233743
0.2120689338741351
0.1509167324315892
0.5234092535834235
0.14056563951034187
0.1536329766733348