0100000000
0.8446413735807258
0.17784547216837418
0.8711991138188869
0.19739684297978405
0.9057878703960124
0.19230130157851016
0.9278870119080592
0.15148158404873985
0.9249238438105788
0.12594849072279152
0.8919689836610359
0.1709221822209913
0.821199113818887
0.2651896981445583
0.7904458598726115
0.3735253392412076
0.7669205206314044
0.441484353364719
0.7179728607034066
0.46790362780393235
0.6837718083633342
0.46297424536139586
0.6495015231237888
0.4351703129327057
0.5816532816394351
0.37490999723068413
0.494918305178621
0.3519246746053728
0.44825533093325964
0.39324286901135447
0.42497923013015804
0.46269731376350065
0.41568817502077005
0.5069509831071728
0.4351149266131266
0.4959844918305177
0.41050955414012746
0.475990030462476
0.36406812517308224
0.4469122126834673
0.3465798947659928
0.4348379950152315
0.3070894489061202
0.44009969537524224
0.2663112711160344
0.48728883965660474
0.31343118249792307
0.5134311824979231
0.36356964829687066
0.4888950429243978
0.3996676820825257
0.4387704237053449
0.4189698144558295
0.4280808640265856
0.4304901689282748
0.5069509831071728
0.430240930490169
0.5958460260315702
0.39656604818609814
0.6489615065078925
0.39642758238715065
0.7069509831071726
0.40678482414843553
0.7213514261977295
0.4283716422043757
0.7027970091387431
0.4391581279423984
0.6648019939075052
0.43234561063417354
0.596566048186098
0.4159789531985601
0.5195236776516203
0.41621434505677096
0.42569925228468564
0.416518969814456
0.3913597341456659
0.42972860703406274
0.45239545832179423
0.3832733314871228
0.49648296870672953
0.17978399335364162
0.6973137635004155
0.05506784824148441
0.8781500969260588
0.09569371365272775
0.828302409304902
0.1292578233176406
0.5445582941013571
0.06426197729160903
0.2981445582941015
0.057615618942121354
0.19075048463029617
0.08129327056217113
0.13054555524785383
0.14224591525893113
0.03976737745776785
0.21423428413181947
0.012628080864026576
0.21042647466075892
0.0
0.17622542232068686
0.005040155081694818
0.12337302686236505
0.04569371365272784
0.07585156466352805
0.11885904181667134
0.05451398504569377
0.211409581833287
0.06131265577402382
0.36228191636665763
0.10357241761284969
0.4540570479091662
0.17366380504015513
0.4761561894212132
0.22510384934921088
0.4273608418720576
0.2351426197729162
0.3826086956521741
0.19817225145389092
0.3572417612849623
0.20826640819717543
0.2520077540847412
0.28557186374965393
0.12184990307394089
0.37176682359457236
0.08031016338964285
0.41950983107172546
0.12157297147604541
0.45684021046801443
0.1206867903627805
0.5060648019939075
0.098587648850734
0.5567155912489615
0.1701467737468847
0.5724729991692052
0.2680697867626697
0.612074217668236
0.3285516477430077
0.6414843533647191
0.35690944336748837
0.6483937967322073
0.3158127942398229
0.6139711991138191
0.25771254500138463
0.5683744115203546
0.17064525062309605
0.5441567432844089
0.12190528939351995
0.5277070063694268
0.09925228468568266
0.5032677928551649
0.04735530324009961
0.47438382719468314
0.05488784270285245
0.46647743007477144
0.06773746884519523
0.46737745776793155
0.0606480199390751
0.5006646358349489
0.12151758515646646
0.487995015231238
0.11099418443644431
0.46600664635834943
0.23649958460260317
0.4724037662697315
0.7323179174743841
0.4734284131819442
0.909055663251177
0.48618111326502356
0.9350318471337576
0.44325671559124913
1.0
0.41337579617834413
0.9427305455552479
0.3785931874826918
0.9502630850180006
0.37518692882857946
0.8965937413458878
0.35931874826917765
0.6515646635281085