0100000000
0.19976850150657754
0.36341588888072324
0.22403909752333354
0.3360035275960905
0.25819431175130453
0.2891893878150954
0.2713860512971266
0.2428896891305947
0.27484015580216076
0.21702065113544494
0.28659880943631966
0.1973249062982289
0.32369368707283025
0.19651649886088035
0.35248401558021614
0.201807892996252
0.3555339163665762
0.20937752627324183
0.35026089512750797
0.21863746601014206
0.3435364150804735
0.30726831777761443
0.318273682663335
0.4560887778349381
0.27044903358565464
0.5535386198280299
0.23690012493569487
0.5859484089071804
0.2238553685603
0.5479532593518044
0.20720952450944372
0.5147350628353055
0.2027265378114207
0.500624678474315
0.2322150363783347
0.499742779451753
0.26201587418240624
0.5018740354229444
0.2705776438597781
0.4604247813625341
0.26890571029617105
0.35783052840449775
0.2661681487469685
0.2819872124641731
0.2545013595943265
0.28176673770853256
0.22767693099140163
0.2672888954214742
0.20948776365106192
0.2019548761666789
0.2866906739178366
0.1180274858528699
0.36409568604394804
0.07202175350922309
0.4008231057543914
0.0936282795619903
0.49329389284926883
0.1886528992430366
0.5361027412361287
0.26795031968839594
0.5038950540163152
0.2659660468876314
0.5218637466010143
0.19754538105386923
0.5195487616667893
0.1494818843242449
0.5120526199750132
0.14000146983170425
0.6122767693099143
0.1533769383405601
0.6623429117366063
0.16770779745719122
0.6373557727640188
0.25347247740133766
0.6765084147865074
0.3532005585360478
0.698114940839274
0.3923715734548395
0.7959138678621298
0.3870801793194678
0.9701624164033223
0.3816418020136693
1.0
0.46556919232747834
0.8719041669728816
0.5949143823032264
0.8340376276916295
0.6708311898287649
0.8187146321746163
0.5831557286690675
0.887668112001176
0.4004556478283238
0.8456309252590581
0.1865216432718455
0.6766370250606306
0.056294554273535795
0.6216469464246344
0.02719188652899254
0.623098405232601
0.029690600426251268
0.5633130006614244
0.07165429558315582
0.5856911883589332
0.13404865142941144
0.5496435658117147
0.19519365032703753
0.4296318071580805
0.2043800984787243
0.3730616594399942
0.16594399941206747
0.3854817373410745
0.12691996766370262
0.38526126258543403
0.09318733005070914
0.3818990225619168
0.08863085176747271
0.46193135885941083
0.09267288895421483
0.5637539501727055
0.10009553906077762
0.5996913353421033
0.1050929668552952
0.5488719041669731
0.09480414492540598
0.5571213346071876
0.1003160138164181
0.707558609539208
0.10942897038289129
0.7938009847872419
0.11876240170500477
0.9308627912104065
0.11729257000073491
0.9984199309179101
0.12104064084662318
0.9787425589769971
0.1481590357904021
0.9104872492099655
0.18093628279562005
0.8035937385169402
0.195708091423532
0.6976556184316896
0.1913720878959361
0.5383809803777467
0.18468435364150812
0.5540898067171312
0.18123024913647393
0.5773866392298083
0.1739545822003382
0.5530792974204455
0.17351363268905712
0.5718563974424928
0.175277430734181
0.6664033218196518
0.17028000293966356
0.7340155802160654
0.15278900565885215
0.7603806864114064
0.12537664437421928
0.7250679797163226
0.10582788270743007
0.6737157345483944
0.08951275079003448
0.6572168736679651
0.0879694275005512
0.7179392959506137
0.09348129639156331
0.7593518042184172
0.0936282795619903
0.7786617182332625
0.08304549129124711
0.8188616153450433
0.06717130888513276
0.8063129271698392
0.053575365620636486
0.7412545013595945
0.03483501139119581
0.7266113030058062
0.021459542882339984
0.7728742558977001
0.0