0100000000
1.0
1.0
1.0
1.0
1.0
1.0
1.0
1.0
1.0
1.0
1.0
1.0
0.9999168468318643
1.0
1.0
1.0
0.9255883086645602
1.0
0.8280912190254449
1.0
0.7713079993347749
1.0
0.7620572093796774
1.0
0.7506340429070351
1.0
0.7086209047064693
0.9998336936637285
0.6799226675536338
0.9869865291867622
0.665162980209546
0.590761683020123
0.6396141692998504
0.3007650091468486
0.5906681357059704
0.30799933477465496
0.5506506735406619
0.278022617661733
0.5062468817561947
0.1616913354398804
0.4989397971062697
0.10997006485947118
0.5041576584067854
0.10015799101945788
0.49205887244304014
0.07716614002993522
0.46469108598037595
0.07924496923332786
0.47215408282055543
0.0861051056045236
0.42393563944786294
0.05700149675702653
0.4156307167803095
0.03729419590886417
0.4411379511059371
0.09633294528521541
0.36052095459837025
0.1306752037252621
0.26565358390154675
0.07517046399467812
0.2303862464659904
0.07571095958756036
0.21512764011308846
0.15653583901546655
0.19063903209712293
0.27968568102444713
0.13827332446366208
0.3950191252286714
0.10983494096125065
0.3822551139198404
0.12081115915516384
0.26758689506070166
0.16592175286878427
0.284009645767504
0.22932604357226016
0.32363213038416766
0.27475885581240644
0.35855646100116406
0.22952353234658246
0.39734741393647116
0.16262680858140702
0.4407117911192418
0.13341925827374032
0.4803758523199733
0.09491934142690842
0.5128055878928988
0.057718692832196924
0.5437385664393813
0.030402877099617538
0.5822800598702812
0.0
0.6315483119906866
0.11046898386828542
0.7139531016131712
0.20303924829536008
0.7710793281224015
0.15736737069682347
0.7857558622983536
0.13896973224679868
0.8255030766672212
0.13843963079993363
0.8849991684683182
0.13499916846831866
0.9662398137369033
0.13930234491934143
0.9998336936637285
0.18319682354897726
1.0
0.48056294694827867
1.0
0.569245800765009
1.0
0.6030891401962415
1.0
0.43827956095127224
1.0
0.14178654581739572
1.0
0.0810119740562116
1.0
0.063352319973391
0.9999168468318643
0.06652253450856485
0.9999168468318643
0.07268626309662406
0.9999168468318643
0.09288208880758363
1.0
0.10259022118742728
1.0
0.1487194412107102
0.9999168468318643
0.25722393148178957
0.9999168468318643
0.46452477964410455
0.9997505404955929
0.4734845335107267
1.0
0.37500000000000006
1.0
0.2915350074837852
1.0
0.32694786296357903
1.0
0.3778999667387328
1.0
0.43525486446033596
1.0
0.5009978380176284
1.0
0.562863795110594
1.0
0.6480646100116415
1.0
0.7572135373357725
1.0
0.87335772492932
1.0
0.9946781972393148
1.0
0.9999168468318643
1.0
0.9998544819557625
1.0
1.0
1.0
1.0
1.0
1.0
0.9996673873274573
0.9999584234159321
0.9993347746549145
0.9839930151338766
0.8711125893896553
0.8689506070181275
0.5498087477132879
0.8434641609845335
0.5187094628305339
0.9795858972226844
0.9281556627307502