0100000000
0.6485623003194889
0.5095295802577946
0.6654456318166795
0.45929271785832315
0.6926572656163931
0.44364878263743535
0.7130109066872315
0.43351327531122624
0.7219345598766113
0.4135727663324887
0.7105045719951527
0.38448826704858435
0.6900683045058941
0.3768866365539276
0.6953288531453125
0.36465792662774027
0.6946127575190042
0.37578495097499165
0.6918034592927178
0.43681833204803344
0.6593312768535861
0.4922331166685026
0.613363446072491
0.5061143549630935
0.6149884323014213
0.5327751459733395
0.6499118651536852
0.584664536741214
0.6720006610113474
0.6345708934670046
0.678610774484962
0.6671807866035034
0.6864602842348794
0.6665197752561419
0.7068414674451912
0.6575961220667623
0.7517626969262973
0.6861297785611987
0.8065440123388785
0.6483419632037016
0.8588740773383275
0.5359700341522528
0.8662002864382504
0.48980940839484394
0.8678528148066543
0.5515038008152475
0.9050071609562632
0.6538503910983806
0.9397928831111602
0.6763247769086703
0.9601189820425253
0.47680951856340215
0.9193290734824282
0.3017516800705078
0.8870496860196101
0.36212404979618823
0.8464801145753004
0.4256913077007822
0.8160735925966729
0.46843670816349026
0.7994105982152694
0.49355513936322576
0.7493940729315852
0.5270463809628732
0.7018838823399801
0.5682494216150711
0.7365318937975105
0.5791561088465353
0.7247438581028973
0.599537292056847
0.5997025448936874
0.6515368513826154
0.5055635121736255
0.6648672468877382
0.6678417979508648
0.6655282582350995
0.8424038779332376
0.8024677756968155
0.7706566046050457
0.8443318276963748
0.6946127575190042
0.7092651757188498
0.585215379530682
0.6124270133303955
0.5773383276412913
0.6234438691197532
0.711441004737248
0.60702875399361
0.8422661672358709
0.6204693180566264
0.9281425581139143
0.6333590393301751
0.9896166134185304
0.6757739341192024
1.0
0.6993500055084279
0.9996144100473727
0.6672909551613969
0.9643880136609012
0.5907238074253605
0.9354136829348905
0.6000881348463147
0.9207612647350447
0.6091219565935884
0.8597829679409494
0.554147846204693
0.7950313980389995
0.3952847857221549
0.7676545114024456
0.28709926187066204
0.7147460614740554
0.3140905585545885
0.7236697146634349
0.34504792332268375
0.7903216921890492
0.3452682604384709
0.802247438581029
0.3299548308912636
0.6643164040982703
0.3236752230913298
0.5722430318387134
0.32687011127024357
0.501955491902611
0.3747934339539496
0.5002754213947338
0.44309793984796747
0.4833370056185965
0.5099702544893685
0.46617825272667185
0.5610884653519883
0.4721548969923983
0.5846645367412141
0.45695163600308475
0.5941390327200616
0.35909441445411483
0.5810289743307259
0.35906687231464146
0.5378428996364439
0.4089732290404319
0.47625867577393427
0.4210917704087253
0.4033270904483861
0.45169108736366637
0.3387683155227499
0.48438360691858523
0.29657375784950957
0.4845764018948991
0.26297234769196853
0.45133303955051224
0.23994711909221103
0.41431640409827036
0.21394733942932695
0.3844056406301641
0.19169329073482413
0.3692850060592707
0.17693070397708496
0.35785501817781207
0.16822738790349237
0.3482703536410708
0.15335463258785936
0.3405585545885205
0.1376005288090779
0.3266773162939297
0.11468546876721387
0.30858213065990964
0.10532114134625982
0.2853090228048915
0.1030076016304947
0.3798061033381072
0.08516029525173512
0.5039385259446953
0.0600418640519996
0.48303404208438894
0.037016635452241896
0.35870882450148733
0.018287980610333716
0.30770078219676106
0.003635562410488043
0.32816459182549307
0.0