0100000000
0.08624381599350227
0.05183489625636856
0.0787860887543381
0.04179280809274173
0.07306357527874179
0.02924019788820797
0.06872554086982209
0.016170715498781643
0.06769179650003693
0.0073100494720519755
0.068614782544488
0.0
0.06855940338182087
0.0020674887395702893
0.0681902089640405
0.007088532821383767
0.07219596839695791
0.014177065642767534
0.07243594476851517
0.032341430997563356
0.06820866868492952
0.05264712397548558
0.06363065790445252
0.06852248394004293
0.05825887912574766
0.08868049915085292
0.05161337960570038
0.10492505353319061
0.044986339806542215
0.11400723621058856
0.0661411799453593
0.11548401388171013
0.0955659750424574
0.1147456250461494
0.11000147677767115
0.11452410839548112
0.11947131359373851
0.11186590858746212
0.12921804622314112
0.11282581407369123
0.1439858229343573
0.10972458096433592
0.16523296167761947
0.11245661965591083
0.17112161264121692
0.12286790223731826
0.22618696005316413
0.13866942331831936
0.2504061138595585
0.1652514213985085
0.20327844642989007
0.1943439415196043
0.1801114967141697
0.21531418444953113
0.13881710108543166
0.25319353171380043
0.10786014915454481
0.3226759211400724
0.12964261980358865
0.4228014472421178
0.23656132319279338
0.5184966403307982
0.4152698811193975
0.6077678505501
0.5244591301779518
0.6855201949346529
0.5056855940338183
0.7998227866794656
0.4813187624603117
0.8306874400059072
0.4862290482167912
0.7892638263309458
0.5218563095325999
0.7447389795466294
0.6127519751901352
0.6744443624012406
0.6508343793841838
0.6483792365059441
0.8290629845676735
0.6508897585468509
0.9230229638927859
0.6576829358340104
0.9329173742893008
0.8035885697408257
0.7615373255556376
0.8768367422284576
0.6668020379531862
0.8957394964188141
0.5865576312486156
0.8492209997784831
0.5377685889389354
0.933840360333752
0.5699623421693866
0.8252233626227571
0.6986635162076351
0.6604149745255852
0.823082034999631
0.5658273646902459
0.9188510669718677
0.5260282064535182
0.9838846636638854
0.43350808535774954
0.9917854242043864
0.39245366610056864
0.9020896404046371
0.36328730709591683
0.7497415639075539
0.27859410765709214
0.619803588569741
0.35745403529498654
0.5804105441925718
0.46666174407442956
0.6055711437643064
0.4465037288636197
0.6541755888650964
0.3762829506017868
0.7092593959979325
0.33552388687883056
0.7520305692977923
0.30126264490880905
0.7517721332053461
0.32326663220852103
0.6781916857417116
0.40057594329173746
0.5647567008786827
0.4348371852617587
0.5468692313372222
0.4444362401240492
0.5527948017425977
0.48430923724433295
0.5478106771025623
0.4809126486007532
0.5142509045263236
0.46164069999261637
0.4747471018238205
0.42538580816658067
0.48979177434837207
0.379901055896035
0.5284279701690913
0.34327696965221893
0.5194565458170273
0.2932142066011961
0.4673447537473233
0.2853134460606955
0.42154618622166445
0.43505870191242707
0.39586871446503746
0.5687809200324893
0.3862142804400798
0.6753304290039136
0.41593443107140227
0.762681828250757
0.46090231115705543
0.837702133943735
0.5095805951414014
0.8719633759137557
0.553200915602156
0.8916045189396735
0.5920401683526547
0.9095473676438011
0.6225725467030939
0.9253488887248023
0.6550062763051023
0.9348002658199809
0.683028132614635
0.9579856752565903
0.707874916931256
0.9862659676585693
0.7291774348371858
1.0
0.7547995274311453
0.9785867237687367
0.785590341874031
0.9531123089418887
0.823894262718748
0.9553274754485714
0.8623274016096877
0.957468803071697
0.8922506091707895
0.9539983755445621