0100000000
0.5609078590785911
0.434078590785908
0.5488821138211383
0.4460027100271001
0.5163787262872628
0.5693766937669378
0.4940210027100273
0.6351626016260165
0.49081978319783204
0.6054200542005422
0.5122459349593497
0.5978319783197833
0.5194952574525747
0.6261517615176154
0.5591294037940381
0.6277100271002711
0.5723746612466125
0.5916666666666669
0.5542174796747968
0.5392276422764228
0.5403624661246614
0.543089430894309
0.5385670731707317
0.5536585365853655
0.5239668021680217
0.547357723577236
0.5021341463414635
0.5344173441734417
0.49280149051490507
0.5136178861788621
0.4950203252032521
0.4886856368563685
0.451321138211382
0.48746612466124634
0.3875846883468835
0.5538617886178865
0.4163448509485096
0.6018970189701897
0.4968834688346883
0.6537940379403797
0.5376693766937671
0.7032520325203253
0.5581300813008129
0.758807588075881
0.5717818428184281
0.7999999999999997
0.6470359078590786
0.7988482384823845
0.7367378048780489
0.7865853658536582
0.7930047425474257
0.7920731707317072
0.9189363143631439
0.7176151761517616
0.8965955284552849
0.5913279132791329
0.8755081300813009
0.5104336043360435
0.8781673441734416
0.4353658536585366
0.7548441734417345
0.44613821138211357
0.7315040650406504
0.4113821138211384
0.6970867208672088
0.4065718157181572
0.7583163956639568
0.47974254742547423
0.8058265582655828
0.5497967479674798
0.7331300813008133
0.622018970189702
0.6591124661246613
0.6915989159891596
0.6363990514905151
0.7009485094850951
0.5980860433604337
0.6953929539295393
0.5831470189701898
0.672967479674797
0.6874661246612469
0.656436314363144
0.6639227642276423
0.635027100271003
0.5527947154471545
0.6789972899728998
0.4455115176151764
0.7294715447154473
0.36028116531165316
0.8153116531165309
0.33531504065040646
0.8695799457994583
0.4006097560975609
0.8755420054200541
0.4705962059620598
0.9140243902439025
0.5102642276422765
0.9439701897018973
0.5400237127371273
0.9805555555555551
0.48319783197831984
1.0
0.4730182926829269
0.9796747967479678
0.4939024390243902
0.9396341463414632
0.5203760162601626
0.8280487804878047
0.5175474254742547
0.7524390243902441
0.5027777777777779
0.7520325203252033
0.49481707317073187
0.7967479674796745
0.4973915989159892
0.7677506775067747
0.4759315718157182
0.7382113821138213
0.4938008130081303
0.57940379403794
0.5414803523035231
0.08279132791327906
0.5626355013550134
0.0030487804878048756
0.5364159891598916
0.0
0.4963922764227643
0.1277777777777776
0.49493563685636865
0.18265582655826562
0.45150745257452574
0.1876693766937669
0.3683773712737128
0.1812330623306234
0.35707994579945807
0.1843495934959349
0.3883807588075882
0.25704607046070466
0.4384315718157183
0.3813685636856369
0.45342140921409213
0.4668699186991873
0.46556571815718156
0.5821138211382115
0.4809281842818429
0.6780487804878051
0.4720020325203252
0.6504065040650407
0.4626355013550135
0.71449864498645
0.4732384823848239
0.7281165311653119
0.46753048780487816
0.5866531165311649
0.4362635501355015
0.5328590785907862
0.4132960704607045
0.6453929539295395
0.39093834688346885
0.7392276422764226
0.3767953929539296
0.7597560975609756
0.3616700542005422
0.8076558265582655
0.3536246612466124
0.8616531165311649
0.34043021680216795
0.8963414634146339
0.3552845528455284
0.9327235772357724
0.35768970189701915
0.9416666666666664
0.3584518970189701
0.9410569105691058
0.4097222222222221
0.9403794037940383
0.458468834688347
0.9331978319783201
0.4735094850948509
0.9440379403794044