0100000000
0.3881573340151708
0.76033410040058
0.4068652518537459
0.7814710645188785
0.4309000255689082
0.8129208216142503
0.4516108412170802
0.8346543935907272
0.4599846586550754
0.8346543935907267
0.45744907525781964
0.8196539674422565
0.446795363504645
0.8042273928236596
0.43279638626097333
0.8040569334356086
0.41907440552288416
0.8110457683456915
0.39167305889371845
0.8187164408079773
0.34873860052842404
0.8224665473450953
0.3033537884598994
0.8165004687633172
0.2620600017045939
0.807892269666752
0.25801159123838746
0.8280917071507714
0.29184777976647047
0.8900536947072358
0.34200545470041754
0.9619023267706466
0.409677831756584
0.9957385152987298
0.47259865337083434
1.0
0.5220744907525783
0.9992329327537708
0.54523566010398
0.9882383022244954
0.5456191937270946
0.9354811216227737
0.5424443876246483
0.8304781385834824
0.5472172504900708
0.7389414472002047
0.5455765788800817
0.6927469530384381
0.5358603937611864
0.6749339469871305
0.5300860819909655
0.6549049688911618
0.5257393675956704
0.6428023523395551
0.5321955169180943
0.6344498423250656
0.5404201823915452
0.6347055314071417
0.5433179919884088
0.6386260973323108
0.538353362311429
0.638370408250234
0.5288715588511036
0.6283133043552368
0.5263146680303417
0.6181709707662151
0.5324512060001705
0.6112673655501578
0.5846117787437142
0.6105855279979543
0.6630017898235749
0.6079434074831669
0.7294596437398789
0.5920054547004171
0.6417582885877439
0.5603000085229691
0.4624137049347991
0.5234807807039972
0.3903519986363249
0.4888775249296856
0.38470553140714214
0.46560981846075167
0.29783516577175484
0.4409784368874114
0.22560300008522985
0.399130657120941
0.4267450779851702
0.34449842325066077
0.29463905224580245
0.2867979203954659
0.17966419500554004
0.25458109605386536
0.12023779084633089
0.25338788033750964
0.09652262848376372
0.27605897894826514
0.06639393164578555
0.2796386260973325
0.20325151282706888
0.34262336998210186
0.3462030171311684
0.44464331373050386
0.42425210943492714
0.49041165942214243
0.4265106963266002
0.5135089065030257
0.34409358220403996
0.4919457939146001
0.2804056933435609
0.49612204892184447
0.2803204636495355
0.45538225517770387
0.25739367595670337
0.44822296087957025
0.2181454018580074
0.4379953975965226
0.21403306912128178
0.38268132617403894
0.27403477371516255
0.33776527742265433
0.3433478223813177
0.31850336657291367
0.3550242904627973
0.3502940424443877
0.2966419500553993
0.39120429557657843
0.2855620898320975
0.40850592346373477
0.19809511633853227
0.3618000511378165
0.1303801244353533
0.2954061194920309
0.1679877269240603
0.30350294042444387
0.22507031449757095
0.2524503537032301
0.26261399471575886
0.16653882212562862
0.2561791528168413
0.12042955765788811
0.2332523651240091
0.11463393846416095
0.2384300690360522
0.11480439785221173
0.24987215545896194
0.12008863888178652
0.21409699139180083
0.12486150174720859
0.1573127077473791
0.1385834824852979
0.11932157163555786
0.16440807977499358
0.11101167646808159
0.20105684820591488
0.10606835421460825
0.23421119918179514
0.10108241711412252
0.26046194494161784
0.09579817608454791
0.2697519815903858
0.10291485553566868
0.2594391886133126
0.12773800392056595
0.2338702804056934
0.1565882553481632
0.20088638881786408
0.18567288843433039
0.16798772692406047
0.2090258245972897
0.15179408505923464
0.23061024460922175
0.14275973749254256
0.25666922355748745
0.11241796641950058
0.2894187334867468
0.06826898491434416
0.31530725304696167
0.0207960453421972
0.3293062302906334
0.0