0100000000
0.20789265520171094
0.02800808601646498
0.19409369232121407
0.018164239885155087
0.1887616090000879
0.001757829666305307
0.18882020332229807
0.0
0.19582222482641432
0.04441449623531471
0.20780476371839574
0.1365247707497144
0.21641812908329186
0.24644771921600803
0.22177950956552306
0.364105118214045
0.22374241935956402
0.45691852459496685
0.22350804207072336
0.5333255207570389
0.22339085342630302
0.5954355022998271
0.2277561304309612
0.6403187531128237
0.22550024902586946
0.6850848152813993
0.21533413412240357
0.6788738171271205
0.2007148507309642
0.6437172238010138
0.19538276740983798
0.6355140186915891
0.20683795740192767
0.6199279289836815
0.2342308030351859
0.5731696598599595
0.25954355022998277
0.4777781033017901
0.2716432777663844
0.3784021328333284
0.34160489848533687
0.31887030146778783
0.43556089414935695
0.2592212814578268
0.4781589663961562
0.26929950487797727
0.4261565054346234
0.34031582339671296
0.5168605162159788
0.4239885155128467
0.5749860838484753
0.5068408871180382
0.6276916766765299
0.5693024345940878
0.6967157882401196
0.5701227551050303
0.609586031113585
0.5253566929364546
0.5777107198312486
0.48926259045498494
0.6157091377845488
0.47379368939149813
0.691911053818885
0.5143409603609412
0.8114141739665428
0.5850057129464152
0.7810037207394603
0.6986786980341605
0.7358860926376236
0.7543433041338292
0.7313450326663349
0.7943046318811708
0.9341985761579701
0.8250080567193039
0.7982011543081475
0.8163360970321978
0.7575952890164945
0.8465707672926492
0.7270969443060967
0.7823513901502946
0.7355052295432573
0.6828582310374125
0.8366683268391292
0.634224943602965
0.9336126329358684
0.577271262414672
0.8863270149122549
0.5141065830721006
0.8123223859608001
0.46582486157091385
0.7635719098819325
0.40687897342747503
0.7133565757478101
0.34312835086280136
0.7887088741100987
0.2690651275891367
0.9068057305247123
0.17050947763161742
0.9601851580581844
0.12152462426390873
0.8518735534526704
0.10535259133389971
0.7891776286877803
0.1176573989980371
0.7688746960419537
0.15492338792371027
0.6921747282688308
0.18422054902879917
0.6327307883866057
0.19945507280344535
0.6284534028652626
0.2028535434916356
0.6132774734128262
0.18832215158351157
0.5708551841326577
0.17004072305393608
0.5512846805144583
0.15000146485805507
0.5706501040049219
0.12890750886239113
0.6022031465151028
0.13851697770486043
0.5555327688746962
0.1480092579029092
0.516948407699294
0.1408607505932676
0.4667623707262767
0.11941522866434237
0.4291448158673425
0.09035244484809422
0.425336184923681
0.06375062256467348
0.44101016611490346
0.03890662994755805
0.41391029209269625
0.02636744499458003
0.35839217179855276
0.03328157501538101
0.3910585064307269
0.03703161163683231
0.3187238156622624
0.04066445961386341
0.27454369671578827
0.044648873524155495
0.22866434242521896
0.05074268303401396
0.21653531772771217
0.05484428558872638
0.18788269416693523
0.05121143761169538
0.13561655875545658
0.04710983505698296
0.13763806287170777
0.038203498081035944
0.1648551255383353
0.03468783874842525
0.24281487123897694
0.029883104327190643
0.4006679752731961
0.023320540239650786
0.5758064043594175
0.020039258195880802
0.6929657516186682
0.025195558550376446
0.7749978027129171
0.03726598892567302
0.8486215685700057
0.06234435883162921
0.9085928573521227
0.09164151993671811
0.9529487592652275
0.12011836053086457
1.0
0.14132950517094897
0.9246184044766063
0.15773591538979875
0.7914628072539772
0.1626578384554537
0.7538745495561482
0.169337591187414