0100000000
1.0
0.8419267725931041
0.9275576210513093
0.8269798404823212
0.8302455567418198
0.7477234189537146
0.7585254035043646
0.7401871506625635
0.6814984613452234
0.7522451799284056
0.6338315644036926
0.7488538591973876
0.6279595553601706
0.7483514413113108
0.6212397161338942
0.7700810148841299
0.5780317779312942
0.7842743201657977
0.5243044652389622
0.7694529925265338
0.5002512089430381
0.7776172831752811
0.5224203981661746
0.7833950888651634
0.5671355900270049
0.7798781636626264
0.6115995729447966
0.7432016579790239
0.560635558625887
0.6844187653080447
0.5210387489794633
0.6790177730327199
0.4750989135213211
0.6374426929598691
0.45974376687810087
0.4965144759153423
0.43939584249199276
0.4516736795829929
0.4572002763298371
0.5015386547761099
0.4923067261194496
0.488852603152672
0.495792250204107
0.5132198706273943
0.46614959492557934
0.5009106324185136
0.45691766626891894
0.46486214909250745
0.48897820762419114
0.3691515417948879
0.5321547447089116
0.25598191295610123
0.572693587891729
0.22332475036111268
0.5978772844313256
0.18715066256358703
0.5923820888023612
0.06368146706022738
0.5671355900270051
0.0
0.5154179488789797
0.08352697356025864
0.44454562582427914
0.2029768259750047
0.4049488161778559
0.2946680901840101
0.345035483263204
0.40231112227595295
0.38412987502355095
0.5336933994850218
0.4201155561137975
0.6282735665389688
0.3911637254286252
0.6760032657162597
0.35147271242856226
0.7307668152986245
0.6315706839163474
0.7288827482258368
0.6718897192740061
0.6340513722288513
0.5317465301764742
0.5585630848458204
0.7176725491427494
0.5122150348552408
0.9862149092507692
0.4446398291779184
0.9128304967656847
0.4357219117000563
0.7271870878603275
0.47491050681404257
0.5574640457200275
0.4961376625007845
0.4753815235822395
0.4697607234817557
0.6728945550461594
0.3691515417948879
0.7847139358161146
0.3494316397663756
0.5084469007096653
0.4283112478804247
0.4449224392388369
0.42755762105130934
0.46206744960120555
0.38309363813351777
0.4588017333417067
0.3376248194435723
0.4894492243923883
0.3573447214720843
0.5708723230547006
0.39791496577278146
0.5771525466306598
0.440746090560824
0.6002323682723105
0.47302643974125475
0.6960999811593293
0.4995289832318028
0.7818878352069334
0.495635244614708
0.8069459272750106
0.5433649437919986
0.7754506060415747
0.6170947685737608
0.8034604031903534
0.6212397161338942
0.8286126986120703
0.5441185706211142
0.866168435596307
0.4294416881240973
0.8872071845757711
0.3494316397663756
0.8131633486152107
0.20247440808892772
0.7673805187464674
0.09583621176913909
0.7755762105130941
0.16027130565848158
0.6912014067700809
0.2858757771776675
0.5957420084154994
0.2940400678264146
0.6009545939835457
0.2210638698737671
0.5241160585316836
0.12032908371538023
0.4931859574200841
0.058280474784902385
0.4822583683979149
0.07460905608239655
0.4622872574263644
0.15110217923758054
0.4717703950260629
0.18237769264585796
0.48247817622307326
0.11505369591157454
0.48282358851975127
0.10148841298750234
0.45154807511147377
0.15562394021227136
0.37213464799346846
0.2463103686491237
0.3304339634490988
0.2278465113358035
0.36789549707969604
0.22960497393707174
0.43515669157822023
0.31237832066821575
0.44200213527601573
0.3446586698486466
0.40337876028386616
0.3459147145638384
0.42206242542234484
0.335615147899265
0.4215286064183883
0.3393832820448407
0.45515920366765056
0.34478427432016545
0.5236764428813665
0.3756829743138857
0.6125102053633107
0.46724863405137224