0100000000
0.6502440272365881
0.6471838469713067
0.988379186838273
1.0
0.9576101074507026
0.6032589443854057
0.4223245562246624
0.07726217184240558
0.37313535639784307
0.13885936946510802
0.39217538473649005
0.1533435667335773
0.39371039477309405
0.18026528122171048
0.3959440311725115
0.20155862557562876
0.397606958712166
0.2211595229661117
0.3994962018341403
0.22234029991734564
0.3997520368402409
0.2127366473806431
0.3995060416420672
0.21907348368559845
0.4010607312945252
0.21187074428307154
0.40456370291651905
0.2027394025268626
0.40923761168181993
0.18530326288030857
0.41503325855079304
0.17538473648994368
0.42119297831306335
0.17837603809973626
0.42743141653874916
0.2042744125634668
0.42844491675522495
0.24863226669815405
0.42664423190459316
0.25095446136891414
0.42753965442594555
0.22981855394182693
0.42904514503876895
0.23611603101507467
0.4298815287125594
0.24686110127130304
0.4298323296729248
0.28263864289369073
0.4342700830479788
0.3166056598575195
0.43752705947179904
0.33380564411382685
0.4398197347187783
0.3413232573700161
0.43814696737119685
0.35505962923603734
0.4059904750659267
0.37694336206557255
0.397793915062778
0.3682843310898571
0.39273625378832605
0.35596489156531674
0.36307907269650097
0.3239264769551698
0.3559648915653167
0.30948163891840824
0.350848191443303
0.30094068563781623
0.2947120872200575
0.2962962962962962
0.2598890069665839
0.29117959617428263
0.2198213090880466
0.2849214783327428
0.31730428622033297
0.2926358877474713
0.35815916873302633
0.2973983547841147
0.3384205140315661
0.3265241862478845
0.28339630810406585
0.3096784350769473
0.2717459755185578
0.10847404258668869
0.2584720746251033
0.002833864682961421
0.2505608690518361
0.0015350100366041195
0.23988467745109618
0.0012988546463573196
0.28401621600346355
0.00035423308537020897
0.30468965245798396
0.0007084661707403284
0.32724249222655166
0.0026370685244223643
0.3389617034675482
0.0019286023536820897
0.31780611642460743
0.0002755146219546149
0.30411894359822106
0.0026370685244224363
0.29667020899752033
0.004605030109812269
0.28681072145471714
0.0
0.2659995276892195
0.03786358090290075
0.26321486204589284
0.1628291415751565
0.24892746093596252
0.22670917463691106
0.2432498917621128
0.21635769669776042
0.2581965600031487
0.21962451292950758
0.3016786712323375
0.23206203014917157
0.3137324359428504
0.24831739284449167
0.31537568386665094
0.24863226669815405
0.32271618058015505
0.25870823001535004
0.302938166646987
0.2540244814421221
0.27578029676860705
0.242413508088322
0.2901365765340261
0.23029086472232063
0.31081001298854655
0.22950368008816455
0.34141181564135864
0.24044554650293234
0.3362360766717834
0.22899201007596331
0.3525406384067383
0.2178139882709489
0.3630790726965009
0.2425709450151533
0.3951174873066477
0.23713937103947724
0.40338292596528524
0.18577557366080213
0.39237218089502895
0.5634667611288227
0.9500137757310975
0.9165977880111781
0.9439426142401698
0.8087141339001062
0.917916322273389
0.7462510331798323
0.9219900027551463
0.803321919156138
0.9485476443499821
0.9284449167552248
0.9713563191246507
0.9638288660605345
0.972802770889912
0.9679222261581454
0.9727634116582041
0.9673318376825285
0.9436080607706538
0.9685913330971777
0.9279234069350965
0.9463927264139804
0.8521962451292949
0.8969575313889868
0.8546758767268862
0.8407131892785454
0.8943499822883456
0.8488605502420594
0.9764238202070296
0.9001062699256112
0.9726453339630811
0.9612311567678193
0.985151729838233
0.9801629472192706
0.6382591411815638
0.6344314558979808