0100000000
0.34754587592863023
0.6682329036764239
0.34198996761699163
0.7651279446314052
0.37364277096958554
0.7171248968188453
0.42151882659216466
0.6029589180265411
0.44755222553812923
0.5508921201346115
0.44215505746396594
0.4252968442440791
0.416820115562893
0.27252523969775816
0.3672931614705695
0.16369293288462763
0.4129786018159883
0.0685757825893709
0.5561622960187951
0.08876754079624127
0.6482316337545243
0.07873515778779608
0.6878531970283827
0.08559273604673302
0.6777890659724426
0.08394183757698927
0.6422312527779541
0.05765445425106361
0.6169915550193661
0.02882722712553163
0.6034351387389674
0.0
0.5713061146739475
0.006730586068956751
0.5709886341989968
0.03974855546383916
0.6162930979744743
0.07949711092767797
0.6576290558130674
0.0756873452282686
0.6808051304844751
0.1013397676042921
0.7075052384278365
0.14261222934789516
0.6250555590831162
0.18985332402057276
0.5582894152009652
0.28624039621563274
0.5772429995555274
0.29919359959362524
0.5768937710330815
0.3465616864562832
0.56825830211442
0.32332211568988506
0.5899739666010541
0.3303066861388023
0.6102927169979044
0.45831481363896126
0.5989586640421614
0.7144580608292591
0.5773382436980126
0.4989523144326624
0.570163184964125
0.44409168836116575
0.5435900692107434
0.6302622388723094
0.5650834973649121
0.5773064956505175
0.6001015937519842
0.5957203631976629
0.6194361546764874
0.6151501682646513
0.626134992697949
0.5439075496856942
0.8988824687281731
0.40027938281795644
0.8745952123944376
0.28763731030541645
0.7650009524414246
0.30452727157279813
0.6751857260778461
0.3215442250301603
0.8342751920756871
0.36561051495333063
0.9612991301034987
0.37957965585116527
1.0
0.4397739539018353
0.8596736300717506
0.46961711854720917
0.6849323766588357
0.504412978601816
0.562734141850276
0.5375579401866786
0.431297225220649
0.5750206362308712
0.4639659660930852
0.5690520033017967
0.45917201092132826
0.5191440726395321
0.40294621880754344
0.44117086799161814
0.3362753190678774
0.3783097339513617
0.26433424344402834
0.3311956314686643
0.25874658708489423
0.2896691853451013
0.2541113721506127
0.23468156708362398
0.25820687027747796
0.2005206679789193
0.2792558257667155
0.17245539399326945
0.29398691980443203
0.13829449488856418
0.3216077211251508
0.09041843926598504
0.3020509238681822
0.10032383008444981
0.3145914026287384
0.12648422122039515
0.31951234999047556
0.1318178931995683
0.32513175439710446
0.13829449488856418
0.38354816178804996
0.15670836243571026
0.35868944059940294
0.16343894850466711
0.37129341545494965
0.1271191821702966
0.37919867928122447
0.11403898660232406
0.3629119309162487
0.10337164264397751
0.41015302558892613
0.08190996253730398
0.4097403009714902
0.0962600800050797
0.39583465616864566
0.12343640866086757
0.3576735030795604
0.15200965140643857
0.33741824877770027
0.14439012000761958
0.35557813194488547
0.18045590196202949
0.373071306114674
0.2068702774779352
0.3605943234491079
0.16140707346498195
0.34119626642961465
0.13207187757952882
0.3335449869833006
0.11670582259191058
0.32840180328909757
0.10286367388405625
0.3296082290939106
0.10718140834338699
0.3400533367197918
0.10603847863356415
0.37030922598260213
0.10692742396342647
0.4182170296526763
0.09638707219506001
0.41589942218553555
0.11048320528287521
0.4521874404724109
0.1103562130928949
0.44456790907359217
0.11111816623277679
0.4151374690456537
0.1508667216966155
0.43072576036573723
0.11175312718267848
0.48676106419455206
0.11721379135183184
0.5115245412407136
0.13359578385929274