0100000000
0.051470689536405635
0.46440724667631045
0.044499552249087325
0.44137218433560665
0.042460563477302524
0.43492457119239525
0.036867121306055024
0.4314527794998968
0.03573741131087693
0.42649307708204187
0.03378108424605635
0.4129916649445479
0.027622787077219844
0.4025762898670523
0.025101605014810256
0.3913894055245576
0.028545842804987315
0.3816904319074191
0.03371219949025284
0.375132603154922
0.04050423641248197
0.36659089343528295
0.04788868223462148
0.3600330646827859
0.055025142935868236
0.3615209754081424
0.057821864021492086
0.3648825514913551
0.06760349934559486
0.36703175587242554
0.07737135771853691
0.36466212027278394
0.08459048012674797
0.3567817042088587
0.09113453192808434
0.3431700764620789
0.0960942343459393
0.3268581662878006
0.101398360542812
0.301729007370669
0.10587586967004213
0.26657022800854163
0.10898946063236212
0.21851622235999177
0.10806640490459463
0.16665977819108643
0.10477371357718543
0.1176138320589654
0.11538196597093069
0.0792036922229112
0.07888682234621476
0.05732589377970654
0.13486257491217202
0.04718605772542531
0.15499070055796654
0.03836880898257211
0.10092994420334776
0.025969552937934844
0.0958049183715644
0.015554177860439476
0.023944341117310725
0.0038162154715162015
0.0
0.008390163256871275
0.13338844113797627
0.00960253495901359
0.2113659847075843
0.011310876902941322
0.19437900392643115
0.02696149342150583
0.17814975545911707
0.0845491492732659
0.14704139973823796
0.15646483433216243
0.12706482055521118
0.2053454570503547
0.11130398842736108
0.17189501963215534
0.15089894606323628
0.1711786181717987
0.2310532479162363
0.20049597024178564
0.2992078253082594
0.21234414823999473
0.3363229317352072
0.23157677206034322
0.34606323620582785
0.2673968450781841
0.2916580560721915
0.30233519322174024
0.23795550044775107
0.23692222911069796
0.1788799338706345
0.21647723358820703
0.14310119170627544
0.22116139698284767
0.12254598057449892
0.24149617689605307
0.08960529034924573
0.2574774402424745
0.072838740786664
0.2486601914996213
0.08868223462147828
0.18109802300750835
0.11024316318798656
0.17487084108286843
0.13341599504029764
0.21405249018392233
0.11908796583316122
0.2646965626506854
0.11776537852173319
0.39034235723634364
0.11459667975477032
0.47724736515809063
0.044651098711855165
0.4834745470827306
0.04831576772060343
0.49240201143486956
0.08111868843424958
0.4957084797134395
0.14409313218984637
0.495598264104154
0.18224150995384739
0.5012743679823654
0.25620996073568914
0.5071157952745057
0.3715230419508165
0.5029276021216503
0.42868361231659435
0.49185093338844116
0.5184542260797688
0.46969759592202226
0.583867190190811
0.43216918096025375
0.5853688778673282
0.3839498518977753
0.5772404766825103
0.34333539987600753
0.5700489081766207
0.3250947165392299
0.5434731693876146
0.32492939312530156
0.5266239581180686
0.33308534821244057
0.5417510504925261
0.34587035888957784
0.5481297788799342
0.35915133980850067
0.5492181580216302
0.37254253633670864
0.5495488048494869
0.3816904319074191
0.5411724185437765
0.38257215678170436
0.5219122408211063
0.37816353241027767
0.4958324722738859
0.3697320382999243
0.4849900117104087
0.3610801129709997
0.4971688365364747
0.35589997933457335
0.5144589102431633
0.3539712061720743
0.5263208651925332
0.35011365984707604
0.5466694220568991
0.3444375559688641
0.5684921126954607
0.34217813597850816
0.6042433009574982
0.36559895295171185
0.6529861541640836
0.4699731349452366
0.6991527175036165
0.6613625404697945
0.7459943514500245
0.8681821312943446
0.767293517944479
1.0