0100000000
0.3522245368648167
0.06465292760955292
0.33628450264117266
0.06829848969570723
0.36338442080202377
0.03310765568038109
0.38535079235175973
0.0
0.36154303995238474
0.06978647422066823
0.328974778662302
0.13019864593408242
0.3696339558068598
0.23733353173127023
0.3709173424596385
0.33412692507997926
0.3674763782456663
0.3551819061081763
0.39000074399226264
0.33807008407112576
0.4460233613570419
0.30243285469831127
0.5246075440815414
0.27170597425786797
0.476266646826873
0.27111078044788345
0.43748605014507846
0.24581504352354744
0.5241983483371775
0.3443196190759617
0.5257421322818243
0.4220668105051709
0.4664831485752551
0.47288148203258684
0.43739305111226856
0.39602708131835407
0.43916003273565957
0.38523919351238767
0.409753738561119
0.38538799196488377
0.3777620712744588
0.34231083996726447
0.3856297894501899
0.4088237482330184
0.34110185254073366
0.4272747563425342
0.28801800461275207
0.38300721672494625
0.282958857227885
0.43181310914366505
0.32358083475931865
0.4884309203184288
0.2880924038390001
0.3263150063239345
0.3165873074920021
0.43664905884978794
0.3737445130570643
0.5707908637750166
0.3644074101629344
0.4009374302507256
0.3358009076705603
0.2391935123874712
0.31097016591027465
0.1679934528680904
0.2934677479354215
0.21010341492448503
0.34428241946283766
0.3305557622200729
0.36349601964139594
0.35108994866453397
0.41609627259876514
0.36232423182798906
0.517297820102671
0.46916152072018447
0.4723048880291646
0.5483966966743548
0.42165761476080665
0.44133621010341517
0.5995833643330111
0.5029387694367978
0.5504426753961759
0.5826203407484559
0.5018971802693254
0.6686258462911989
0.5966817945093371
0.8144483297373707
0.5799233687969646
0.8337177293356148
0.5256863328621383
0.7411650918830447
0.45937802246856646
0.6028569302879246
0.40036083624730295
0.6070232869578157
0.40462019195000387
0.7300796071720858
0.38990774495945246
0.8076036009225503
0.4076147608064878
0.8308905587381891
0.39571088460680015
0.7337251692582395
0.4541700766312032
0.6445204969868312
0.504761550479875
0.6571683654489995
0.45162190313220757
0.5876050889070753
0.43138531359273863
0.5816531508072317
0.4608288073804035
0.5391711926195967
0.4801912060114576
0.5011531880068446
0.4623539915184883
0.5068075292016962
0.4861617439178633
0.638642958113236
0.5253701361505843
0.7937653448404136
0.5628301465664759
0.8544007142325721
0.6286548619894358
0.8185402871810135
0.6822037050814672
0.8820028271705973
0.7296704114277215
0.8916747265828434
0.7323115839595271
0.9395878282865856
0.8762368871363736
0.9279071497656419
0.9291347369987353
0.8572278848299979
0.8492857674280189
0.8951714902165019
0.7615504798750096
0.8752324975820253
0.6979577412394912
0.8133323413436502
0.5986719738114723
0.7941373409716541
0.5666803065248122
0.8848299977680231
0.5762220072911244
0.8793988542519159
0.5622349527564915
0.809761178483744
0.5730228405624582
0.7982292984152967
0.6148724053269845
0.7785135034595639
0.6032289264191651
0.8291793765344839
0.5714418570046872
0.939364630607842
0.4905884978796221
0.797634104605312
0.3882151625623094
0.6320214269771592
0.34621679934528693
0.798675693772785
0.33723309277583524
0.9651811621159135
0.36466780745480254
1.0
0.3838256082136746
0.9414478089427866
0.3530057287404212
0.8038092403839002
0.3159549140688937
0.8555911018525406
0.29592292240160717
0.8602038538799198
0.2861952235696751
0.904917788854996
0.29028718101331763
0.925972769883193
0.3711405401383825
0.8253850159958338