0100000000
0.5377778492100483
0.7521657371542457
0.5352223597293431
0.753387228981501
0.4764461016731222
0.7995467622430442
0.45291631173757213
0.8223693726996574
0.464713351227117
0.8383130554975172
0.4498786544303187
0.8741863417926998
0.4344332117198924
0.8895514231987015
0.45579324643597613
0.9113454089586783
0.46810459827383905
0.8748935212716374
0.4462141789485528
0.8244909111364698
0.44113534450891206
0.794210771629245
0.4539931532168629
0.812018836689757
0.41590189491955815
0.8533566916858196
0.3206737491762965
0.8954660152043589
0.26462977547051536
0.9220816792298175
0.28623089409987307
0.9521046625628825
0.3240167794403639
0.9660553850110095
0.35873286295183127
0.9756344524984334
0.383500216975522
0.9794275060672785
0.39188993715745996
1.0
0.4120927690898279
0.9296034973239686
0.40706215143284197
0.765730725341134
0.38758257124029616
0.6390813095678173
0.409408701522043
0.5511338980054321
0.4278918015397224
0.5792282100323054
0.4425979202494415
0.48967357238142695
0.4551825005223485
0.41619119561548723
0.4405567431170542
0.382118002539417
0.43647438885227985
0.29757791028463976
0.4452980600781113
0.46569375914109834
0.47303878236551544
0.6208875102460665
0.46456870087915253
0.5178321734518395
0.4568218711326121
0.4322634565004256
0.42401838666645236
0.3927899837670163
0.3880968835886143
0.36398849226120655
0.34161590510937156
0.35595236181873674
0.34542503093910215
0.3457304038959159
0.3166717562159469
0.29571352802198664
0.2435751137112457
0.3123643902987832
0.2798180620067824
0.37742490236101484
0.2868416400135007
0.4236487246660988
0.20856972950384917
0.4383709156367027
0.2042141468040308
0.40481203490895035
0.17465725903662846
0.37157459939889714
0.1028463974027226
0.4042334335170928
0.07516996415885815
0.41336247769973783
0.09546922965653558
0.36205982095501393
0.11453093106607301
0.296999308892782
0.13174432247384232
0.3306224786640733
0.1387196836979056
0.37485334061942455
0.1378035648274641
0.3090856490782557
0.13111750429932983
0.2261527829119723
0.12682621064305097
0.22094537038525205
0.121056268985358
0.18211478808724035
0.11915974220093535
0.14437711952940413
0.1175203715906715
0.1096610360179366
0.09768720165865723
0.0712161879811633
0.0793648242498272
0.10361786592519955
0.07973448625018074
0.132097912213311
0.0700429129365626
0.16032080232726328
0.05086870570083083
0.18603641974316526
0.04336295986756447
0.21599511403269084
0.049132901525257455
0.2309101721339138
0.03963419534225858
0.2147736222054354
0.022629743325993528
0.20795898359022139
0.04442372908597054
0.2547614072871631
0.04688278500136604
0.26536909947122267
0.04945434674295628
0.21560937977145242
0.05385814622542948
0.20950192063517584
0.0481364213503912
0.1700927369453061
0.03405712081518487
0.14360565100692682
0.01538115366688619
0.1302335299506581
0.009241550008839677
0.144184252398785
0.008405792442822866
0.1327408026487083
0.01957601375785518
0.09731753965830364
0.02719426541731617
0.09133865860910646
0.020781433324225582
0.09564602452626997
0.020379626802102174
0.09506742313441228
0.022147575499445488
0.10117488227068898
0.014031083752551342
0.11422555810925895
0.02161719089024245
0.12406178177084165
0.02561918385059218
0.15318471849435064
0.01827416062617521
0.14707725935807395
0.007505745833266242
0.1337051383018046
0.016506211928832015
0.1428341824844499
0.013870361143702013
0.13949115222038289
0.0
0.12650476542535244
0.0036162586991110835
0.11377553480448102
0.03785017438403051
0.11371124576094091
0.06125138623250121
0.12740481203490867