0100000000
0.1114780232293328
0.2636301525848329
0.12373035754953328
0.25242541562286525
0.13468458209974954
0.23748576634024154
0.14497836483716706
0.22500569346390367
0.15652470963334095
0.21790025051241182
0.16253700751537256
0.21398314734684598
0.17164654976087454
0.20050102482350288
0.18802095194716492
0.1746299248462764
0.2023229332726034
0.16087451605556807
0.20705989524026433
0.15969027556365312
0.19810976998405838
0.15777727169209751
0.1785470280118424
0.15167387838761098
0.15379184695969056
0.14976087451605544
0.12614438624459126
0.15140059212024617
0.10516966522432264
0.16898200865406524
0.10583010703712147
0.19011614666363025
0.11200182190844918
0.20113869278068802
0.12095194716465513
0.2066955135504444
0.13017535868822605
0.20296060122978837
0.14454566158050572
0.21325438396720564
0.16333409246185399
0.2184468230471422
0.19093600546572562
0.21225233432020024
0.21090867683898892
0.197221589615122
0.22480072876337978
0.18301070371213865
0.24003643816898207
0.17945798223639256
0.260897289911182
0.09437485766340234
0.2856524709633343
0.15531769528581219
0.2926212707811434
0.2289227966294696
0.2849920291505353
0.19212024595764046
0.2774311090867686
0.08071054429514934
0.38881803689364625
0.022318378501480364
0.3485766340241405
0.0
0.3516738783876114
0.025415622864951182
0.3698701890230018
0.08553860168526549
0.3124117513094968
0.07907082669095888
0.24504668640400842
0.0974721020268734
0.21318606240036453
0.15777727169209751
0.24108403552721488
0.37258027784103853
0.20655887041676171
0.5200637667957182
0.39152812571168316
0.4416306080619452
0.45962195399681177
0.374675472557504
0.38071054429514933
0.23110908676839012
0.29480756092006394
0.08462764746071519
0.55251651104532
0.10257344568435428
0.5865861990434983
0.12416306080619438
0.3221817353677978
0.205693463903439
0.21421088590298354
0.22883170120701457
0.12432247779549092
0.26964245046686414
0.33559553632429995
0.35126394898656366
0.6509451150079711
0.3714871327715781
0.9289227966294694
0.3758597130494193
1.0
0.3876110225461169
0.7065816442723754
0.4205875654748352
0.5617626964245047
0.4554771122751083
0.4376907310407655
0.48116602140742437
0.3303347756775223
0.4899111819631068
0.307811432475518
0.48307902527898017
0.23015258483261247
0.4658619904349808
0.1895240264176727
0.45584149396492823
0.18963789569574138
0.4458209974948762
0.402823958096106
0.42605329082213617
0.42270553404691447
0.4142108859029834
0.27476656797995913
0.42067866089729006
0.3203598269186974
0.437440218629014
0.3533363698474154
0.4396265087679342
0.18526531541790042
0.4287861534957868
0.17346845820997506
0.42496014575267577
0.21751309496697815
0.42450466864040115
0.2634479617399227
0.4328854475062628
0.30375768617626964
0.44281484855386044
0.38761102254611707
0.44390799362332073
0.3866317467547259
0.43215668412662295
0.3671373263493513
0.42468685948531115
0.35700296060123
0.4051013436574812
0.3516511045319975
0.3749487588248692
0.344249601457527
0.3467091778638127
0.3552038260077433
0.33413800956501927
0.3552721475745846
0.33614210885902973
0.22937827374174463
0.3327715782281939
0.18603962650876804
0.3308585743566386
0.17299020724208627
0.34024140286950605
0.17125939421544095
0.35126394898656366
0.18943293099521757
0.3565474834889547
0.21509906627192
0.3553632429970396
0.22143019813254416
0.35071737645183315
0.20475973582327503
0.34169892962878634
0.2113641539512641
0.32949214301981333
0.2533135959918015
0.3125483944431791
0.27009792757913936
0.29086768389888423
0.27724891824185843
0.2662719198360283