0100000000
0.09657738095238098
0.8879166666666669
0.10407738095238099
0.908690476190476
0.13040178571428576
0.9811309523809526
0.16016369047619056
1.0
0.17191964285714292
0.964940476190476
0.25150297619047624
0.95375
0.33931547619047625
0.9644642857142858
0.4591964285714287
0.8567261904761905
0.4679464285714286
0.6945833333333337
0.512827380952381
0.5610714285714288
0.5456101190476194
0.4646428571428573
0.5132589285714286
0.36547619047619057
0.528452380952381
0.3069642857142858
0.5551934523809524
0.23184523809523816
0.6018303571428573
0.08857142857142856
0.6144642857142858
0.07053571428571431
0.5804464285714286
0.19392857142857148
0.5661904761904762
0.26297619047619064
0.5118601190476192
0.1871428571428572
0.45062500000000005
0.16339285714285717
0.4329464285714287
0.19994047619047628
0.43016369047619063
0.23636904761904767
0.39227678571428576
0.340952380952381
0.3704315476190478
0.3588095238095239
0.39577380952380964
0.3882142857142859
0.41831845238095244
0.3858333333333333
0.37936011904761924
0.3726190476190478
0.3548511904761905
0.34988095238095246
0.335967261904762
0.33113095238095236
0.34473214285714293
0.3357142857142858
0.3449255952380953
0.31124999999999997
0.35452380952380963
0.2851190476190477
0.3438541666666668
0.2201190476190476
0.40891369047619053
0.31845238095238104
0.4607589285714286
0.3433928571428573
0.4712351190476193
0.33458333333333334
0.4471428571428573
0.2961904761904763
0.45488095238095244
0.23113095238095246
0.41126488095238106
0.2529761904761904
0.36778273809523815
0.2661309523809525
0.31733630952380965
0.23059523809523816
0.3022767857142858
0.27386904761904773
0.4493154761904763
0.28964285714285726
0.5150446428571429
0.2591666666666667
0.6136458333333336
0.23398809523809536
0.4979464285714287
0.24583333333333335
0.3920982142857144
0.2829761904761905
0.3971577380952381
0.2980357142857143
0.3607589285714288
0.336904761904762
0.33430059523809535
0.3076190476190477
0.39236607142857155
0.19922619047619053
0.5095833333333334
0.2028571428571429
0.5719196428571429
0.14107142857142865
0.5977976190476192
0.05446428571428572
0.48843750000000014
0.030833333333333362
0.4195386904761905
0.014047619047619048
0.3999107142857144
0.018154761904761924
0.381264880952381
0.03202380952380951
0.3020684523809524
0.02250000000000002
0.251607142857143
0.01571428571428573
0.2525595238095239
0.01089285714285714
0.25616071428571435
0.001845238095238114
0.2886160714285715
0.0003571428571428839
0.31840773809523815
0.0035119047619047725
0.31693452380952386
0.0031547619047619224
0.37221726190476195
0.0023809523809523994
0.34013392857142866
0.0
0.26355654761904773
0.004523809523809547
0.23967261904761905
0.005476190476190492
0.2853720238095239
0.01279761904761905
0.3205357142857143
0.01785714285714285
0.32197916666666676
0.027083333333333324
0.28872023809523817
0.035595238095238145
0.30334821428571435
0.05184523809523813
0.3454017857142858
0.06398809523809523
0.34697916666666667
0.06404761904761909
0.351264880952381
0.0519047619047619
0.35684523809523816
0.05654761904761908
0.36857142857142866
0.05107142857142858
0.3847767857142858
0.04553571428571431
0.37982142857142864
0.046130952380952425
0.40214285714285725
0.039345238095238114
0.41388392857142875
0.034761904761904786
0.4213541666666668
0.01470238095238098
0.4193303571428572
0.1604761904761905
0.44552083333333337
0.7113095238095237
0.44177083333333345
0.7548214285714284
0.37584821428571447
0.10988095238095244
0.339092261904762
0.01363095238095239
0.32793154761904764
0.022797619047619056