0100000000
0.611478229383543
0.03774780483389164
0.7034941613107631
0.03086810898886585
0.8595319996379109
0.02199692224133255
0.9692676744817598
0.004164026432515611
0.950755861319815
0.010862677650040642
0.7960532271204851
0.0
0.6702724721643886
0.02435050239884121
0.6279759210645424
0.05874898162397033
0.5851136055037567
0.11704535167918889
0.5232642346338373
0.17959627048067348
0.47273015298271026
0.23843577441839423
0.48992939259527485
0.28161491807730593
0.5426133791979724
0.27075224042726515
0.5330859056757491
0.2448628586946683
0.495043903322169
0.20630035303702368
0.45392414230107736
0.15461211188557972
0.43052412419661434
0.10862677650040724
0.42495700190096874
0.0806553815515525
0.44702181587761386
0.08255635014030963
0.5468000362089254
0.08463836335656744
0.6545894813071421
0.07784918982529199
0.7003258803295013
0.07160315017651848
0.7697564949760115
0.07839232370779398
0.7967321444736126
0.08319000633656196
0.7339775504661897
0.08744455508282796
0.6837829274916267
0.1122476690504209
0.5838462931112521
0.1882864126007059
0.5568932741920882
0.30804743369240495
0.6792341812256724
0.4291662894903595
0.7820222684891828
0.4946139223318546
0.787023626323889
0.5353489635195076
0.7439350049787272
0.5247578528107179
0.705847741468272
0.47723363809178965
0.6165927401104372
0.33447994930750424
0.663098578799674
0.35457590296007974
0.7510636371865668
0.436227029962886
0.5725310038924597
0.48347967774056283
0.40540418213089535
0.44618448447542297
0.4034353218068253
0.352493889743822
0.3917579433330317
0.3671585045713769
0.3900153887933377
0.32750973114872783
0.6542952837874535
0.3628134335113607
0.7050330406445189
0.4135059292115507
0.6124513442563593
0.37240879876889643
0.5699511179505748
0.3382818864850187
0.5159319272200596
0.37992215081017483
0.5402597990404635
0.4896351950755859
0.5914501674662803
0.598986150085996
0.6389291210283334
0.6003439847922512
0.6747306961165929
0.5373404544220147
0.710962252195166
0.41368697383905134
0.7371910926043271
0.3120304154974202
0.7299719380827374
0.2947406535711051
0.6835113605503755
0.26577351317099657
0.643591020186476
0.21815877613831822
0.611546121118856
0.1604960622793518
0.6117724269032316
0.12827011858423087
0.6192631483660722
0.10102290214537882
0.5871729881415769
0.09233276002534628
0.6086720376572825
0.18683805558070063
0.6420747714311578
0.2876799130985788
0.6052774508916448
0.34986874264506185
0.5756992848737214
0.3791979723001721
0.5794559608943605
0.39802661356024277
0.5844799493075041
0.4441929935729158
0.6021996922241334
0.5229474065357109
0.5826921336109351
0.608762559971033
0.5931474608490994
0.6814519779125555
0.5823074137774962
0.7305150719652395
0.5548791527111433
0.7760477957816604
0.5654250022630577
0.8293654385806103
0.6094641079025981
0.8922784466370961
0.5926948492803475
0.9531094414773242
0.6215035756313932
0.9977369421562415
0.6286095772607947
1.0
0.6703403638997012
0.944600343984792
0.70136688693763
0.8340725988956279
0.7140400108626779
0.6953018919163574
0.7233638091789626
0.5717389336471437
0.7332533719561873
0.4846564678193177
0.7382999909477687
0.4514347786729429
0.7376663347515164
0.4317009142753687
0.7339549198877523
0.4283515886666062
0.7203313116683264
0.4422015026704084
0.705779849732959
0.451163211731692
0.6925635919254095
0.4667330496967503
0.675160677106907
0.48257445460305926
0.6589798135240338
0.480854530641803
0.6525074680908843
0.4707160315017652
0.6526432515615098
0.46818140671675573