0100000000
0.5559354885898186
0.6745172615564655
0.5296225863077821
0.7152574605032177
0.5013348449385606
0.8235078993563484
0.5220889409011117
0.9104739613809241
0.5417824751316558
1.0
0.5559903452311292
0.9679637214745465
0.5924151550614394
0.8125365710942071
0.6793446459918079
0.657987126974839
0.7333418665886483
0.4994880046810999
0.6600716793446458
0.40476887068461087
0.5168775599765945
0.236029842012873
0.3913472791105909
0.0172615564657695
0.3389226155646577
0.0
0.3353386483323581
0.10605617320070217
0.32444046225863077
0.2569485078993564
0.33826433586892923
0.43717086015213535
0.3603898478642482
0.47418080748975977
0.3485956699824459
0.4587478057343477
0.32714672322995914
0.3965769455822118
0.36269382679929785
0.34142773551784666
0.49199093036863656
0.3622001170275015
0.5051930953774136
0.35693387946167354
0.4347023112931538
0.32533645406670575
0.37827311293153887
0.32358104154476297
0.3438414277355179
0.2609713282621415
0.3091171737858397
0.3894090111176126
0.2663289935634874
0.5697776477472203
0.22163911644236395
0.700263311878291
0.1844280280866004
0.8099765944997074
0.17140871854885897
0.7077238150965475
0.28594938560561733
0.6105909888823872
0.5458784376828555
0.5318899941486247
0.7007021650087769
0.4207138677589231
0.8378620538326504
0.3402574605032182
0.7268504973668811
0.31473083674663516
0.5632862785254534
0.3337478057343474
0.5060159449970743
0.2972498537156233
0.4282657987126975
0.22776477472205975
0.2844499707431246
0.2648478642480982
0.24683660035108249
0.37997366881217065
0.3685086307782328
0.46306319485078967
0.3309135459332942
0.4876389701579868
0.3238187536571094
0.3558367466354594
0.5997110883557636
0.37331772966647164
0.77945801638385
0.4842744294909301
0.8237456114686948
0.5763604447045055
0.8768834113516674
0.5903306026916324
0.958729520187244
0.5441778818022235
0.6521540374488006
0.4510678759508483
0.3817656524283207
0.305368636629608
0.3907621416032768
0.22871562317144528
0.39961234640140436
0.19572849619660623
0.4114065242832065
0.16383850204798114
0.3911644236395552
0.12631655939145697
0.4197447337624342
0.0896723229959041
0.5041142480983029
0.09925394967817441
0.6756143943826799
0.14174956114686954
0.6928942363955529
0.13289935634874186
0.589379754242247
0.09120830895260391
0.4333126097132826
0.08038326506729082
0.4010751901696898
0.0786278525453482
0.39222498537156225
0.07555588063194849
0.4061768578115857
0.08850204798127566
0.4188487419543592
0.0982299590403745
0.4234384142773552
0.10115564657694559
0.47407109420713867
0.1012287887653599
0.48153159742539503
0.10364248098303108
0.4744916617905207
0.11256582796957292
0.4126499414862491
0.11695435927442951
0.3807782328847278
0.11988004681100053
0.3654732299590404
0.13355763604447043
0.35367905207723815
0.15118490345231136
0.3434208601521358
0.12251316559391462
0.36183440608543005
0.11666179052077237
0.39877121123464004
0.11790520772381509
0.41943387946167343
0.1261702750146285
0.4022088940901112
0.13216793446459915
0.40663399648917486
0.1451141018139263
0.3985517846693972
0.16478935049736682
0.3882021650087771
0.13392334698654168
0.3707577530719719
0.11300468110005851
0.33265067290813344
0.12653598595669988
0.33124268578115856
0.14460210649502622
0.35453847279110595
0.16259508484493856
0.3757131363370392
0.16632533645406658
0.3720925980105324
0.20582211819777643
0.3806136629607958
0.266895845523698
0.3786571094207139
0.30639262726740785
0.3867941778818022
0.3779988297249854
0.4150636337039204
0.4536278525453479