0100000000
0.7444981213097156
0.24691358024691387
0.7075684380032206
0.3001610305958134
0.6366612989801397
0.35802469135802484
0.5606816961889426
0.41298980139559854
0.49830917874396125
0.4826623725174451
0.4977187332259797
0.5633923778851317
0.5252012882447665
0.6341384863123994
0.553972088030059
0.6827697262479867
0.5603327965646806
0.7052066559312934
0.5473161567364468
0.7079978529253891
0.5162104133118627
0.7116478797638216
0.4924315619967795
0.7243156199677938
0.4929146537842191
0.752012882447665
0.48483628556092334
0.7913043478260868
0.4871175523349436
0.8219001610305958
0.4870101986044018
0.8301663982823401
0.4765163714439078
0.8109500805152977
0.4777509393451422
0.7606011808910357
0.5052066559312937
0.6848094471282872
0.5399624261943101
0.6033279656468064
0.5619699409554482
0.5245303274288782
0.5656468062265164
0.4632313472893185
0.567686527106817
0.4314546430488462
0.5803005904455177
0.42200751476113796
0.5973698336017176
0.43242082662372555
0.6166935050993023
0.45260332796564695
0.6295222758990874
0.4746108427267849
0.6444176060118092
0.4910359634997317
0.6594739667203434
0.49146537842190047
0.6790123456790126
0.5018786902844877
0.7139023081052063
0.5189479334406871
0.7469672571121846
0.5256038647342995
0.7785292538915728
0.5269994632313474
0.8693505099302198
0.522275899087493
0.9105743424584005
0.5233494363929149
0.9366612989801393
0.5217391304347825
1.0
0.5254965110037575
0.9989264626945783
0.5365539452495977
0.958588298443371
0.5426731078904994
0.9200214707461082
0.547181964573269
0.8453301127214172
0.5526570048309178
0.8046430488459476
0.5668276972624798
0.7871443907675794
0.5791733762748257
0.748094471282877
0.5889425657541599
0.8455448201825011
0.6021470746108427
0.9186258722490608
0.6098765432098766
0.7844337090713901
0.6362855609232414
0.6280193236714978
0.6516371443907673
0.43668813741277507
0.6558239398819111
0.41462694578636633
0.6527106816961888
0.35845410628019353
0.6442297369833603
0.3046967257112187
0.6577563070316692
0.5527643585614604
0.6696725711218461
0.7199677938808373
0.6725711218464844
0.6251207729468599
0.6845947396672032
0.4631239935587763
0.696725711218465
0.2987385936661301
0.7071390230810517
0.22560386473429966
0.7120772946859899
0.21607622114868516
0.7130434782608697
0.18145464304884615
0.721417069243156
0.29490069779924877
0.7256038647343
0.3863929146537843
0.7271068169618896
0.2896672034353198
0.7127214170692425
0.20083199141170183
0.6469135802469136
0.2559312936124533
0.5465378421900163
0.3098497047772412
0.4348899624261945
0.33531937734836303
0.3346215780998387
0.38819108964036486
0.29704777241009106
0.3995705850778317
0.3943102522812664
0.3729736983360173
0.4351046698872786
0.3196725711218469
0.376918947933441
0.2695652173913044
0.2742887815351586
0.24028448738593697
0.24895330112721467
0.26256038647343044
0.25195920558239426
0.273054213633924
0.2425120772946861
0.2926999463231348
0.21986044015029546
0.2768921095008054
0.16103059581320484
0.25571658615136883
0.16017176596886776
0.21457326892109535
0.19613526570048348
0.20244229736983388
0.21739130434782633
0.2184648416532476
0.2041867954911433
0.20904455179817516
0.15802469135802494
0.1953569511540528
0.16156736446591552
0.19192163177670443
0.14320987654321024
0.1803811057434249
0.13322597960279148
0.16213097155126174
0.13290391841116506
0.16999463231347312
0.12216854535695115
0.18411164787976403
0.08008588298443417
0.19173376274825588
0.04047235641438573
0.18679549114331762
0.0