0100000000
0.7110504420176805
0.2752990119604782
0.6237909516380655
0.33146125845033814
0.5522100884035361
0.4091523660946438
0.5340093603744148
0.4859074362974518
0.5635205408216329
0.556318252730109
0.5950078003120123
0.6120644825793029
0.6004680187207486
0.6523140925637023
0.5872074882995317
0.6940197607904315
0.5640405616224647
0.7202288091523658
0.5510400416016639
0.7469578783151326
0.5345033801352053
0.7753510140405614
0.5281331253250131
0.7911596463858552
0.5249869994799791
0.7987519500780033
0.5190847633905356
0.7981279251170046
0.5058502340093602
0.7755590223608944
0.5067342693707747
0.7449817992719702
0.5294071762870511
0.7045241809672383
0.5488299531981278
0.6522100884035359
0.559646385855434
0.6123764950598024
0.5569942797711909
0.5921996879875193
0.5505460218408735
0.5886635465418613
0.5644825793031719
0.5945917836713467
0.5854134165366615
0.6001040041601662
0.6103744149765988
0.6041601664066563
0.6411856474258968
0.609048361934477
0.6613104524180968
0.6219448777951118
0.6722048881955277
0.6420176807072282
0.6819292771710869
0.671346853874155
0.6911336453458139
0.6979719188767548
0.7209568382735307
0.7158606344253765
0.7525741029641184
0.7355174206968281
0.7875195007800312
0.7564222568902756
0.8315392615704628
0.7692147685907438
0.8660686427457096
0.7772230889235565
0.8995319812792509
0.8037441497659904
0.9226989079563179
0.8297451898075923
0.9437857514300569
0.8483619344773792
0.9518200728029118
0.8203848153926157
0.9236869474778988
0.7871034841393655
0.8379615184607383
0.7765990639625577
0.71866874674987
0.6250650026001038
0.6339573582943319
0.4692667706708268
0.6029641185647425
0.49724388975558975
0.5718668746749866
0.35850234009360343
0.5343473738949557
0.30182007280291206
0.531123244929797
0.31710868434737344
0.6089963598543942
0.3406136245449817
0.8417056682267292
0.45096203848153865
0.7761310452418094
0.6654186167446693
0.5373114924596981
0.6616744669786788
0.5416016640665625
0.5866874674987002
0.47485699427977096
0.42610504420176804
0.36840873634945404
0.49204368174727
0.44924596983879334
0.5416536661466459
0.6446437857514302
0.5037961518460737
0.7383515340613624
0.595631825273011
0.5895215808632341
0.6964118564742586
0.47048881955278204
0.7891835673426937
0.4555642225689027
0.9555902236089444
0.3212688507540299
0.9941757670306812
0.23034321372854896
1.0
0.22787311492459672
0.9871034841393652
0.30148205928237126
0.9644305772230886
0.4078003120124803
0.9307332293291732
0.5026261050442017
0.8934997399895998
0.4411596463858554
0.8522100884035355
0.3802392095683826
0.8087363494539783
0.40023400936037423
0.7642225689027559
0.41118044721788855
0.7100364014560575
0.39583983359334357
0.664482579303172
0.4217108684347372
0.6142485699427975
0.408684347373895
0.571398855954238
0.41632865314612566
0.5407176287051481
0.41115444617784713
0.5095163806552261
0.3869474778991158
0.4745709828393133
0.3351274050962036
0.4357774310972437
0.3151326053042121
0.4004160166406656
0.30169006760270406
0.3640145605824234
0.27485699427977117
0.326365054602184
0.26006240249609985
0.2834113364534579
0.2929017160686425
0.2288091523660946
0.29685387415496595
0.17233489339573563
0.2950078003120124
0.12407696307852319
0.26708268330733226
0.09214768590743601
0.23203328133125317
0.070098803952158
0.22470098803952152
0.050546021840873576
0.2263130525221009
0.03390535621424853
0.23130525221008832
0.028185127405095888
0.2306552262090483
0.015496619864794479
0.23190327613104508
0.0