0100000000
0.4251695692025667
0.8400733272227321
0.44201649862511466
0.9517506874427136
0.44850595783684705
0.9507241063244736
0.44617781851512384
0.9189000916590288
0.43356553620531646
0.9890009165902844
0.4134188817598535
0.9701558203483046
0.38203483043079756
0.9183134738771775
0.34287809349220927
0.708157653528873
0.3156553620531624
0.6591750687442718
0.30197983501374903
0.6474427131072414
0.3687259395050414
0.4889825847846016
0.48964252978918443
0.4292208982584783
0.5320256645279564
0.33763519706691125
0.5165352887259396
0.35670027497708556
0.49220898258478496
0.36564619615032096
0.4495325389550873
0.31967002749770873
0.3804582951420719
0.2994317140238314
0.3125206232813934
0.3527406049495877
0.2645646196150323
0.4110357470210816
0.24507791017415226
0.4444729605866177
0.25428047662694786
0.4479193400549954
0.25461044912923947
0.4474793767186069
0.28318973418881765
0.47307057745187936
0.3232813932172321
0.4466727772685609
0.3401099908340973
0.36887259395050426
0.3412282309807519
0.31226397800183353
0.34447296058661797
0.30984417965169586
0.327992667277727
0.37180568285976195
0.3107607699358389
0.40443629697525246
0.3772685609532542
0.40971585701191604
0.4354170485792853
0.3994500458295143
0.4674427131072413
0.3739321723189736
0.5090009165902845
0.34922089825847874
0.5428047662694778
0.3184967919340057
0.5412832263978006
0.2843996333638864
0.47516040329972536
0.24656278643446403
0.2921539871677362
0.2371035747021084
0.12698441796516974
0.25697525206232824
0.0015948670944088649
0.27662694775435404
0.0
0.2942254812098995
0.019285059578368523
0.3039046746104492
0.155948670944088
0.41946837763519745
0.13666361136571956
0.5332722273143906
0.0947754353803851
0.5465444546287807
0.07670027497708545
0.5394317140238313
0.09362053162236494
0.4950687442713112
0.18276810265811197
0.41433547204399634
0.2645646196150324
0.37862511457378556
0.32427131072410653
0.35479376718606814
0.31455545371219085
0.3380018331805686
0.25594867094408824
0.3257561869844183
0.207076076993584
0.3697525206232817
0.15827681026581134
0.4197616865261232
0.11134738771769025
0.43083409715857024
0.09858845096241986
0.38500458295142087
0.12097158570119182
0.3180568285976171
0.13811182401466549
0.2830797433547208
0.1769019248395967
0.28762603116407
0.197011915673694
0.29209899175068776
0.23679193400549978
0.2831530705774522
0.25961503208066017
0.3906507791017417
0.25521539871677384
0.6688542621448215
0.2535105407882679
0.7498075160403301
0.23934005499541716
0.7960769935838684
0.3062694775435382
0.8209349220898257
0.37402383134738787
0.7961503208065999
0.41233730522456485
0.7812648945921175
0.46280476626947775
0.7871310724106328
0.4815398716773603
0.8157286892758938
0.5104674610449133
0.8143354720439967
0.56698441796517
0.7190100824931259
0.6112007332722276
0.6637946837763523
0.7220164986251149
0.7906507791017414
0.77923006416132
0.8169019248395968
0.7621814848762607
0.7404216315307057
0.6958386801099906
0.7550137488542621
0.6526489459211737
0.9192667277726861
0.6396150320806601
0.9637763519706697
0.6377818515123743
0.9674427131072416
0.6661228230980754
1.0
0.6589184234647116
0.9505041246562794
0.5956370302474796
0.7564069660861596
0.5951970669110912
0.790284142988085
0.583299725022915
0.8279743354720441
0.5991200733272232
0.8820898258478463
0.6357103574702113
0.9171402383134742
0.5874060494958757
0.8799633363886347
0.5623281393217237
0.8011365719523375
0.5794683776351974
0.7501741521539876
0.6167369385884515
0.714830430797434