0100000000
0.2337080335731415
0.26624700239808147
0.239478417266187
0.1732014388489208
0.2556654676258993
0.11648681055155877
0.256564748201439
0.12182254196642692
0.22961630695443644
0.11091127098321339
0.22747302158273375
0.10773381294964036
0.29950539568345314
0.09916067146282966
0.38660071942446034
0.09910071942446046
0.45586031175059943
0.18860911270983216
0.5044964028776977
0.4109112709832136
0.48579136690647484
0.6472422062350123
0.45653477218225413
0.8541966426858516
0.46227517985611516
0.8059352517985612
0.5123501199040768
0.764148681055156
0.6116007194244603
0.7148681055155872
0.6467625899280575
0.5957434052757796
0.6325389688249401
0.5260791366906475
0.6612709832134291
0.4689448441247003
0.6445893285371702
0.5059352517985612
0.5997302158273381
0.579976019184652
0.5729166666666666
0.6236810551558754
0.581984412470024
0.7302158273381295
0.528072541966427
0.7810551558753
0.4902428057553957
0.8535371702637891
0.4899430455635493
0.9607314148681056
0.479736211031175
1.0
0.4763189448441246
0.9776978417266187
0.45590527577937656
0.9763189448441244
0.4767086330935252
0.96552757793765
0.5226318944844124
0.9589928057553954
0.5364808153477217
0.9836330935251795
0.5614358513189449
0.923201438848921
0.5750299760191846
0.8943045563549163
0.545128896882494
0.8892086330935247
0.3819544364508394
0.9029976019184648
0.40491606714628287
0.9309952038369305
0.3963878896882494
0.9049160671462831
0.45082434052757786
0.8439448441247
0.4019334532374101
0.8482014388489205
0.3673561151079137
0.9025779376498803
0.33101019184652275
0.8884892086330938
0.288699040767386
0.790167865707434
0.30404676258992797
0.6908273381294961
0.37637889688249415
0.6366306954436453
0.42540467625899275
0.6065347721822542
0.45616007194244595
0.6555155875299757
0.5015437649880096
0.8007194244604318
0.5041666666666667
0.8438848920863308
0.4802008393285372
0.7755395683453236
0.48877398081534773
0.6617505995203836
0.4878896882494005
0.593645083932854
0.46714628297362115
0.5890287769784169
0.4276079136690647
0.552398081534772
0.39842625899280576
0.5094724220623501
0.35311750599520386
0.4891486810551559
0.3515737410071943
0.4817146282973622
0.3754046762589927
0.4847122302158275
0.400044964028777
0.44352517985611495
0.4093525179856115
0.383453237410072
0.3979466426858512
0.3051558752997602
0.402982613908873
0.25713429256594716
0.4387739808153477
0.2817146282973622
0.41960431654676267
0.2878896882494005
0.41109112709832124
0.27811750599520385
0.45418165467625904
0.2607314148681057
0.4392535971223021
0.21199040767386076
0.42693345323741005
0.1554556354916068
0.44833633093525177
0.12146282973621109
0.4302158273381296
0.048501199040767336
0.4279376498800959
0.05233812949640293
0.43129496402877704
0.10053956834532382
0.4430605515587532
0.1323741007194244
0.413099520383693
0.12422062350119904
0.38240407673860904
0.08453237410071947
0.33636091127098317
0.04610311750599524
0.27138788968824945
0.027937649880095894
0.2068045563549161
0.02757793764988012
0.19443944844124703
0.012529976019184694
0.17173261390887284
0.0
0.13540167865707434
0.015347721822541977
0.09223621103117507
0.029436450839328585
0.05858812949640292
0.0486810551558753
0.03201438848920865
0.07997601918465233
0.02284172661870504
0.14292565947242208
0.018869904076738615
0.1686450839328537
0.013384292565947283
0.11097122302158274
0.006984412470024055
0.09658273381294967
0.0053357314148681
0.0938249400479615
0.004571342925659494
0.09466426858513187
0.0166067146282974
0.0906474820143885