0100000000
0.042358993902439024
0.00022865853658533966
0.040396341463414635
0.0024390243902438916
0.056840701219512166
0.0
0.06440548780487804
0.045350609756097573
0.07639100609756093
0.08407012195121948
0.09131097560975612
0.06935975609756097
0.11577743902439024
0.09329268292682928
0.12557164634146348
0.13856707317073172
0.1526295731707317
0.1788871951219512
0.17854420731707316
0.2038109756097562
0.21568216463414638
0.24847560975609756
0.2285823170731708
0.28544207317073167
0.22044588414634156
0.32408536585365866
0.22027439024390252
0.3305640243902438
0.226391006097561
0.34870426829268286
0.236814024390244
0.35388719512195127
0.24180640243902446
0.36410060975609754
0.23416539634146344
0.3663109756097561
0.22879192073170734
0.3467225609756099
0.24542682926829276
0.3546493902439026
0.28264100609756104
0.3470274390243903
0.3298780487804878
0.3319359756097561
0.3798208841463416
0.3315548780487804
0.41852134146341463
0.3259146341463413
0.4549923780487805
0.30952743902439017
0.48233612804878057
0.32644817073170734
0.490282012195122
0.3190548780487804
0.5033536585365853
0.2650914634146342
0.5142530487804878
0.24397865853658537
0.5201219512195123
0.2145579268292682
0.5228467987804879
0.19550304878048771
0.5196646341463415
0.17507621951219512
0.5117949695121953
0.15228658536585368
0.5025724085365855
0.15990853658536594
0.48069740853658544
0.10746951219512196
0.477172256097561
0.06364329268292682
0.5173971036585365
0.04801829268292682
0.5380144817073172
0.057469512195121905
0.5182736280487806
0.08330792682926827
0.5299352134146342
0.11509146341463417
0.5803163109756099
0.1397103658536585
0.7316692073170733
0.14352134146341466
0.6613948170731708
0.16448170731707318
0.7072027439024391
0.19900914634146338
0.6644817073170733
0.21059451219512204
0.6094893292682927
0.19809451219512206
0.6189786585365855
0.1811737804878048
0.7752858231707319
0.18307926829268292
0.888567073170732
0.2625762195121952
1.0
0.35868902439024386
0.9597942073170734
0.3604420731707317
0.8201219512195124
0.3188262195121952
0.7110899390243904
0.3391768292682927
0.6071836890243903
0.34169207317073175
0.4930259146341464
0.3746951219512196
0.46869283536585377
0.41257621951219503
0.4661204268292684
0.44397865853658525
0.49738948170731717
0.4303353658536587
0.5628620426829269
0.4488567073170732
0.4473323170731708
0.48551829268292696
0.32172256097560975
0.5327743902439026
0.2799352134146343
0.5361280487804879
0.29087271341463417
0.534984756097561
0.29940929878048783
0.5333841463414636
0.23218368902439027
0.5878810975609755
0.2502477134146342
0.5936737804878047
0.22656250000000008
0.5116615853658537
0.20400152439024394
0.4489329268292684
0.17930640243902446
0.4327743902439024
0.16634908536585366
0.45297256097560984
0.16331935975609757
0.4510670731707319
0.16629192073170732
0.4360518292682927
0.17153201219512196
0.4471798780487807
0.17006478658536586
0.4539634146341465
0.1639291158536586
0.43689024390243913
0.16053734756097554
0.4259908536585365
0.15514481707317074
0.41570121951219496
0.1508765243902439
0.4015243902439024
0.14704649390243907
0.3692073170731708
0.14710365853658533
0.34397865853658544
0.14026295731707317
0.30426829268292677
0.11947408536585367
0.27850609756097566
0.08100228658536587
0.24923780487804892
0.04735137195121951
0.1876524390243903
0.04037728658536585
0.1660823170731708
0.04211128048780488
0.06394817073170732
0.0439405487804878
0.051753048780487816
0.04344512195121951
0.05213414634146339
0.04213033536585366
0.05289634146341464
0.040777439024390245
0.05182926829268294