0100000000
0.4330360762059181
0.13068504256181585
0.4411430887717876
0.184353465747872
0.4345764085934333
0.2612079448723144
0.461532225374949
0.3114714227807053
0.4807053100932303
0.3328739359546005
0.49250101337657065
0.32784758816376147
0.498256992298338
0.31990271584920954
0.5016619375760032
0.3020672882042967
0.5012971220105393
0.25991082286177564
0.5062829347385488
0.22472638832590197
0.510985002026753
0.2166193757600319
0.5038102959059586
0.3023915687069312
0.501134981759222
0.3987028779894609
0.5308471828131329
0.3132549655451967
0.5816376165383051
0.2529387920551274
0.5974057559789215
0.25520875557357114
0.5963923794081879
0.2903931901094442
0.6153627888123224
0.265910012160519
0.6197000405350627
0.22051074179164956
0.6108228617754359
0.17819213619781107
0.6168625861370086
0.15533036076205903
0.6276449128496148
0.1966761248479936
0.6285366842318604
0.3379002837454399
0.6636805837049045
0.521443048236724
0.7081070125658692
0.6002432103769759
0.7427644912849615
0.5893798135387103
0.7660316173490068
0.6179164977705708
0.7968788001621402
0.6696392379408186
0.8276854479124441
0.6602351033644103
0.8598297527361166
0.5926226185650589
0.913092825293879
0.5254965545196597
0.9470612079448724
0.46323469801378186
0.9415484394000811
0.406647750304013
0.9429671665991083
0.36449128496149164
0.9344142683421157
0.3562221321443049
0.9163356303202268
0.3760032428050264
0.8959870287798944
0.40648561005269546
0.8699229833806243
0.4475070936359945
0.8652614511552489
0.5118767734089987
0.9025942440210784
0.5635995135792453
0.920875557357114
0.6034860154033234
0.8962707742197001
0.6169436562626673
0.8952168625861369
0.5838670449939193
0.9190514795297936
0.5574381840291845
0.8933117146331578
0.5528982569922979
0.9109039319010942
0.5276043777867849
0.8942845561410624
0.5371706526145115
0.8768544791244428
0.5456019456830153
0.8402107823267124
0.5279286582894206
0.7648155654641264
0.49031211998378593
0.7235103364410215
0.45026347790839044
0.6645318200243211
0.40551276854479096
0.7783137413862994
0.38800162140251304
0.8492906364004863
0.402918524523713
0.7929468990676934
0.4218889339278473
0.749371706526145
0.4400486420753955
0.8173895419537902
0.43956222132144335
1.0
0.420916092419943
0.876530198621808
0.3842723956222131
0.7653019862180783
0.3690312119983785
0.8284961491690311
0.4241588974462905
0.8869477097689502
0.5042561815970809
0.795379002837454
0.6098094852047016
0.6920551276854476
0.7096878800162141
0.6785569517632752
0.7630320226996351
0.7037292257802997
0.6959059586542359
0.7188082691528171
0.5862991487636802
0.7197811106607213
0.5160924199432512
0.6919740575597892
0.47993514389947267
0.6440210782326711
0.4353465747871909
0.6260235103364408
0.4201053911633557
0.6772192946899065
0.4325901905147947
0.7721929468990676
0.4620997162545596
0.8349006890960676
0.5092825293879198
0.8277259829752734
0.5828942034860155
0.7822051074179164
0.5851641670044584
0.7601540332387515
0.5373327928658288
0.7432509120389134
0.489339278475881
0.7480745845156059
0.47555735711390346
0.7852857721929468
0.4158897446291039
0.7946899067693554
0.4338873125253338
0.7654235914065664
0.47782732063234695
0.7299554114308874
0.4445885691122821
0.6884475070936358
0.402269963518443
0.7055938386704497
0.34616943656262644
0.6834211593027969
0.15224969598702878
0.6821645723550869
0.0588569112282119
0.7090393190109442
0.04653425212809031
0.71925415484394
0.0
0.7057559789217677
0.0731252533441426