0100000000
0.5526705925956429
0.20532883086933254
0.5491496108388585
0.1951159247209982
0.5400691842029404
0.183832310670016
0.5270765556150392
0.18267924062101057
0.5314417493719888
0.17749042540048593
0.5219289214676933
0.17164271300910106
0.5038710208788042
0.15904130461639832
0.49466705102334974
0.14742824197998602
0.4808919820450522
0.14405139397932717
0.4822715479965407
0.13729769797800928
0.47922414858131185
0.1274142404151053
0.4648107729687435
0.12156652802372017
0.46435778116377724
0.11225960548531898
0.5361158011777787
0.10608244450850389
0.6012642589465881
0.1033644936787053
0.6396656096857883
0.09669315982374502
0.5994728822633116
0.089280566651567
0.6018819750442697
0.09084544743236014
0.5848741918214388
0.10369394226413536
0.6776345591566115
0.13070872626940655
0.7315199934110282
0.20096363711238313
0.672507515545855
0.1567351645183873
0.7351439278507598
0.13696824939257915
0.6483548161265081
0.154840835152164
0.5457521723016102
0.12922620763497092
0.5457521723016102
0.10632953094757654
0.6952394679405346
0.10912984392373269
0.8069019478647614
0.10122307787340942
0.8266688629905693
0.09521064118930937
0.6817732570110776
0.19676316764814897
0.6944982086233166
0.147263517687271
0.8435119219206852
0.08944529094428198
0.8697442655355598
0.061771609768150604
0.7855701519581602
0.08343285426018204
0.8472799901165424
0.11143598402174361
1.0
0.12041345797471477
0.9671375036033438
0.1311205370011942
0.830292797430301
0.14454556685747233
0.6773051105711815
0.15022855495614207
0.6237903059753738
0.19824568628258457
0.6573940616892475
0.15615862949388462
0.6871885681340856
0.13416793641642302
0.7853024749824979
0.13499155787999836
0.7955153811308323
0.14034509739323808
0.6928303751595764
0.13087345056212155
0.6916773051105712
0.12230778734093806
0.7283696413128526
0.09323394967672859
0.7430301033644936
0.09389284684758879
0.7035374541860563
0.09899929992175593
0.7195157105794177
0.10023473211711895
0.7017872585759585
0.10319976938599021
0.6803319194498207
0.10385866655685047
0.6662685829592718
0.10443520158135325
0.7039904459910226
0.10665897953300663
0.6911007700860683
0.1035292179714203
0.6982045052094058
0.10385866655685047
0.7113412675534324
0.10361158011777788
0.6905860066713339
0.10270559650784504
0.6480665486142568
0.09834040275089574
0.6233990857801753
0.09323394967672856
0.6221018819750443
0.091916155335008
0.5950870979697731
0.08639789152905326
0.5546678746448133
0.07865584977144507
0.49544949141374633
0.07116089445290952
0.4633694354074868
0.06226578264629577
0.450500350039122
0.053453032986039636
0.4488942881851501
0.04851130420458752
0.4615780587242103
0.0400280031297616
0.4861837499485236
0.03278013425029858
0.494358192974509
0.0243791953218301
0.5158135321006466
0.016719515710579457
0.5248733681999753
0.009554008977473999
0.5271383272248074
0.004447555903306817
0.5700901865502614
0.001976691512580778
0.5915249351398094
0.0
0.6011818968002306
0.005106453074167163
0.5936869414816949
0.01120125190462466
0.5770086068442946
0.01630770497879177
0.5667751101593707
0.019025655808590333
0.5527735452785898
0.02520281678540546
0.5309681670304328
0.035909895811884876
0.5044269653667174
0.03780422517810816
0.4609603426265288
0.03170942634765062
0.42021167071613874
0.03418029073837665
0.3462504632870732
0.038792570934398585
0.30846682864555447
0.041922332495984836
0.3116171807437302
0.04579335337478897
0.2908825103982211
0.04521681835028616
0.2800312976156159
0.04686406127743688
0.267368117613145
0.05205287649796156