0100000000
0.4098444777769004
0.828609773427015
0.4172850714454882
0.8205573537538483
0.43911344438304245
0.8182679403173602
0.4542117312702296
0.8152680192626509
0.4499092129154495
0.8145575116444305
0.4421923107286651
0.8258466882450461
0.4598365832478093
0.8314518038998974
0.48091497592168614
0.8372937554274886
0.4800860503670955
0.8457409015552221
0.48882924133575434
0.8554511723375701
0.5240980500513143
0.8661087866108785
0.5551235493802794
0.8687139812110205
0.5864845661956266
0.8750296044840925
0.5936685876687456
0.8789768690297622
0.5472684929343964
0.883082024157259
0.5209994473829634
0.8912133891213391
0.5415054866977183
0.9010026051946
0.5598010578668983
0.9081076813768053
0.5672021788900291
0.9143443593589643
0.589859477382174
0.918844240941028
0.6068327149285545
0.9259493171232334
0.6139377911107601
0.9253177547959265
0.6111549696060629
0.9271334964869343
0.6173127022973078
0.9295018552143363
0.6300623667798213
0.9283176758506353
0.6404041998894766
0.9268177153232809
0.6568840293676482
0.9212125996684296
0.6708968185047761
0.9177390068682404
0.6844161995736954
0.913160179995263
0.7429343964632509
0.9092918607405069
0.8143404120944185
0.9070813925949314
0.9014762769400805
0.9160811557590589
0.9257914265414066
0.8890029209757636
0.7694797505328806
0.8427409805005132
0.7493487013499643
0.8541880476829556
0.7509473434909608
0.9812110207626112
0.7747690850240782
0.9329754480145259
0.9328175574326991
0.747375069077129
1.0
0.672140206836662
0.9556722191521273
0.6774295413278599
0.884878029525539
0.7708218204784084
0.8121102076261151
0.7794268571879682
0.8231033393858056
0.7967158758980025
0.8369187652956501
0.8279782110997079
0.7835320123154652
0.8514249625009866
0.5700639456856399
0.8796084313570696
0.5505644588300307
0.9002920975763795
0.565721954685403
0.9177390068682397
0.49830267624536195
0.9274492776505883
0.43867924528301877
0.9336859556327465
0.30897213231230775
0.9560274729612376
0.4164364095681692
0.9466329833425432
0.36555616957448506
0.9089760795768528
0.2994000157890582
0.8707665587747693
0.25722349411857587
0.8239520012631242
0.22201389437120075
0.7690060787873997
0.22675061182600464
0.6813768058735296
0.2380595247493486
0.568485039867372
0.259157653745954
0.48882924133575434
0.241355490644983
0.419436330622878
0.2503749901318387
0.3505170916554826
0.2516775874319097
0.33749111865477227
0.26588773979632124
0.311202336780611
0.29128838714770655
0.24630930764979872
0.3033670166574564
0.16767979790005533
0.30611036551669696
0.10736559564222
0.32484013578590043
0.0461040498934237
0.3650627615062763
0.027788742401515826
0.39129233441225214
0.057393226494039745
0.40591694955395907
0.07555064340412089
0.39857503749901313
0.049735533275439954
0.3574642772558617
0.014210152364411519
0.343747532959659
0.0
0.33283334649088187
0.052103892002842
0.3197481645219863
0.21149443435699047
0.2861964158837926
0.3450698665824584
0.27392042314675935
0.35138548985553014
0.3257677429541327
0.35328017683745166
0.4381661008920817
0.5637483224125681
0.5487487171390226
0.7593747532959653
0.5881621536275362
0.8012157574800662
0.676482197836899
0.835635904318307
0.7553880161048391
0.8529249230283412
0.726730875503276
0.8593194915923262
0.6947777690060787
0.8658719507381386
0.6957645851424962
0.882292571248125
0.7017841635746427
0.9059761585221441
0.696534301728902
0.9304491987052972
0.7007776111154966
0.9478171627062446
0.6992184416199573
0.9475803268335041