0100000000
0.16364375762505087
0.18633590890605922
0.14196827978853185
0.25441236274908496
0.12403416022773482
0.38275721838145577
0.12171614477429843
0.5106954046360305
0.11278975193167949
0.6367629117527448
0.09052460349735661
0.7564050427002844
0.08291988613257412
0.8652297681984545
0.0938592923952826
0.9398942659617728
0.2079300528670191
0.962261081740545
0.25516470109800715
0.9764945099633991
0.18723058153721017
1.0
0.21931679544530294
0.9751118340788939
0.24505896705978034
0.9232208214721427
0.13070353802358678
0.8787311915412765
0.1339365595770638
0.882147214314762
0.148820658804392
0.8631150874339161
0.14308662057747046
0.8134200894672627
0.23169987799918662
0.7477836518910126
0.8154127694184627
0.6209028060187068
0.8339975599837328
0.47401382675884507
0.35662871085807235
0.31947946319642123
0.17905652704351355
0.18495323302155348
0.16533143554290358
0.0755591703944692
0.17623017486783238
0.02496949979666521
0.19636030906872703
0.014558763725091484
0.17972753151687665
0.017486783245221613
0.16586010573403817
0.055388369255794975
0.20044733631557543
0.1600650671004473
0.5406059373729157
0.28897925986173223
0.4468076453843024
0.39853599023993497
0.32753151687677906
0.4688084587230581
0.260471736478243
0.4836925579503861
0.22830418869459124
0.44351362342415607
0.21567710451403005
0.374298495323302
0.20404636030906864
0.29865799105327356
0.2627287515250101
0.23058153721024802
0.32541683611224065
0.18365189101260668
0.39383895892639276
0.16209841398942657
0.40506303375355823
0.15908906059373717
0.39239528263521745
0.16811712078080493
0.4067303782025212
0.1858479056527043
0.35384302562017067
0.1815372102480681
0.3901992679951199
0.18487189914599422
0.34916632777551854
0.18519723464823093
0.33769825132167547
0.2100854005693371
0.29072793818625453
0.2161854412362748
0.21964213094753962
0.21952013013420077
0.17076047173647826
0.213420089467263
0.217832452216348
0.1996746644977633
0.3134607564050427
0.18291988613257407
0.25205368035786907
0.1633184221228141
0.1512810085400569
0.13664091093940617
0.12505083367222447
0.09979666531110191
0.1775111834078894
0.06140707604717354
0.19444896299308653
0.028466856445709492
0.13836925579503853
0.004229361529076893
0.13779991866612434
0.0
0.14654331028873524
0.0357055713704758
0.16405042700284664
0.09906466043106954
0.17076047173647813
0.2122814152094347
0.20492069947132965
0.34387962586417226
0.18969093127287506
0.41683611224074824
0.18320455469703117
0.4459536396909312
0.20557137047580307
0.3509556730378202
0.25099633997559967
0.3142740951606342
0.2677511183407889
0.264985766571777
0.2612850752338348
0.25392435949572995
0.3022163481089874
0.2758031720211468
0.35158601057340383
0.29239528263521747
0.37110614070760467
0.21179341195607937
0.3432289548596989
0.1443676291175273
0.3020536803578689
0.1490036600244
0.2792191947946319
0.3627490849938999
0.2663481089873931
0.3647010980073197
0.2361935746238307
0.3019113460756403
0.14339162261081742
0.3014233428222852
0.0943879625864172
0.21870679137860924
0.06264741764945088
0.16738511590077254
0.06699877999186653
0.19593330622204133
0.11728344855632361
0.09971533143554279
0.14080927206181368
0.021065473769825108
0.17966653111020733
0.049044326962179724
0.22128914192761281
0.12932086213908092
0.23942659617730794
0.1559983733224887
0.22008946726311499
0.15575437169581127
0.20223668157787708
0.08117120780805206
0.19107360715738103
0.036762911752745014
0.18635624237494916
0.036112240748271615
0.17995119967466444
0.04156161041073606
0.17098413989426592
0.01935746238308253