0100000000
0.09235991298477228
0.698222188883055
0.11908333958442728
0.689370639861976
0.14276873452854255
0.7033980946665671
0.16844197734603553
0.737829120096017
0.20611732053109297
0.7804365764008705
0.24626809691696053
0.8283699647438303
0.2697284524791839
0.8610756882454428
0.2790863401095192
0.8907058735278677
0.2955329682694472
0.9180106518640765
0.28966319105843513
0.932113119795964
0.27355412197134504
0.9383392093616383
0.2702347910884405
0.9552171630035262
0.265208911559523
0.9949741204710821
0.239423149051084
1.0
0.2311904583302076
0.9322631460505594
0.23192183632135618
0.8675268171930088
0.21781936838946825
0.8906308604005704
0.25930162778486227
0.9570924911859573
0.29271997599579946
0.9781711799564924
0.29161353236816445
0.9339134348510992
0.3342772485184908
0.8447978396219344
0.3264571299977496
0.714800090015753
0.3309579176355864
0.592678718775786
0.3331520516090317
0.5344685319930987
0.3253694396519391
0.5181156702422924
0.35439951991598545
0.5087390293301329
0.37225264421273735
0.4976370864901358
0.3793601380241545
0.4677068486985226
0.3993886430125273
0.4256244842847499
0.4185544970369816
0.36568899557422563
0.42024229240117034
0.2792738729277621
0.42412422173880426
0.19540919660940662
0.4041519765959044
0.12062110869402139
0.35111769559672956
0.05220913659890478
0.31700547595829276
0.0
0.27728602505438454
0.004875853274323004
0.2660153026779687
0.0501837821618783
0.29965869027079745
0.09166604155727254
0.3090540844647814
0.12947265771510014
0.3243755157152502
0.17973145300427573
0.34641062185882515
0.23981696796939445
0.3644325256919961
0.28812542194884094
0.4360888155427202
0.34025954542044873
0.47712099617433057
0.406946215587728
0.48951691546020576
0.484059710449329
0.5166716675418201
0.5372440177030983
0.5413134798589754
0.5545720501087693
0.5427949891230968
0.5193158802790488
0.5652239141849826
0.5400195034130976
0.5379566424124225
0.5317680594103968
0.5193908934063461
0.48173430350311325
0.4917298027154753
0.5187157752606704
0.4475845773010278
0.6828444977871129
0.4319818468231942
0.7805866026554651
0.4123659140349561
0.7723351586527644
0.42044857850123785
0.7364788838046662
0.399201110194284
0.7617583077038486
0.4205986047558324
0.8257445052884252
0.383392093616383
0.8291951091441
0.40051383992198647
0.8036156327357291
0.5114582551946594
0.7802865501462757
0.5206098567249272
0.5571224964368766
0.49928737529067607
0.37746605655989796
0.5240042007351287
0.3059035331182959
0.5515152651714053
0.24596804440777142
0.5487772860250544
0.258270197284525
0.5054384517290527
0.25256919960993196
0.5119270872402674
0.2685469957242518
0.5819143350086268
0.22466431625534464
0.6336546395619236
0.15797764608806547
0.6396931963093546
0.17253019278373727
0.6468944565298932
0.3623134048458482
0.6383242067361791
0.5357437551571527
0.5957167504313257
0.6730177781111699
0.6274097967144252
0.8066161578276202
0.5975170654864604
0.8105168404470786
0.5676993473857926
0.8635511214462537
0.551740304553297
0.9450903908183933
0.5498274698072163
0.9858225189408152
0.5520403570624861
0.9555922286400115
0.5900907658840299
0.8753281824319257
0.5829082589453155
0.7648338459230367
0.54945240417073
0.6994223989198114
0.5155089640687123
0.7019728452479188
0.5315242667466807
0.8601005175905782
0.5693496361863329
0.9897982146875706
0.5755007126247096
0.8848548495986801
0.5482521941339736
0.7853124296751935
0.5011814567549322
0.677443552621709
0.483497111994599
0.6602655464706325