0100000000
0.43719991377114054
0.08842377564818622
0.4416289415407529
0.0687479177690242
0.4447841338899012
0.11789836753091501
0.4371607188351264
0.19911027495247605
0.4173476786799145
0.25359123601230726
0.37977933251023943
0.29921414153291387
0.3455033609657632
0.3477374723185763
0.35924118603876376
0.38081799831461766
0.4571501362024026
0.4070002155721479
0.5257608716953769
0.42753836204362405
0.5522370509730142
0.4464303212025004
0.5607423520881102
0.46367609304877816
0.5719912987242046
0.5063201834323005
0.5802614302232151
0.6366041507437239
0.605228604464303
0.7773923609069706
0.6611205832206477
0.8270915397730613
0.6867148764379641
0.7827228722049107
0.6685872185313657
0.7014325749113215
0.6514786289611381
0.6406020342171789
0.6418562721696357
0.6126168499029926
0.6465400670233405
0.6074431183491091
0.6894193270229486
0.5952926881846866
0.7137593822878083
0.5437905422619397
0.7592059105963508
0.46924177396280375
0.7633997687498774
0.39986673721755145
0.7587551688321866
0.38175867677896
0.7459384247555214
0.3759578262488486
0.684637544829208
0.2867501518803769
0.6639426186136749
0.36223959864385524
0.6209457738060241
0.40825445352460443
0.4714758853156171
0.38434554255590186
0.41966017990475624
0.24810394497030963
0.3650812315048895
0.20224586983361742
0.31914476649616863
0.19111450800556554
0.24467438806906133
0.1489407568542144
0.20154036098536068
0.18006153604954234
0.26973954965018526
0.2523369980598506
0.3516373684519959
0.2644090383522446
0.2572559625296411
0.1995022243126188
0.2343073274932878
0.24622258804162495
0.21894291257569518
0.30203617692594104
0.16716640210084852
0.2884747290650046
0.11727124855468667
0.20373527740215955
0.10653183608677753
0.18296196131459816
0.2172575303270817
0.15826915162560987
0.3744096262762851
0.07478393791522127
0.5018519607266738
0.10159327414897977
0.6017794500950476
0.15583906559272545
0.6299998040253197
0.20710604189938644
0.5218609755619573
0.20937934818821405
0.42536304309483197
0.16305093381935043
0.3834440590275737
0.11005938032806149
0.36755051247378834
0.039978834734552215
0.32357379426578076
0.0
0.24841750445842398
0.04311442961569367
0.20785074568365758
0.08489623140690206
0.22697787445861983
0.07031571520959484
0.230956160464068
0.04789621180943406
0.24973053481490176
0.05479452054794514
0.25547259294099195
0.05832206478922917
0.24645775765771055
0.0779195327963627
0.281615615262508
0.11256785623297465
0.24151919571991293
0.1316165951359083
0.13579085582142777
0.15787720226546711
0.09835969192780282
0.1991886648245045
0.07913457581280493
0.16720559703686286
0.10231838046524384
0.1163305700903442
0.1353205165892565
0.1327924432163363
0.2059497912869657
0.1727712779508887
0.43206537715327176
0.2147098594861543
0.5778313441903303
0.27601073941246773
0.5975659944735138
0.3083073666882239
0.5683069747388637
0.2701314990103276
0.5476316459913377
0.2408136868716562
0.5847296529288414
0.2767162482607245
0.6232582750308657
0.2884747290650046
0.7448997589511432
0.3067395692476532
0.8552335038313049
0.3547141709291159
0.8785936856958078
0.36286671762008343
0.9359554745526877
0.4149959825190585
0.9894957571481763
0.4994218746937891
1.0
0.5285045172163756
0.9993532835557644
0.5572736002508475
0.9727007270660628
0.6024261665392832
0.9449899073039763
0.6066592196288239
0.9208850216552019
0.5861210731573478
0.9089305661708507
0.5694240304152702
0.8996609638034764
0.5718541164481546
0.8834538577615769
0.5849452250769199
0.8684225998001055
0.5957630274168574