0100000000
1.0
0.4436100554054674
0.892836973609903
0.26869362150281606
0.9202954958255112
0.2924431826854099
0.9328265946242962
0.27956102996168936
0.9372987163636919
0.24799670314574845
0.9349939710304198
0.20135232077170812
0.9312392203550225
0.15922584977944648
0.9384739838515197
0.13761313857472102
0.955751942243998
0.1348047071752369
0.9782804462963811
0.13657524001404223
0.9881099561945756
0.13907840713097358
0.9810888776958654
0.13907840713097358
0.9562556283102098
0.13681945144008414
0.9276065753926463
0.12821099867210028
0.9132744173268007
0.11636674450905875
0.9306744814323002
0.10037089610330145
0.9587282689988861
0.08480241769311779
0.9345513378207185
0.07259184639101299
0.8892959079322925
0.0705160492696552
0.8406520445075325
0.06660866645298168
0.7887876429018422
0.0677076178701711
0.7231252957247739
0.0685013050048079
0.6878520078758186
0.07253079353450248
0.6604240120884657
0.07820870918998124
0.6563029442740054
0.08327609628035469
0.637452874826381
0.08547399911473358
0.6294091609811194
0.08181082772410214
0.6076438176351175
0.07375185066471296
0.5806737182715938
0.058427583680571424
0.5575652120823604
0.03730329532793014
0.557458369583467
0.021185341209151807
0.5813300364790819
0.0097074041851733
0.6155043729108477
0.0
0.6704977334127022
0.0017705328388051803
0.7287116320954867
0.09976036753819621
0.7807591922707086
0.22449135338919673
0.7801944533479863
0.27205152861089493
0.7203168643252896
0.256788314483264
0.6790756597524307
0.35380130347848654
0.640764992292077
0.4042309629561794
0.5968221988186273
0.41998259993589454
0.6149854236305082
0.34647496069722367
0.6517545064639714
0.2729062686020421
0.5507730817955646
0.21655448204282868
0.4736633240227727
0.27485996001037893
0.4412137307874294
0.41375520857182113
0.4014835844132058
0.5412335729657952
0.3744371689790437
0.6179770135995238
0.4078025550620451
0.5503915014423738
0.474685959369324
0.4291405284124732
0.5330067005510022
0.3963551444663217
0.509684509363982
0.36204343910740727
0.4673443533739335
0.31857380527191426
0.47125173619060706
0.28218630279164186
0.5003586855319995
0.27669154570569476
0.5365935558709954
0.27003678434604766
0.6060106537234613
0.36118869911625984
0.6771677579864769
0.3876245859853168
0.7349084970313049
0.4002014744264848
0.8057756002258957
0.5039302776378648
0.7973503060274434
0.5684020941129783
0.7551933086069267
0.6132759436482135
0.7499274997328939
0.6172443793213975
0.7296121617290172
0.6277454706412078
0.7287268953096142
0.6344612848573653
0.7357785002365799
0.7099836683608834
0.7767297037410138
0.7313521681395668
0.8073477112810418
0.7614512263992552
0.80510401880428
0.7550406764656499
0.7885434314758003
0.7616343849687864
0.763817024589038
0.762794389242487
0.7991818917227591
0.7040004884228522
0.8529084054520203
0.6817772486530215
0.8414915212845523
0.7203626539676724
0.7910923882351147
0.7079078712395258
0.7170657997161042
0.6535708289451593
0.6516934536074608
0.6294549506235023
0.6124669932994491
0.6498466046980174
0.5671505105545127
0.6470992261550439
0.5361967123036768
0.6558908374925593
0.5217271853106827
0.6375749805394022
0.50770029152739
0.6455118518857703
0.48445441641100784
0.7146236854556832
0.4490132332066487
0.8294641085519792
0.40803150327395943
0.7833692018865333
0.38588457957476696
0.8020513759787539
0.37191873864798447
0.7872765847032069
0.3486423371033473
0.7359311323778561
0.33037226979257295
0.699360471328052
0.31233115069371314
0.7342827052520722