0100000000
0.3721059909889815
0.5792032832225542
0.38314671900789576
0.5643038765222822
0.3940090110184234
0.5699246107864567
0.3891466297898915
0.5730472409332202
0.3881429272427175
0.5696569567738768
0.39325065798278086
0.5670696346522724
0.37906499531605475
0.5550252040861845
0.3611321764732122
0.5444974795913815
0.35716197528661286
0.5427131195075164
0.37286434402462415
0.5489583798010437
0.3899049828255341
0.5381630012936609
0.4058303965740286
0.5395904893607529
0.42217959584244086
0.5440513895704152
0.4277111121024222
0.5495829058303965
0.4417183387607619
0.5365570772181825
0.4555917384128116
0.5272784047820849
0.46181469420529075
0.5154124102243832
0.4696881830753445
0.5105054199937546
0.4842753267609403
0.5163938082705088
0.4900744970335012
0.5198733104340456
0.4982379444171835
0.5098808939644021
0.5031895436499084
0.49649819333541517
0.5014944015702367
0.4922157291341392
0.5094124994423874
0.5111299460231075
0.5188249988847748
0.5196948744256589
0.5217468885221036
0.513984922157291
0.5228844180755675
0.5242449926395147
0.5197171789267073
0.5028326716331355
0.5311147789623945
0.4832939287148146
0.5422447249855021
0.47339073024936434
0.5254494356961233
0.4667885979390641
0.5197840924298521
0.4491234331088013
0.5387429183209171
0.4330641923540169
0.5464825801846812
0.4327965383414373
0.5405049739037338
0.4200383637418031
0.6150020074050943
0.40148101886960774
0.6393808270508987
0.39791229870187805
0.5571218271847258
0.40647722710442963
0.48298166570013823
0.34491680421108983
0.683566043627604
0.31226301467636164
0.8492438774144624
0.36873801133068634
0.8258018468126865
0.3679350492929473
0.8264263728420392
0.33162332158629604
0.8404112949993308
0.3044118303073559
0.7799214881563099
0.2441004594727216
0.6857518847303387
0.2617656243029842
0.717580407726279
0.2614087522862114
0.8006869786322879
0.2623009323281438
0.8942766650310032
0.2723825668019806
0.9412722487397958
0.28862024356515126
0.9792345095240218
0.2981665700138288
1.0
0.2881741535441851
0.9502386581612168
0.26096266226524517
0.9345139849221571
0.22786278270955068
0.9006111433287235
0.21679975018958822
0.8639202391042512
0.2296471427934157
0.8469911228085828
0.23883659722532005
0.8093857340411296
0.23571396707855638
0.7435205424454653
0.24838292367399742
0.6721461390908685
0.2693491546594103
0.6253512958915108
0.25213007985011376
0.5624526029352722
0.16541017977427844
0.5672926796627559
0.135522148369541
0.5720212338849979
0.14364098675112638
0.5453227461301691
0.1283847080340813
0.5210554489896061
0.07190971137975644
0.5117544720524602
0.04550118213855554
0.43402328589909445
0.045858054155328516
0.3759869741713877
0.04746397823080698
0.3641432841147343
0.04799928625596643
0.39878217424276213
0.042735424008564914
0.43910871213810937
0.04166480795824596
0.4639559263059285
0.04416291207565684
0.45084087968952125
0.043359950037917656
0.3998973992951777
0.04675023419726097
0.40208324039791227
0.04960521033144488
0.4054066110541106
0.046750234197260994
0.43000847571039835
0.03934513984922157
0.467212383458982
0.03613329169826471
0.4678592139893829
0.0305125574340902
0.4709595396350983
0.020520140964446626
0.5415755899540526
0.016951420796716767
0.6680644153990275
0.01338270062898693
0.7384797252085469
0.007137440335459691
0.7808805817013873
0.004104028192889318
0.7835125128250882
0.003211848150956863
0.7746353214078602
0.0010706160503189544
0.7680108845965116
0.0
0.7613195342820179
0.0004460900209662305
0.7490520587054467
0.0021412321006379063