0100000000
0.3805918116912095
0.9211289602855874
0.37444221329763516
0.8950245426149043
0.3675535475234272
0.8757809013833119
0.37310352521195916
0.873270861222669
0.38484493529674263
0.9032240071396702
0.39561021865238755
0.9356314145470779
0.39091086568496225
0.970158411423472
0.3606091030789829
0.9952588130298976
0.32447846943328895
1.0
0.29092759928603323
0.966477019187863
0.26737505577867027
0.9074631860776443
0.2575998438197235
0.8443775100401611
0.2606816153502901
0.7978580990629184
0.2660782016956717
0.7612672913877734
0.27351070950468553
0.7348839803659086
0.2603469433288712
0.7203815261044182
0.25801818384649716
0.7155287817938422
0.2508924587237842
0.7263498438197239
0.21848505131637677
0.7372824631860776
0.18928491744756823
0.7385095939312812
0.181364346273985
0.740406068719322
0.18734660865684968
0.7551316376617586
0.22330990629183417
0.7965194109772425
0.30344991075412775
0.8473337795626957
0.3933372378402501
0.8745537706381085
0.3939089692101742
0.8720995091477026
0.3690735162873719
0.8517402945113791
0.4008115796519413
0.8073962516733608
0.40842536813922364
0.7558009817045964
0.3388275323516289
0.7188755020080323
0.26999665327978595
0.6729138777331549
0.273008701472557
0.6256693440428384
0.284011044176707
0.5930946006247215
0.3615294511378851
0.5720660419455604
0.41468652387327104
0.5640896921017406
0.3519773538598842
0.5515952699687643
0.24655566711289628
0.5285029004908527
0.15961066488174921
0.5192436412315933
0.10447344935296743
0.5253792949576086
0.07809013833110215
0.5180165104863902
0.04921073181615343
0.5074185631414551
0.12243418116912098
0.4944779116465868
0.17118473895582337
0.493083444890674
0.14480142793395806
0.5002788933511827
0.10277219991075409
0.5076974564926376
0.06890060240963852
0.5179049531459172
0.02837739848282011
0.5242637215528786
0.01571564033913436
0.5219210174029455
0.02129350736278436
0.493529674252566
0.0642430834448907
0.4882864792503347
0.09407072735385989
0.5592927264614015
0.12513944667559126
0.5494199018295408
0.13968373493975902
0.48756135653726035
0.1347333779562696
0.4253123605533247
0.08237115127175369
0.3729361892012498
0.0543284248103525
0.331604194556002
0.06485664881749216
0.3017626059794737
0.06032463186077641
0.27164212405176275
0.038724341811691244
0.2269634091923248
0.016259482373940197
0.17570281124498
0.013916778224007133
0.14268183846497098
0.007502231146809457
0.13978134761267297
0.0
0.14809236947791155
0.0031375502008032115
0.16041945560017837
0.019620147255689314
0.1728580990629182
0.020721775992860323
0.17514502454261488
0.04859716644355196
0.18791834002677385
0.10254908522980818
0.215863453815261
0.1671826193663544
0.24319500223114707
0.17875669344042847
0.26790495314591706
0.20419176706827316
0.2969656403391345
0.23064480142793412
0.31844042838018755
0.24456157965194114
0.3160419455600181
0.2315651494868364
0.2894355198572067
0.17263498438197242
0.2635542168674701
0.11171073181615351
0.26132307005801
0.09009649709950922
0.2689089692101741
0.09024988844265953
0.28235162873717096
0.09659471218206159
0.2766064257028114
0.0942380633645694
0.23806336456938892
0.1034415439535922
0.208165997322624
0.11610330209727805
0.20626952253458283
0.12046798304328431
0.19539268183846514
0.12636657742079435
0.183400267737617
0.12290829986613125
0.18066711289602855
0.12997824631860777
0.1903726015171798
0.14297467648371268
0.2226684515841142
0.1306057563587684
0.23817492190986173
0.14105031236055338
0.24843819723337812
0.15708668005354762
0.24687639446675616