0100000000
0.9999620939312384
1.0
0.38064326598688447
0.45763996815890234
0.3633201925628293
0.4360335089647851
0.13653765967931458
0.2628027747242333
0.12295781054546835
0.24764034721958988
0.14030931352109474
0.24908077783253088
0.1575850043591978
0.24529017095637015
0.17519237329896514
0.23949054243584403
0.19222167469011792
0.23403206853417224
0.2095447481141731
0.22955915242030253
0.22394905424358447
0.2247829877563397
0.2327906447822296
0.21428300670937417
0.23921572343732228
0.2068913233008604
0.24128160418483002
0.20783897501990084
0.24074144270497705
0.21432091277813578
0.23605056669572796
0.22690572760698965
0.2303077972783442
0.23759523899776358
0.22518100147833675
0.24582085591903247
0.22054698457223001
0.2560175884159053
0.214140858951518
0.2637883325120352
0.2074883438838558
0.2686403093135212
0.19225010424168903
0.2717107008832114
0.1811910086804898
0.2690572760698989
0.18826996702172014
0.2676926575944809
0.1837212387703271
0.27015655206398537
0.16657821917288962
0.27504643493423286
0.15769872256548273
0.27925400856677135
0.19351995754520293
0.28641825556271566
0.23653386907243834
0.2961601152344491
0.17462378226754108
0.3070012509002689
0.18001592054887983
0.3113225427390926
0.18289678177476218
0.31192903983927833
0.22340889276373146
0.3054091960122816
0.2078863576058527
0.288806337894697
0.18415715856108567
0.27114210985178727
0.1737140366172624
0.2577612675789393
0.177239301012092
0.24616201053788703
0.17976005458473898
0.24051400629240746
0.17309806299988625
0.24506273454380037
0.1484401652704598
0.2603767863234905
0.14206246920131907
0.27462946817785544
0.15098934839467798
0.2948713088965541
0.1758746825366741
0.31314203403964974
0.1977938667980744
0.3151131496152535
0.21490845684394072
0.3180698229786589
0.196959933285319
0.30753193586293165
0.19700731587127093
0.26337136575565745
0.1922311512073083
0.24153747014897076
0.17553352791781954
0.22660247905689693
0.16612334634775025
0.20723247791971502
0.15503582123497964
0.20666388688829063
0.15864637428452294
0.2111368030021605
0.1655642318335165
0.21121261513968392
0.1588074750767597
0.24654107122550298
0.17699291156514146
0.26822334255714336
0.19201319131192898
0.2586710132292181
0.19930063303134826
0.26989120958265406
0.205375080550396
0.24771615935711283
0.21502217505022553
0.24529017095637015
0.2147378795345134
0.23861870285432701
0.21654789431788035
0.2386945149918501
0.2143303892953261
0.21542018877222244
0.17924832265645732
0.2290663735264014
0.16215268564497173
0.22118191122398675
0.1640764186346233
0.22444183313748517
0.14949205867859436
0.23460065956559636
0.14814639323755732
0.16527045980061414
0.1573859974981995
0.1601152344490352
0.18905651794852352
0.22902846745763983
0.21150638717258632
0.2554489973844811
0.20166976232894882
0.244607861718661
0.1812762973352034
0.22819453394488462
0.17360031841097764
0.23236420150866144
0.156315151055684
0.21674690117887865
0.15746180963572268
0.1658011447632766
0.16180205450892687
0.1332019256282931
0.16086387930707705
0.13596906864789055
0.14949205867859436
0.13824343277358714
0.14345551722830824
0.19074333800841517
0.1430764565406921
0.22959705848906395
0.14355975891740266
0.24237140366172608
0.14722717107008831
0.18039498123649592
0.17603578332891098
0.1524961146279518
0.15821045449376436
0.14692392251999545
0.11060990864637425
0.08206663886888282
0.08720291118608081
0.0
0.20776316288237748
0.126037678632349
0.33951518138053904
0.2420681551116334
0.3318486789735037
0.2504074902391871
0.9999526174140482
0.9998862817937153