0100000000
0.1725378013894564
0.028933387821822615
0.5479975480179813
0.26890069472823863
0.691683694319575
0.3757253780138948
0.6693093583980383
0.42909685328974223
0.7138536984062116
0.44985696771557004
0.7569677155700857
0.48263179403351036
0.7794442174090725
0.5225173682059665
0.8122599100939926
0.5031467102574584
0.8339190845933798
0.4626890069472823
0.8396199427870861
0.4405394360441358
0.8415815284021252
0.44773191663261136
0.8390478136493668
0.43661626481405774
0.8457090314671024
0.4150388230486308
0.7600531262770739
0.4228034327748263
0.5822026971802208
0.49685328974254184
0.5194319574989785
0.5572537801389456
0.5688393951777688
0.4970984879444218
0.5123416428279528
0.519901920719248
0.49887617490805075
0.571965672251737
0.43816918675929706
0.5150796894156111
0.3291785860237024
0.46939109113199845
0.23581937065794853
0.5060073559460566
0.13555373927257885
0.5785860237024929
0.1317736003269309
0.6332652227217
0.28467511238250914
0.5613404168369434
0.19852881078872078
0.47821822639967304
0.0560482223130364
0.4019615856150387
0.01689824274621977
0.468246832856559
0.05733551287290562
0.4444626072742133
0.12564364527993466
0.45271761340416833
0.19031467102574579
0.4082550061299549
0.29370657948508383
0.3280751941152432
0.35030649775234973
0.11221904372701279
0.2657131181038004
0.10314671025745795
0.10766244380874553
0.11107478545157326
0.12954638332652238
0.10870453616673491
0.15758071107478552
0.07960768287699216
0.13949734368614633
0.06277073968124243
0.19323661626481412
0.276747037188394
0.2879444217409073
0.39844707805476093
0.3077237433592155
0.4626072742133224
0.36510012259910085
0.20629342051491603
0.3444830404577034
0.02639967306906414
0.2977932161830814
0.0
0.17782999591336338
0.049203105843890434
0.04822231303637103
0.04969350224765029
0.05445443400081728
0.09113199836534532
0.23275439313445037
0.10592562321209642
0.35892930118512467
0.30706988148753556
0.36254597466285265
0.5272578667756438
0.4579280751941152
0.556763383735186
0.5288107887208827
0.5824274621986109
0.5178177360032695
0.4541888026154476
0.5254597466285248
0.4559051900286066
0.5375153248876176
0.4389865140988966
0.5477523498161013
0.4525541479362487
0.5639149979566817
0.503391908459338
0.5920310584389049
0.5097670617082142
0.613547200653862
0.5886391499795668
0.6289333878218227
0.6474867184307314
0.6227625664078466
0.6979975480179812
0.6107478545157337
0.7259501430322847
0.6298733142623621
0.7478545157335512
0.637188393951778
0.7630568042501024
0.631916632611361
0.7334695545566001
0.6147936248467509
0.7672251736820592
0.5988761749080507
0.863914997956682
0.591642827952595
0.9094401307723744
0.588046587658357
0.9691050265631386
0.603596240294238
1.0
0.6357376379239885
0.9859419697588881
0.6689415610952187
0.927829995913363
0.6996117695136902
0.8445443400081735
0.7035758071107481
0.7958316305680427
0.7023702492848386
0.7467102574581119
0.7243767879035553
0.6989783408255006
0.7592562321209647
0.6348181446669389
0.7888434818144668
0.53314262362076
0.8344503473641195
0.46481405803024123
0.890212505108296
0.4997139354311404
0.9116877809562731
0.595259501430323
0.8941356763383733
0.5883122190437273
0.8660604822231305
0.5807110747854517
0.8573968124233754
0.660482223130364
0.8694728238659585
0.6986514098896611
0.8844912137310994
0.7324887617490802
0.891704127503065
0.7918267266040045
0.8713731099305273
0.8083367388639146
0.49630159378831246
0.5024111156518185
0.05049039640375981
0.0733959950960359