0100000000
0.15917535658635987
0.17783371289304412
0.20545167605577536
0.20404330976067767
0.19996803707699082
0.16301090734747697
0.1854548723480763
0.15086499660393946
0.16585760517799353
0.1372807543249831
0.17615565943505535
0.11750369571297287
0.20939709936473694
0.10631667265971477
0.22279156178832557
0.12189859762675295
0.2372747612769188
0.1311678452994527
0.2338187702265373
0.18290782692077198
0.2142714451236566
0.18274801230572546
0.18968995964680968
0.08330336809301213
0.19477406208797793
0.05973071237364654
0.22342083183507133
0.02780774301809905
0.2334392105158017
0.0
0.22132326501258542
0.011546605937113028
0.23143153941427946
0.017379839386311952
0.2449158975588317
0.06907986735386952
0.23842342882256584
0.11998082224619444
0.2537556434535938
0.12050021974509575
0.24978025490431108
0.10224139997602778
0.2420492229014344
0.1182228614806825
0.2414599065084502
0.11047185265092492
0.24821207399416684
0.14714930680410732
0.291062367653522
0.22042430780294853
0.3371588956810101
0.2085980262895043
0.33741859443046074
0.21239362339685974
0.3221562986935155
0.18414639018738263
0.3208378281193815
0.12861081145870787
0.3393763234647808
0.10599704342962167
0.35683607015861607
0.14535139238483355
0.35188181709217303
0.23980182987734236
0.33123576651084735
0.19900914938671155
0.3066842462743218
0.15901554197131335
0.2829118222861481
0.17751408366295102
0.3527008669942867
0.20316432937792167
0.3329937272763595
0.25242718446601947
0.23319948859323186
0.31547405010188195
0.2155799272843501
0.456031004035319
0.20150625274681375
0.5528387070997645
0.21977506092932203
0.6780135043349713
0.2545946701825882
0.8391066363018895
0.2294038914858764
0.8818969994806019
0.23224060090295268
0.9176155659435051
0.22978345119661195
0.9256862040033563
0.2397918414639019
0.9186943145950697
0.2553637780174998
0.963082823924248
0.2452954572695674
1.0
0.21296296296296294
0.9865356186823285
0.16889408286387791
0.9125014982620159
0.154101242558632
0.811019217707459
0.1688840944504375
0.775780095089696
0.21013624195932723
0.7542850293659357
0.2811638499340765
0.7235207159694755
0.29515761716408967
0.7231611330856207
0.2725738143753247
0.7076591154261057
0.3129369930880179
0.7564824803228256
0.3368991969315595
0.8185305046146472
0.40294258659954457
0.8573255024171957
0.39733908665947504
0.8482959766670664
0.3271405170002797
0.8740660833433219
0.3496444124815215
0.9003156338647171
0.3544788045866795
0.9130608494146792
0.34090455072116355
0.9004754484797635
0.35077310320028776
0.8326341443925046
0.3551879819409486
0.7825322625754126
0.33693915058532115
0.8048663550281674
0.32232610172200254
0.750169803028487
0.3496244356546406
0.7484517959167365
0.3885992248991171
0.7829717527667902
0.4123716488872908
0.769187742219026
0.3659455032162692
0.7655120060729554
0.31749170961684436
0.8025090894562306
0.3298873306963923
0.776778936433737
0.39921690838627194
0.6436533620999638
0.40307243597427
0.5382156698230055
0.32711055175995835
0.5570737943984979
0.30502616964321394
0.6255943105997043
0.39840784689759867
0.6442526669063884
0.4363638179711536
0.6456510447880459
0.4270446282312518
0.6338647169283632
0.394432458348316
0.6443325742139121
0.36845259498981187
0.6152463142754404
0.4137400615286268
0.5447281153861518
0.43254824403691733
0.6318670342402813
0.41434935474849177
0.7218027088577249
0.36541611730392753
0.7707059810619682
0.3035079308002718
0.7725438491350036
0.2601482280554557
0.7635542770386351
0.23957209636821294
0.7511686443725282