0100000000
0.2546272926131583
0.23161702843681645
0.2404930169947838
0.23759044253743894
0.24676089517078917
0.2794884738347636
0.2508413259296653
0.2991755005889283
0.2763545347467609
0.29665152279993273
0.26686858488978626
0.29488473834763584
0.24055611643950875
0.3262661955241462
0.2256856806326772
0.3614336193841495
0.21157243816254429
0.3793538616860172
0.18706882046104667
0.38465421504290764
0.16498401480733638
0.4267205115261655
0.3150134612148748
0.45120309607942116
0.45111896348645464
0.450530035335689
0.44642857142857156
0.4714790509843516
0.4035840484603736
0.48098603398956735
0.37588339222614864
0.49326939256267854
0.3661240114420327
0.5116102978293792
0.3593723708564699
0.5110213696786136
0.3300311290593977
0.5054686185428232
0.3147820965842169
0.5119468282012454
0.3168854114083798
0.5375231364630659
0.33373296314992434
0.536429412754501
0.3611181221605249
0.498822143698469
0.3588255090021875
0.4915867407033484
0.4037733467945484
0.5263335015985194
0.48222698973582373
0.546188793538617
0.4710163217230355
0.550143025408043
0.4444724886421001
0.5431600201918223
0.41637220259128405
0.5506478209658417
0.41092461719670215
0.573952549217567
0.4359750967524821
0.582113410735319
0.47070082449941103
0.5591452128554603
0.4651901396601044
0.5714285714285716
0.4552624936900555
0.6576644792192498
0.36307420494699655
0.667171462224466
0.38650513208817117
0.6369678613494869
0.37558892815076567
0.47316170284368175
0.3736959448090191
0.4600370183409054
0.3561542991755007
0.5715968366145047
0.27654383308093566
0.7077233720343264
0.2222783106175332
0.7423018677435641
0.21100454316002024
0.7455830388692578
0.39195271748275284
0.7635032811711255
0.5279951203096079
0.7631667507992596
0.6329084637388526
0.6983005216220765
0.4996214033316508
0.6163553760726905
0.4323994615514053
0.52414605418139
0.4391090358404846
0.4503617701497558
0.47356133266027267
0.3047282517247181
0.5245877502944641
0.2585394581861013
0.6706208985360927
0.2493690055527512
0.802414605418139
0.2255594817432272
0.8992722530708395
0.2513040551909808
0.9396348645465253
0.2794884738347636
0.9025744573447751
0.22337203432609795
0.8062005721016322
0.156907285882551
0.6949562510516576
0.16102978293791032
0.5242301867743564
0.20233888608446918
0.4122286723876832
0.07958943294632344
0.3684376577486117
0.0
0.4496045768130575
0.03945818610129568
0.4571344438835608
0.05031129059397617
0.3983678276964498
0.0424869594480903
0.4159725727746931
0.06612821807168105
0.26935049638229863
0.07992596331818949
0.20286471479050988
0.055695776543833175
0.21552667003197049
0.0334847720006731
0.22469712266532066
0.06781086993101143
0.22337203432609795
0.05704189803129749
0.20793370351674242
0.10457681305737843
0.19117028436816436
0.08926468113747282
0.17516405855628478
0.11601884570082464
0.19230607437321223
0.20831230018509175
0.2147905098435135
0.5511526165236411
0.21409641595153966
1.0
0.2564992428066635
0.7847046945986877
0.30647400302877337
0.4920915362611478
0.32937910146390725
0.3765774861181222
0.3517373380447586
0.29480060575466954
0.3650933871781929
0.25870772337203424
0.36069745919569246
0.23910482921083637
0.3682273262661954
0.2234561669190644
0.36814319367322906
0.19392562678781766
0.3743479724045094
0.15833753996298175
0.3792697290930507
0.15598182735991925
0.39948258455325597
0.17221941780245684
0.4089895675584723
0.12030960794211691
0.4013545347467609
0.06023893656402503
0.4078537775534242
0.06831566548881036
0.43494447248864226
0.0652868921420159