0100000000
1.0
1.0
0.9820889745146167
0.9840595392045605
0.18166143235420892
0.30136444010451036
0.0
0.14213577542600253
0.013002208088112411
0.1590967072215917
0.01396109894170118
0.15135520308252615
0.016468290623103093
0.13692785445972216
0.0169433374680003
0.12172635542301159
0.014744046519402098
0.11081787231796471
0.01168263351895351
0.10332268876514214
0.00830452262190669
0.1027244816271233
0.005146340819719717
0.1096214580419272
0.0029998328538879035
0.11574428404282461
0.0022080881123925622
0.1211281482849929
0.0027359179400561233
0.12647682387198367
0.006791410449271148
0.13179031080379686
0.016230767200654524
0.14090417249478762
0.033666745841140815
0.15455737070368508
0.05702321571525341
0.17264433946495636
0.07856746984772107
0.19185734519191008
0.09740219753151577
0.21082403033262065
0.1162633167066938
0.2286294898524715
0.13066427383811458
0.24425325275131296
0.1406050689257783
0.25452834006316366
0.14590975869379713
0.25790645096021036
0.1449948536591803
0.2550913585460048
0.13694544878731096
0.2533319257871262
0.1258698195701706
0.2605456000985282
0.11399364844774049
0.26955389582398637
0.10488858392054401
0.27103181934144416
0.10190634539424492
0.26828710423759367
0.10495016406710475
0.2651201252716123
0.14215336975359139
0.261214184546902
0.17316337212882565
0.25973626102944414
0.161208026532246
0.25727305516701415
0.14278676554678765
0.23151495957703241
0.11748612247411432
0.20512346819385432
0.13315387119192768
0.23095194109419123
0.19194531682985408
0.20579205264222822
0.17634794542239587
0.17018113360252654
0.16034590448039546
0.12654720118233878
0.16261557273934882
0.1121902298698898
0.1941358106146578
0.11757409411205821
0.24024174606106988
0.12616012597538553
0.2644427436594442
0.09132335734959046
0.2883534348526035
0.0641929042076835
0.2613813306589955
0.05666253199968331
0.21183570416897599
0.10054278500611402
0.1601347725493301
0.1480474694958346
0.1342183280110492
0.15272756063445145
0.11618414223254417
0.11145126811116098
0.1205651298021518
0.11229579583542258
0.1184274190001143
0.12031880921590879
0.11133690498183386
0.09199194179796424
0.09870417777308595
0.06989346634644993
0.0853060973142259
0.054586401344206635
0.04234954650620642
0.04205924010099143
0.03940249663508484
0.035373395617252994
0.051780106093795304
0.036464243927757684
0.05540453757708509
0.04350197496327183
0.024939959357103275
0.055219797137402875
0.011744213665514227
0.06704318527706667
0.03237356276336509
0.07587553772663695
0.0781891918045622
0.08558760655564637
0.1050469328688431
0.0925197716256279
0.12408399531990882
0.09786844721261868
0.15802345323867578
0.10297080221336641
0.1859456511220782
0.10965664669710484
0.19593043202871396
0.12246531718174067
0.20588002428017207
0.13917992839108673
0.21121110553957406
0.15955415973890005
0.19914139681366724
0.1799987683970687
0.1800427542160408
0.19706526615819062
0.19054656778654558
0.20202686653822802
0.21443966465211609
0.19396866450256448
0.20756907972869548
0.178731976810676
0.15526994097103095
0.158568877393928
0.14945501570293732
0.13636483597688104
0.16118163504086283
0.1142311718701891
0.17661186033622764
0.09691835352282412
0.17127198191303122
0.08185760910682398
0.1723628302235359
0.07175846507086114
0.16946856333518073
0.06584677100102926
0.17415745163759203
0.06545969579407593
0.1997308067878916
0.06869705207041243
0.1936607637697606
0.07471431210577709
0.14639360270248872
0.0692952592084311
0.4124022415173349
0.3499599729047354
1.0
0.8478442550121841
1.0
0.8733208413607454