0100000000
0.45437071102647925
0.4389034599216759
0.4866884633348903
0.4177774584126757
0.4947364639097474
0.4016096001149714
0.4531671037976503
0.38335788452556313
0.38831602773685914
0.3540401681457263
0.34191427442244826
0.32105773721840974
0.36408220457730034
0.3334890238206446
0.44729278194948446
0.40901088635792027
0.5343117881651277
0.47389789099270657
0.6032587216613373
0.5308806093486149
0.6639061545647255
0.549204182086013
0.6539180109941437
0.5304494664606763
0.5935041138217226
0.5247008946214925
0.6096899364064241
0.5157906082707577
0.7012359429454248
0.49430532102180874
0.7674702691050195
0.46376603312614517
0.810261200732943
0.3990227427873387
0.7889735206409659
0.34793231056659363
0.7720870908633638
0.34275859591132835
0.814536701038336
0.3603635971688285
0.8346746667624764
0.3842201703014406
0.7818057701289837
0.3910465993604714
0.7527036251931163
0.3653935975281141
0.7778715912765423
0.3166025940430425
0.7787518413394173
0.2424460173175725
0.7641289117234937
0.16692415478029682
0.7950095210721085
0.11748643696331688
0.8580462041461576
0.08285129163223513
0.9338554952753926
0.05568928969209211
1.0
0.0480005748571839
0.9229152444939462
0.0499407178529084
0.8684115977436857
0.06711457622246975
0.8509862393561602
0.0869471490676535
0.7167930154852156
0.11166600797614343
0.5284733948909568
0.14651672475119462
0.43584953113210934
0.2040743002910215
0.45004131786009427
0.2766500197607157
0.40345992167570865
0.31940502281464445
0.3707828836273489
0.3467107390507671
0.3602198828728488
0.3495850249703589
0.3620342758595912
0.3328423094887364
0.4191247799374843
0.3181115941508282
0.4964071426005103
0.3088420220601445
0.47711349836524986
0.3102791650199403
0.4078971005640786
0.31559659397118534
0.3623935615995401
0.30668630762045057
0.36769302626378764
0.29166816369058307
0.3999389214242087
0.27233859088132795
0.42706499479035676
0.2501347321524809
0.47105953364710956
0.2540868752919196
0.5137247152660511
0.294901735350124
0.5425753601839542
0.33801602414400167
0.5004311428879388
0.3623755973125427
0.4906944993353214
0.35986059713289986
0.5018503215607374
0.34850716775051205
0.507077929076995
0.3355010239643589
0.5124133223152374
0.31538102252721595
0.5579348255667733
0.2757158768368484
0.664211547443682
0.1977508712679194
0.7651528760823484
0.10986957927639852
0.8504473107462366
0.07006071929005135
0.8978370998455071
0.06991700499407179
0.8737469909819281
0.07049186217799018
0.7903567707397695
0.05317428951244921
0.7038766931340497
0.030683002191642994
0.6506844393346028
0.02572485898034704
0.6138756152768298
0.03930585995041854
0.5868932562066612
0.06043186145941863
0.5861567204397657
0.08292314878022493
0.5898753278482378
0.089246577803327
0.6141450795817915
0.08364172026012287
0.7206733014766646
0.06768943340638804
0.8475191319656524
0.053389860956418664
0.9004598857471349
0.04024000287428594
0.9039629217116374
0.021413430100959297
0.8537707038407648
0.007042000503000029
0.7681349477239248
0.0
0.6936550138325012
0.02083857291704091
0.6347860453418604
0.06201271871519421
0.5976897926921282
0.11863615133115366
0.6151331153666512
0.19027772787698058
0.6748643696331693
0.2736320195451443
0.7433262673804478
0.32206373729026705
0.7873926633851903
0.3768907412064813
0.7604103043150219
0.41554988682499205
0.6776667984047715
0.40649588617827753
0.6057916861279776
0.35691445406531813
0.567797219128373
0.2513563036683075
0.5715158265368449
0.15255272518233748
0.6241511874393707
0.08076743434053102