0100000000
0.1855791112708109
0.08872918912444604
0.20687507485926454
0.10568930410827641
0.2477901545095221
0.10415618636962512
0.26357647622469754
0.13817223619595145
0.26954126242663784
0.11996646304946701
0.2891843334531081
0.12025392262546408
0.31493592046951735
0.17947059528087186
0.3278236914600551
0.1868487243981314
0.3471553479458618
0.19192717690741404
0.4251527128997485
0.21291172595520416
0.4096059408312373
0.2739489759252604
0.45119175949215445
0.46587615283267453
0.4869565217391303
0.7520900706671458
0.5336687028386633
0.6875074859264584
0.5560186848724398
0.4948137501497186
0.5590849203497423
0.2925380285064078
0.54099892202659
0.24702359564019644
0.5163732183495029
0.17669181937956646
0.5047550604862856
0.12188286022278118
0.5092346388789077
0.12034974248412984
0.49366391184573005
0.1422924901185769
0.5058330338962749
0.11105521619355609
0.6018205773146484
0.0
0.642735656964906
0.005461731943945333
0.6813989699365192
0.053180021559468146
0.7473469876631931
0.1810037130195232
0.7772427835668941
0.2679123248293207
0.8471912803928614
0.31419331656485816
0.9756378009342437
0.5181937956641515
1.0
0.5905377889567612
0.9358006946939754
0.47373338124326253
0.889016648700443
0.550868367469158
0.8584501137860825
0.47402084081925955
0.779302910528207
0.3080608456102525
0.7714217271529525
0.24798179422685343
0.9263624386154029
0.246448676488202
0.9967181698406995
0.24913163253084192
0.8553120134147801
0.2957000838423761
0.7565456940951013
0.5031500778536349
0.7705593484249611
0.48571086357647597
0.767301473230327
0.38490837226015084
0.9209965265301233
0.7163492633848365
0.9415019762845849
0.6424721523535749
0.8001916397173314
0.6297281111510361
0.7566654689184332
0.5176188765121571
0.7836627140974965
0.49289735297640436
0.7656485806683436
0.40646784045993534
0.836076176787639
0.3462929692178703
0.7833273445921668
0.23542939274164568
0.6966343274643669
0.20294646065397046
0.7549646664271169
0.14583782488920813
0.7905617439214276
0.21003713019523296
0.7685950413223138
0.2674332255359924
0.8066834351419332
0.3783926218708827
0.854617319439454
0.3554916756497783
0.8577314648460893
0.34131033656725357
0.8057491915199425
0.5320876751706791
0.7840459935321594
0.6011737932686547
0.7775062881782249
0.6159300515031743
0.8142292490118578
0.5705114384956282
0.8384237633249493
0.5466522936878669
0.8415858186609173
0.5885255719247813
0.9012815906096536
0.5298838184213679
0.8984069948496826
0.4813031500778534
0.8332255359923344
0.4655886932566773
0.7295963588453707
0.32367948257276313
0.663097376931369
0.23638759132830275
0.6566534914361
0.31371421727152937
0.63466283387232
0.36871481614564616
0.673637561384597
0.43530961791831335
0.7334770631213319
0.5152233800455143
0.724805365912085
0.5269134028027309
0.7788956761288774
0.48015331177386505
0.8722721283986106
0.4057971014492752
0.9113666307342196
0.3737932686549288
0.8612528446520541
0.3466762486525333
0.7698406994849684
0.3012576356449875
0.783734578991496
0.1768834590968978
0.8163372859025033
0.08844172954844887
0.8475745598275243
0.10329380764163358
0.8407713498622588
0.19365193436339684
0.7991855312013415
0.298478859743682
0.7478021319918552
0.38452509282548814
0.7702479338842976
0.5034375374296319
0.7695771948736376
0.4137501497185292
0.7417415259312492
0.30240747394897577
0.7469397532638639
0.33489040603665093
0.8045274883219545
0.2909090909090907
0.8925619834710742
0.19211881662474545
0.9233441130674334
0.17075098814229248