0100000000
0.14491104055592158
0.059342239261966086
0.9811897202420177
0.5930749415922841
0.9768046486551247
0.5521476067812854
0.9685017672078113
0.5348469418319053
0.9782184149044506
0.5716048643143833
0.9629066075600549
0.62149403941772
0.9244114299406933
0.6261426945426225
0.8949979033127656
0.6034745102737671
0.8661355059006766
0.5910141975678427
0.8224165818007547
0.5913017432456716
0.7744923021625829
0.5951836098963637
0.7474749895165637
0.6041454501887019
0.7303540406158268
0.6143533217516322
0.7265680225244112
0.6205834781045947
0.7312526208590425
0.6202480081471275
0.745893488288504
0.6187144311987058
0.7723596717186844
0.6189061283172587
0.7993769843647035
0.6201521595878512
0.7994967950637989
0.6239381776792666
0.7597675672437546
0.6263343916611753
0.7178937279099021
0.6247528904331157
0.6979572275804228
0.6263823159408133
0.6541424549212244
0.6351045348349605
0.6424010064098722
0.6485712574132869
0.6578086623135446
0.6652009824477323
0.6664709758581442
0.6825495716767502
0.6997424069969447
0.697837416881327
0.693727909902354
0.7121188522135027
0.654441981668963
0.72922782004433
0.6326963397831425
0.7461450907566045
0.6194213143233689
0.7589408734199962
0.5926076798658119
0.7678547894326962
0.5586054034625292
0.7782064338345414
0.5440843467321629
0.7898520337866171
0.5617684059186484
0.7994368897142514
0.6541544359911339
0.8022644222129035
0.6813514646857961
0.8023602707721799
0.7062121847480979
0.7960342658599412
0.6543581141795961
0.7878392140418135
0.5741807943449349
0.7758581441322709
0.5189840052716707
0.7621038758761157
0.47985383094710343
0.7424549212244653
0.39999999999999986
0.718349008566465
0.3633858503564367
0.694338944467741
0.4482118253160005
0.6839393757862572
0.6594740310309708
0.7055532259030731
0.6626609956269094
0.7444198166896302
0.5543521236446413
0.7366560833882465
0.4406996944827174
0.7021026777691246
0.38181273587731374
0.6602168573653624
0.3696639309890372
0.6132989875995926
0.37654106511711477
0.6099442880249205
0.3591804948181871
0.6465105133888456
0.40300724854729514
0.5832025399868206
0.5019229617204813
0.5241598274725932
0.48027316839393736
0.5648475408854009
0.40498412508236964
0.5534415623315161
0.39973641646199
0.5814293416402083
0.4060624213742286
0.6498172886838792
0.4073443958545497
0.7178697657700829
0.41635416042652584
0.7274066974180793
0.41958904930210267
0.7665129096028275
0.40280357035883296
0.7927754148445454
0.37721200503204916
0.8309231414365301
0.33839333852513015
0.9691846881926557
0.3451266998142933
1.0
0.37433654825375906
0.915461570718265
0.409225423830348
0.7832384831965493
0.4334990714670817
0.599784340741628
0.49890373210327665
0.49142754447972203
0.5114718744383872
0.46976577008326836
0.5017672078116573
0.49281734858922893
0.5103216917270711
0.5200862637033487
0.5208410711076499
0.5496555442401007
0.5230455879710056
0.5801353860899776
0.5171628826454201
0.6121488048882763
0.5187204217336606
0.6430120409752591
0.5126699814293415
0.6644341939735215
0.5087282094291019
0.6710956688432274
0.512262625052417
0.6744024441382611
0.49959863415803013
0.6656802252441139
0.4821541963697355
0.6506320014377281
0.4672377643323548
0.6326603965734139
0.44931408374767856
0.6020367818846222
0.43499670520577477
0.5711256215180013
0.4232672377643323
0.5389684298807883
0.4122206913077337
0.5070029353621278
0.41024381477265914
0.4746061223267236
0.4317618163301981
0.4807883544000477
0.0
0.017073024621098665