0100000000
0.2835071549842348
0.10613630851321837
0.3005335920446277
0.1023526558331311
0.31609265098229444
0.1008974048023283
0.32261702643706025
0.09910259519767145
0.3295052146495268
0.0894979383943729
0.331712345379578
0.07620664564637396
0.3320276497695852
0.07276255154014055
0.3563545961678389
0.06626243026922142
0.3780620907106474
0.05069124423963119
0.38561726897889875
0.03410138248847927
0.376073247635217
0.01518311908804267
0.3676813000242542
0.0018433179723502063
0.3655226776618966
0.0
0.36429784137763754
0.004656803298568976
0.3698399223866117
0.02027649769585247
0.38104535532379324
0.045452340528741204
0.3808877031287896
0.07242299296628665
0.36691729323308264
0.10327431481930631
0.3508731506184815
0.12587921416444328
0.33333737569730765
0.1350958040261945
0.3047053116662624
0.1273829735629395
0.2551661411593498
0.1005578462284744
0.22555178268251272
0.07465437788018434
0.2325127334465195
0.05690031530438999
0.25115207373271886
0.053553237933543434
0.27367208343439237
0.05423235508125155
0.2885762794081979
0.05602716468590826
0.30107931118117864
0.06757215619694394
0.32133155469318453
0.08775163715740965
0.31889400921658984
0.11040504487024004
0.294191122968712
0.1273344651952462
0.31685665777346583
0.15251030802813473
0.35817365995634237
0.17938394373029345
0.3472956585010914
0.21950036381275778
0.2749211739024982
0.27698277952946887
0.25443851564394854
0.3386369148678147
0.24112296871210281
0.374339073490177
0.21325491147222894
0.40271646859083204
0.17088285229202027
0.4795537230172205
0.21363085132185292
0.5117632791656561
0.31456463739995144
0.48459859325733656
0.38303419839922404
0.47693427116177545
0.36884550084889633
0.48784865389279636
0.3451491632306573
0.4974533106960949
0.3343075430511764
0.509143827310211
0.2847562454523405
0.5352898374969682
0.26896677176812994
0.541741450400194
0.366626243026922
0.5306815425660925
0.47362357506669883
0.5285956827552752
0.5117754062575794
0.5316032015522677
0.47734659228716936
0.5390734901770553
0.43138491389764744
0.5445549357264128
0.3747756487994179
0.54309968469561
0.32357506669900554
0.5479020130972593
0.2712345379577977
0.5511520737327188
0.2471865146737811
0.5593499878729078
0.2650982294445791
0.5679844773223383
0.32306572883822454
0.5672568518069369
0.36692942032500614
0.5597380548144554
0.4144069852049478
0.5478535047295658
0.39681057482415716
0.5236478292505456
0.3915837982051903
0.4964346349745328
0.40363812757700696
0.47174387581857874
0.42510308028134863
0.44894494300266785
0.4623453795779772
0.4523405287412077
0.5201916080523891
0.4738297356293959
0.5782803783652681
0.4753334950278922
0.6078947368421054
0.46262430269221444
0.6326461314576763
0.4447247150133395
0.668590831918506
0.44098957070094563
0.7130730050933788
0.4515158864904196
0.7360053359204463
0.47625515401406726
0.7448944943002671
0.49648314334222654
0.7442638855202521
0.5087072520009701
0.7524981809362115
0.5110356536502546
0.7686878486538927
0.5056997332039777
0.7874120785835557
0.5009944215377151
0.8018796992481203
0.4919233567790444
0.8180572398738782
0.4811544991511036
0.8382245937424204
0.4638370118845501
0.8631700218287655
0.45098229444579196
0.8921658986175116
0.45549357264128065
0.9231627455736113
0.4856172689788987
0.9462284744118361
0.5171477079796265
0.96390977443609
0.5305360174630124
0.9710283773951007
0.5427116177540625
0.9704947853504728
0.5430026679602232
0.9739995149163229
0.5438758185787048
0.9886369148678149
0.5598350715498422
1.0
0.588746058695125