0100000000
0.3510470110965278
0.8844409974943324
0.4243974466054168
0.9059181481923396
0.386588712564133
0.9856222407827224
0.1713995943204868
1.0
0.16708924949290058
0.9591934136737857
0.24600286362009297
0.9526309509605053
0.3354760768404723
0.9649206538599209
0.4520791075050708
0.8571769478582506
0.46502505667581423
0.6902517599331818
0.5108131487889274
0.5566758143419639
0.5371674024579404
0.45811955613888555
0.5106043431571411
0.3588473929125401
0.5259664717814103
0.29763751342321915
0.5542596348884381
0.2199618183987591
0.5995107982341006
0.07445412241975896
0.6097571888796086
0.07057630354372983
0.5772282543849182
0.1925784512587996
0.5627460923517479
0.2607087459730342
0.5099928409497673
0.17784273952988902
0.44942429304378945
0.15833432764586566
0.43046772461520083
0.18941653740603742
0.4261573797876146
0.23314640257725808
0.388393389810285
0.33009187447798566
0.3646492065385991
0.35127073141629855
0.3929871137095811
0.3853955375253548
0.41240603746569604
0.37978761484309725
0.3728821143061686
0.3590860279202958
0.34886946665075746
0.3397565922920891
0.3295102016465815
0.32293282424531666
0.33933898102851673
0.32830211191981856
0.33529710058465567
0.3053334924233384
0.34478284214294225
0.2696575587638705
0.3369078868870061
0.2113112993676172
0.4025026846438372
0.30688461997375005
0.4513781171697888
0.33575945591218226
0.4613560434315712
0.32830211191981856
0.44265302469872314
0.2934614007874955
0.4484846677007516
0.22932824245316782
0.4047846319055004
0.2503877818876028
0.3611889989261423
0.26118601598854546
0.3081672831404366
0.2291492661973512
0.298025295310822
0.273952988903472
0.4433987590979595
0.2832597542059419
0.5099033528218588
0.25384798950005955
0.6121137095811955
0.2314162987710297
0.4917670922324304
0.244362247941773
0.3865887125641331
0.2827824841904306
0.39024281112039133
0.2966233146402576
0.35479059778069416
0.337250924710655
0.3296742632144134
0.30807779501252813
0.3859324662928051
0.20104999403412485
0.5041313685717694
0.2006323827705524
0.5658334327645865
0.14079465457582627
0.593485264288271
0.053394582985323936
0.4855625820307838
0.029471423457821243
0.41239112277771134
0.019150459372389933
0.3959103925545876
0.021536809449946313
0.37589488127908355
0.03144016227180524
0.2963697649445172
0.02565326333373103
0.24528695859682612
0.018971483116573203
0.24422801574991043
0.014497076721154994
0.24943324185658036
0.005548263930318571
0.28461699081255204
0.0013124925426560127
0.3124030545280992
0.002326691325617472
0.31223899296026714
0.002565326333373116
0.3662003340890108
0.003877818876029115
0.33562522372031967
0.0
0.25727836773654683
0.0005965875193891004
0.23844111681183627
0.002147715069800744
0.28479596706836885
0.010082329077675702
0.31638527622002144
0.01467605297697173
0.3153263333731057
0.02547428707791433
0.2855715308435747
0.03281231356640019
0.30238038420236235
0.04713041403173841
0.3422473451855387
0.057749671876864306
0.34253072425724845
0.06067295072187089
0.34467843932704917
0.051306526667462084
0.35215069800739757
0.053215606729507224
0.3642465099630115
0.04868154158215007
0.3798472735950363
0.03847989500059657
0.37701348287793807
0.036988426202123836
0.39881875671160943
0.03496002863620093
0.40969156425247577
0.02565326333373103
0.4181929364037704
0.020940221930557192
0.4170892494929005
0.024579405798830705
0.41303245436105473
0.017360696814222656
0.4011156186612575
0.025533945829853254
0.3704211907886886
0.03084357475241616
0.3373851569025175
0.01646581553513901
0.3265720081135902
0.020403293163107027