0100000000
0.49139523359012466
0.6071991710591517
0.47938910663603174
0.5674640717214039
0.47215839978375446
0.5566517997927647
0.4703676172455736
0.5422804883542821
0.4732171014101003
0.5155201153309003
0.47540208136234613
0.4902464296977066
0.47589764382574207
0.44023967202775144
0.4737014010902373
0.444609631932243
0.4649952696310311
0.4344731269991438
0.45003829346308033
0.3733837906023335
0.4265891787178447
0.3461729062485921
0.39938955714736224
0.356669820245979
0.3760530702347164
0.4574942559805376
0.36030769923863576
0.4575843582466098
0.346026490066225
0.4338424111366402
0.3336599540478441
0.36581520025228625
0.33095688606568446
0.36644591611479
0.3224647474883992
0.41001036176059824
0.3160787493805468
0.42721989458034865
0.31092039464792537
0.38928684056403984
0.2990268955264222
0.42870658197053635
0.2901518223183312
0.4779925215119159
0.28810199576519346
0.46253998288056936
0.28796684236608544
0.43996936522953545
0.28806820741541633
0.5909357120331576
0.2867842501238905
0.7044645672838672
0.3022367887552371
0.714826327882146
0.30290129296751794
0.8204712348515563
0.31231697977204115
0.8097941163220252
0.303227913682029
0.7769518403387843
0.27689552642248944
0.9191782673334229
0.2657904221291164
0.9899085461999366
0.24959453980267599
0.9850880749650851
0.23981844393386492
1.0
0.1938212371041132
0.857413163941073
0.1661147902869756
0.7388385817903319
0.15227282966166591
0.6973464882641798
0.11381042483218447
0.651979997296932
0.1533090057214938
0.5532279136820291
0.2569716628373203
0.5040771275397574
0.23136009370635663
0.487047799252151
0.2037324863720322
0.45114204622246223
0.17398747578501592
0.42280488354282103
0.19655809343604985
0.40604586205343046
0.25591296121097434
0.3780691084380769
0.2945668333558588
0.38761994864170835
0.3291097896112087
0.47727170338333996
0.3332995449835562
0.5560661350632965
0.3128238050186961
0.585709780600982
0.2983060773978464
0.5462449880614497
0.25709555345316915
0.5152948596657204
0.20587241519124191
0.5621029868901202
0.17919088165067348
0.608595756183268
0.14898409695003823
0.6717574446997343
0.14583051763751842
0.7396495021849796
0.1649547236112987
0.7895661575888633
0.16583322070550074
0.8047483894219938
0.15186736946434198
0.7978105149344505
0.1721854304635761
0.7783934765959362
0.20649186827048693
0.7383880704599719
0.1759584628553407
0.6676127404604221
0.09802000270306793
0.563499572014236
0.09880839753119786
0.41924584403297704
0.11051042933729772
0.26201738973735167
0.12041041582195784
0.13830697842050718
0.10567869531918718
0.06419786457629405
0.10260395548948055
0.018065504347434272
0.09904491597963684
0.0
0.09300806415281336
0.0062170563589673995
0.10285173672117849
0.015452538631346477
0.11012749470649184
0.02558904356444561
0.10972203450916784
0.032211560120737
0.10357255484975446
0.0346893724377168
0.09452853989277822
0.03288732711627693
0.09230977159075543
0.030860026129657037
0.09860566743253579
0.02838221381267731
0.09304185250259035
0.026535117358201524
0.09779474703788796
0.02838221381267731
0.11809028247060402
0.03595080416272464
0.1329571563724827
0.0683876199486417
0.1340609091318646
0.12907149614812807
0.12819299905392612
0.20101815560661346
0.13069333693742385
0.2626481055998558
0.1342523764472676
0.3059872955804837
0.1378789926566653
0.3309456232824254
0.14361174933549573
0.3331531288011893
0.15077487948821905
0.31693472090823055
0.1580393746902734
0.30017569941884037
0.16640762265170966
0.29904942109294036
0.17619498130377972
0.31369103932963915