0100000000
0.31113790639514116
0.8010003572704535
0.3160057163272597
0.8775455519828512
0.3198687031082529
1.0
0.31817166845301886
0.9740085744908895
0.28932207931404064
0.9815112540192922
0.2687566988210075
0.9254197927831366
0.2789835655591282
0.8239549839228293
0.3109592711682743
0.7292783136834582
0.3365934262236513
0.681850660950339
0.35092890317970704
0.67577706323687
0.33911664880314396
0.7174883887102533
0.322347266881029
0.7098963915684172
0.29890139335476956
0.676223651304037
0.2825116112897463
0.6585387638442298
0.28101554126473743
0.6120042872454446
0.2513844230082172
0.6594319399785634
0.17238299392640236
0.4581993569131833
0.16534923186852452
0.2517863522686674
0.15387191854233664
0.12343694176491612
0.16112897463379783
0.1451411218292247
0.18131475526973925
0.10342979635584144
0.20922650946766705
0.07931404072883183
0.21351375491246866
0.08681672025723469
0.224365844944623
0.09208645944980354
0.2313102893890675
0.09449803501250455
0.2339451589853519
0.10360843158270822
0.23711593426223648
0.07752768846016436
0.23369953554841014
0.008842443729903525
0.2403090389424795
0.006698821007502712
0.35269292604501606
0.008306538049303312
0.40096909610575204
0.007859949982136589
0.35912379421221857
0.012951053947838619
0.3507279385494819
0.025455519828510232
0.3559976777420508
0.03653090389424798
0.361758663808503
0.024115755627009697
0.3704448017148982
0.0
0.38714719542693804
0.017595569846373723
0.3957216863165414
0.03394069310468032
0.3933547695605573
0.06573776348695963
0.41673365487674163
0.0952125759199715
0.4353117184708824
0.07797427652733117
0.4466327259735619
0.07627724187209715
0.47059217577706325
0.05823508395855667
0.5187343694176489
0.05260807431225443
0.5497722400857447
0.042068595927116814
0.5600214362272238
0.03635226866738124
0.6106645230439441
0.0549303322615221
0.7208377992140049
0.06404072883172561
0.7970257234726684
0.0830653804930332
0.8291577349053232
0.09467667023937117
0.8520453733476236
0.10173276170060747
0.873526259378349
0.07574133619149691
0.8644381922115038
0.10334047874240807
0.8675196498749552
0.1479099678456592
0.7480573419078239
0.13674526616648797
0.6241068238656662
0.13210075026795287
0.4627992140050017
0.13352983208288682
0.4034253304751695
0.11093247588424443
0.37971150410861004
0.1644337263308324
0.38652197213290446
0.18971061093247585
0.28876384423008217
0.13924615934262247
0.24513219006788134
0.15603787066809574
0.35878885316184334
0.07020364415862819
0.37238745980707394
0.07868881743479812
0.28130582350839584
0.09003215434083606
0.2528358342265095
0.11709539121114677
0.2438817434798142
0.1022686673812076
0.24548946052161483
0.07788495891389784
0.34912022150768124
0.09807073954983918
0.451522865309039
0.08619149696320119
0.4313594140764558
0.06591639871382644
0.3708913897820652
0.05501964987495543
0.3637013219006789
0.06002143622722405
0.37966684530189354
0.09056806002143619
0.40990085744908894
0.1485351911396928
0.5314397999285458
0.1699714183637013
0.4623972847445515
0.08127902822436574
0.38616470167917094
0.17220435869953546
0.40440782422293675
0.4151482672382995
0.4225169703465523
0.6025366202215076
0.4228519113969274
0.6884601643444086
0.43307877813504814
0.6645230439442653
0.40487674169346194
0.45560914612361547
0.3664924973204716
0.3006430868167203
0.33302072168631647
0.39505180421579134
0.3553947838513754
0.4531975705609147
0.3762727759914255
0.43694176491604153
0.34206413004644515
0.40005359056806
0.3471105752054305
0.29537334762415146
0.35602000714540905
0.18908538763844235