0100000000
0.12024161507899843
0.045920724383257866
0.14651667744617944
0.220779820752102
0.171659890972928
0.3527672549200775
0.19385798761895962
0.35309064030305837
0.2061350826942622
0.3111429363392775
0.20580014783331793
0.3399704333364132
0.19765776586898273
0.3465767347315901
0.18663956389171207
0.2924789799501063
0.17764252055807073
0.23126674674304712
0.16722489143490715
0.19416982352397666
0.15397764021066251
0.17679940866672814
0.13872077982075207
0.1610459207243832
0.1273907419384644
0.13956389171209457
0.12751778619606394
0.12307123718007947
0.1310519264529243
0.11914441467245679
0.1357987618959623
0.12787582001293546
0.13726554559733897
0.14007206874249284
0.13863993347500694
0.1416427977455418
0.14039545412547352
0.13175644460870367
0.1360297514552342
0.12223967476670054
0.13053219994456253
0.11609535249006746
0.13525593643167325
0.11572576919523232
0.19783100803843665
0.11923681049616557
0.2546197911854383
0.12551972650836182
0.29024993070313215
0.12510394530167238
0.30332393975792293
0.11923681049616557
0.31519680310449966
0.10699436385475376
0.32867504388801616
0.09327358403400166
0.3270927654070036
0.08015337706735656
0.3024230804767624
0.07179155502171301
0.28582648064307487
0.06906587822230434
0.2793125750716068
0.06615540977547815
0.27770719763466684
0.06222858726785548
0.255890233761434
0.057885983553543394
0.23605978009793954
0.05169546336505588
0.2377806523145153
0.04587452647140346
0.22880670793680125
0.03945301672364409
0.2350896239489975
0.044026609997228155
0.25088930980319685
0.061397024854476547
0.23946687609720033
0.0765499399427146
0.24339369860482302
0.09239582370876837
0.2869121315716529
0.09341217776956483
0.3446017739998152
0.054282546428901415
0.41485724845237
0.022775570544211376
0.44693014875727616
0.021990206042686877
0.465374665065139
0.02037327912778341
0.48803474082971443
0.0007853645015245301
0.5312297884135636
0.0
0.531333733715236
0.002540885151991148
0.49835997412916944
0.005127968215836659
0.49967661461701923
0.006375311835905041
0.493936524069112
0.005497551510671732
0.4916150789984292
0.00692968677815764
0.49540330777048885
0.012288644553266198
0.4723851981890418
0.02328374757460964
0.43591194678000555
0.034278850595953064
0.40799685854199375
0.04365702670239306
0.3885128892174074
0.04832301579968586
0.3836967569065877
0.05451353598817336
0.37217037789891894
0.061166035295204646
0.3593851057932182
0.06476947241984661
0.35213203363207973
0.06851150328005175
0.3201630786288459
0.07548738797006375
0.29204009978748957
0.08518894945948444
0.2793241245495704
0.09854014598540141
0.2797514552342234
0.14741753672733984
0.26857156056546244
0.255890233761434
0.32950660630139517
0.34149496442760774
0.34795112260925803
0.38903261572576925
0.3245865286889033
0.41106901968031045
0.32560288274969973
0.43601589208167774
0.3405710061905201
0.4657211494040469
0.3373371523607132
0.4850780744710337
0.3407095999260833
0.49699713572946513
0.35371431211309246
0.5010625519726506
0.3658297144969047
0.5046659890972925
0.37356786473251397
0.5111798946687609
0.3835119652591702
0.5255474452554745
0.39875727617111695
0.5563614524623486
0.4009632264621639
0.5760417629123163
0.3987457266931535
0.5825556684837845
0.39078813637623566
0.5985863438972558
0.38300378822877196
0.6515753487942344
0.392751547630047
0.7608796082417073
0.40208352582463275
0.8752656379931625
0.38733484246512045
0.9387877667929408
0.3143421417351934
0.9602697958052296
0.25116649727432316
0.9758384921001569
0.20069527857340846
0.9962117712279404
0.17183313314238194
1.0