0100000000
0.3807714174571352
0.10006283850504169
0.3574314012986624
0.10078099284837976
0.3299619976659984
0.11693946557347634
0.3003979771985995
0.12005146772793937
0.29477243484245486
0.12711331877075932
0.29288727969119366
0.1620634968131901
0.31440198689368337
0.22370507794966926
0.4051288189353361
0.3103623687124089
0.5157545109069691
0.39701965947514856
0.6689308477213559
0.4697926329333612
0.8356623477662407
0.5499865346060624
0.9464376552260686
0.6480146024716477
1.0
0.7180346509470658
0.9571800472784942
0.7180346509470658
0.8762081450671768
0.7051078727669888
0.8177084891828
0.7213860378826413
0.782279541578144
0.7678266854184747
0.7520272898650467
0.8052904036625872
0.7332056614500733
0.8021784015081239
0.7078009515545046
0.754780214847841
0.6864957060354886
0.6715940034112331
0.6648613064424427
0.5478320715760495
0.6486729106197071
0.39582273556958597
0.6125557317693526
0.2913312786139623
0.5902031778329692
0.2547054071037433
0.5831413267901492
0.27170172656273406
0.66943954038122
0.30784882851072737
0.698165714114725
0.40563751159520034
0.5279930578413475
0.5629133127861395
0.4161105957688739
0.6458601394416348
0.33941769651994375
0.6618989197761748
0.2896555851461743
0.6326939764804449
0.262455489392262
0.5765582453095544
0.6084861904904394
0.487866183907358
0.933750261827104
0.38971842365121606
0.8886262305873899
0.32328914689248633
0.6761123911547321
0.3165863730213353
0.6009156467877551
0.3447140848020589
0.46973278673808294
0.38110057153116494
0.4077919746252132
0.396181812741255
0.3854094975911906
0.41329782459080167
0.3798438014303242
0.45830216343995916
0.55647984679374
0.4630898590622102
0.7171668811155331
0.4217959843202969
0.8240222627846433
0.39115473233789166
0.6901762470450938
0.3700888715999882
0.5921182560818695
0.37224333463000087
0.4886441844459735
0.3754750291750201
0.4092582064095274
0.33920823483646984
0.362069481432718
0.3751159520033511
0.22897154313414528
0.6487327568149849
0.23214339148388644
0.9307280289655577
0.31386337113618007
0.8962566204853524
0.42810975792214007
0.7280888117537927
0.5149166641730749
0.6097130374936408
0.5073461204703908
0.506059427271911
0.4940303420210057
0.38014303240671476
0.5146772793919626
0.33968700439869537
0.37646249139710936
0.37344025853556345
0.30725036655794624
0.42131721475807177
0.27726742272360033
0.4142553637152517
0.24779317154911865
0.4851132589245636
0.30572428857835365
0.6449026003171848
0.36305694365480734
0.7391005116849695
0.3906759627756666
0.7505909811783716
0.44151530566444225
0.8049313264909181
0.4904395703043178
0.8216882611687962
0.5088123522547054
0.7787186929590952
0.4739220204075524
0.7915257787486161
0.46042670337233293
0.743050360573326
0.43502199347676446
0.5115652772374993
0.47317394296657606
0.3589574792782545
0.48882372303180815
0.37750979981447697
0.4741913282863039
0.4385529189981748
0.4634190131362397
0.49959603818187237
0.4178461354319398
0.5558514617433191
0.3796343397468505
0.5886471767557372
0.4004009695083634
0.5788324007301234
0.4237709087644754
0.5248511325892452
0.4198809060713964
0.4319698375175799
0.4211675992698763
0.3077291361201712
0.4477393099733682
0.18552320536221917
0.4450761542834914
0.11275023190400656
0.4026452018312935
0.11155330799844396
0.39235165624345425
0.09599329722612894
0.41608067267123483
0.06020527244980414
0.43376522337592394
0.036865256291331125
0.45297585206020535
0.010293545587839348
0.4579730093659296
0.0
0.44262246027708785
0.008617852120051348