0100000000
0.6980037833532461
0.7852449223416968
0.734493229788929
0.7133612106730388
0.7521156909597769
0.5867184388689765
0.7652578653922741
0.5177220230983676
0.7790720828355236
0.48158104340900043
0.7961718438868978
0.46863799283154123
0.8206640780565513
0.4628634010354441
0.8329350856232578
0.44414575866188755
0.8582984866587018
0.44125846276383934
0.8506322182397452
0.4537037037037034
0.833109318996416
0.478494623655914
0.8089904420549585
0.528574273197929
0.7749153723616092
0.5739745121465555
0.7375796495420155
0.6078255675029871
0.7218239745121467
0.6200716845878139
0.7318548387096776
0.6124054161688571
0.7352150537634411
0.6082238152130625
0.7532606531262447
0.5831342094782958
0.7622212266029473
0.5268817204301078
0.770982676224612
0.49143767423337315
0.7820091596973319
0.4622660294703304
0.8154868578255676
0.41387893269613707
0.8457287933094386
0.33004778972520904
0.8610613301473518
0.2623456790123457
0.8712913181999205
0.27807646356033444
0.8749502190362408
0.32367582636399844
0.8853295499800881
0.37196336121067297
0.8556600955794507
0.39964157706093195
0.8435882118677822
0.4311031461569098
0.8415471923536441
0.4745121465551575
0.830819394663481
0.5074671445639184
0.8666865790521707
0.5206093189964159
0.8800029868578259
0.5022899243329353
0.8626792114695343
0.48148148148148184
0.830446037435285
0.4780963759458385
0.785518717642374
0.47700119474313024
0.7448974512146557
0.49233373158104304
0.7390232974910395
0.4773994424532057
0.6755525686977302
0.44006371963361235
0.5539127837514936
0.3885902031063324
0.4318249701314218
0.32536837913182004
0.44093488649940266
0.14954201513341278
0.5195141377937077
0.013639984070091316
0.4599512146555159
0.0
0.4864595778574273
0.22361608920748716
0.46293807248108343
0.37405416168857003
0.4447182397451215
0.24601752289924333
0.5159547988849068
0.18279569892473105
0.6227847471127042
0.12674233373158114
0.6728395061728396
0.13271604938271594
0.6666168857029074
0.2757865392273996
0.645410195141378
0.4864595778574275
0.6032706093189966
0.7005177220230983
0.5943349263241737
0.7500995619275189
0.6036688570290724
0.7195340501792117
0.5203355236957388
0.6632815611310238
0.48802767821585025
0.5915969733174036
0.4862604540023895
0.5328554360812423
0.4376244524093985
0.43269613699721216
0.3308691756272403
0.523197929111908
0.2825567502986859
0.6894663480684982
0.28564317005177225
0.8026682596575074
0.3072729988052567
0.868677817602549
0.3579500199123856
0.9600756670649145
0.256347072879331
0.9820788530465954
0.2754380724810832
0.9277180406212668
0.3539177618478695
0.930007964954201
0.35394265232974903
0.9601752289924335
0.38164575866188777
1.0
0.43399044205495807
0.9218438868976506
0.434090003982477
0.8051573078454797
0.4147749900438073
0.6241537236160891
0.42605037833532444
0.41367980884109906
0.43000796495420174
0.38590203106332166
0.4169404619673436
0.5109518120270811
0.44382218239745125
0.5115491835921941
0.4800627240143369
0.4180605336519312
0.5136150935882119
0.3811230585424133
0.5446037435284748
0.40900039824771034
0.5671296296296298
0.4539028275587414
0.5973217841497412
0.5297690163281559
0.6286091198725609
0.5734767025089607
0.6426473516527282
0.6292313819195541
0.6482228195937874
0.671545201115094
0.6220380326563122
0.7203305455993626
0.6267423337315812
0.7701115093588216
0.6277130625248908
0.8355236957387493
0.603594185583433
0.8772401433691761
0.5978195937873358
0.8769414575866193
0.5855236957387496
0.8741537236160893