0100000000
0.3946240418927762
1.0
0.36480922316771885
0.8407905572330493
0.32084714626575705
0.6736417576384636
0.35752444097214886
0.6474587723558352
0.39310373952152683
0.6695031567389508
0.3732342321417259
0.5780316307354461
0.36970797525285576
0.5308177959838679
0.3652737600033784
0.520513524356511
0.36189531028949085
0.43495428535230896
0.3558141008044931
0.6009206275470341
0.3409911526848117
0.746954116429823
0.3604594691610886
0.802529614223273
0.36793428915306464
0.7687451170843975
0.32162841276209364
0.6716991490529779
0.2845499271521779
0.679385122152072
0.23495006229016654
0.7528664034291258
0.2676365632720286
0.7587786904284294
0.29162355624063
0.7706877256698832
0.27724402964589623
0.7371566122595494
0.2500897400705249
0.6726282227242971
0.2389197407039844
0.6706011528959648
0.24677463628877283
0.7439135116873244
0.2536793428915307
0.7242340421039293
0.23038915517641828
0.691547541122067
0.19404970544141548
0.7149433053907389
0.13556029476973744
0.7120716231339338
0.08661500453979178
0.6564116640976367
0.03443907177094107
0.6461918537131273
0.05901729343947289
0.6358031208429228
0.04189277645220544
0.672881606452839
0.0378175214848286
0.7242340421039293
0.050233324183365374
0.7144365379336555
0.032475347874744015
0.6355497371143817
0.041428239616545987
0.6031166198610612
0.0595240608965561
0.6317489811862579
0.05715914609683474
0.6480500010557656
0.022086615004539765
0.6655334783251334
0.0
0.6364788107857
0.012521379252095602
0.7030342701492847
0.13165396228805507
0.7255854219894843
0.2102873793787876
0.7253320382609427
0.2729998521928249
0.6099579805316835
0.27116282016089843
0.44390717709411065
0.18230959268565622
0.3576722481471313
0.13539137228404308
0.3187356151945775
0.10891277265144951
0.3571654806900483
0.08300428640807447
0.4167106568973163
0.08002702759771108
0.43309613800967084
0.07736649844802457
0.5521864904242064
0.0538440423150826
0.5028611246014484
0.11250237547245502
0.36907451593150153
0.42027914440760983
0.38360184970121824
0.5607593065731961
0.41552819949745534
0.6966996769357459
0.40007179205641985
0.6833548005658902
0.4429781034227914
0.4427036043835382
0.51181401634325
0.3137735171773052
0.5233007453704679
0.3197491501087438
0.5058172681011001
0.31472370615933604
0.46755632509132367
0.3078401148672903
0.4946683840452713
0.3272028547900082
0.44863700669355333
0.34449629426297
0.40108532697058596
0.49998944234464404
0.381828163601427
0.641546485356532
0.37768956270191495
0.606452838953525
0.2514200046453683
0.47300407525496735
0.18021917692518838
0.43527101501298576
0.25716336915897703
0.4284507696530753
0.2508287759454379
0.4217149855360119
0.254882915602103
0.38444646212968986
0.2557275280305748
0.41081948520872474
0.2480415549314809
0.4122342110264151
0.26797440824341723
0.4261703160962012
0.2841909668700774
0.41424016554403587
0.24525433391752352
0.36932789966004326
0.25699444667328264
0.36071285288963023
0.29145463375493563
0.3107540277455182
0.3181443864946473
0.2935450495154034
0.3758314153592771
0.28706264912688184
0.4329272155239761
0.2858168457948857
0.46899216621972556
0.26522941785088355
0.5589433898519816
0.24802043962076886
0.554129099009692
0.2561498342448108
0.42836630841022794
0.30705884837095365
0.3530268797905362
0.3457420975949658
0.25505183808779736
0.36852551785299514
0.14314069131527268
0.40541396566650484
0.12607952026014055
0.42363647881078526
0.20488185983656748
0.42538904959986473
0.2890897189552141
0.41398678181549414
0.3582634768470616