0100000000
1.0
1.0
1.0
1.0
0.934426865208624
0.9430742981231578
0.7853652861796186
0.8040949278734296
0.4929036761284316
0.5459903831239332
0.19094152318908025
0.38762214983713356
0.12738483015355975
0.3840545990383124
0.12657049790600283
0.4006514657980456
0.14359391965255153
0.425934543198387
0.1319606018303085
0.36637195594850325
0.1840778656739568
0.3080502559329922
0.23092135877152165
0.23328680006204408
0.2498061113696293
0.19962773382968826
0.2726074143012255
0.14611447184737053
0.2831549557933922
0.10128742050566146
0.293392275476966
0.13634248487668685
0.2383666821777571
0.27082363890181466
0.2268884752598108
0.29455560725919055
0.2376686831084224
0.2312703583061888
0.34000310221808583
0.18210020164417556
0.4495114006514658
0.17651620908949897
0.4213587715216381
0.21389793702497262
0.3538079727004809
0.2669458662944002
0.2974251589886769
0.3648208469055376
0.2479060027919963
0.4775864743291454
0.1831859779742515
0.4892197921513879
0.22673336435551422
0.48906468124709174
0.32146734915464564
0.4907709011943539
0.3182875756165658
0.480223359702187
0.2683418644330698
0.4716922599658757
0.28377539941057867
0.4487358461299831
0.3533038622615169
0.44206607724523045
0.3781991624011167
0.5146579804560263
0.40429657204901503
0.42531409958120053
0.40421901659686676
0.34651776019854186
0.371141616255623
0.29936404529238403
0.36470451372731505
0.2813711803939815
0.41228478362028864
0.2784240732123467
0.4585466108267411
0.2582596556537926
0.36447184737087024
0.1807042035055065
0.29176361098185183
0.10299364045292389
0.1090429657204902
0.1338607104079415
0.31933457422056766
0.10516519311307562
0.6021793082053671
0.019699084845664423
0.41189700635954696
0.05010082208779266
0.3168527997518225
0.07135101597642302
0.23472157592678752
0.03738172793547397
0.18054909260120977
0.022335970218706286
0.5721653482239802
0.046998604001861365
0.5941523189080192
0.046688382193268006
0.41325422677214224
0.07569412129672716
0.3503567550798822
0.1161780673181325
0.39316736466573604
0.1427020319528463
0.5837986660462232
0.143167364665736
0.40635179153094464
0.15402512796649606
0.39867380176826434
0.15371490615790298
0.3649371800837599
0.16767488754459453
0.29490460679385755
0.1974561811695362
0.2865286179618428
0.17387932371645726
0.3412052117263844
0.1496820226461919
0.29281060958585386
0.15402512796649606
0.30382348379091045
0.16472778036295946
0.3973941368078175
0.14921668993330234
0.48189080192337513
0.07336745773227858
0.44958895610361405
0.05258259655653774
0.4084457887389485
0.08686210640608014
0.4177136652706685
0.08732743911897006
0.4387699705289282
0.06886924150767801
0.44074763455870947
0.054599038312393315
0.41499922444547854
0.08251900108577619
0.3521017527532186
0.10578563673026226
0.35070575461454934
0.11679851093531858
0.33728866139289587
0.12951760508763768
0.280867069955018
0.12595005428881648
0.247828447339848
0.12424383434155424
0.21921048549713062
0.1169536218396153
0.1882270823638901
0.13696292849387307
0.1420040328835116
0.20397083914999214
0.17155266015200854
0.29021250193888615
0.16651155576237003
0.35256708546610815
0.18818830463781608
0.3862261516984643
0.20621994726229256
0.3308515588645883
0.1709322165348224
0.21048549713044817
0.1387079261672095
0.09709942608965416
0.10648363579959676
0.0
0.0587094772762524
0.14285714285714288
0.27551574375678595
0.34729331472002445
0.5796882270823642
0.6224600589421437
0.8349232201023733
0.8526446409182561
0.9578486117574065
0.9629284938731191