0100000000
0.0
0.0
0.0
0.0
0.0
0.0
4.4759752030973704e-05
8.951950406194741e-05
0.3283127811471924
0.2904012711769575
1.0
0.9416556632276258
0.8971644697088378
0.8770225812948994
0.8921513774813687
0.8939417675626077
0.8826623100508021
0.9144417339927936
0.8801110041850367
0.9351207394311034
0.8789248707562158
0.9333303493498641
0.8839155831076694
0.919275787212139
0.8889062954591229
0.9045945885459794
0.8795067475326186
0.8935836895463599
0.8744488955531184
0.8797976859208199
0.8708233556386095
0.8452431573529082
0.857641608665488
0.7892039478101287
0.8499876910681913
0.7249289438936509
0.8416176174383992
0.6755141776514556
0.83660452521093
0.6521495870912876
0.8356421905422643
0.6501801580019243
0.8485553790032003
0.6717543584808539
0.8975001678490699
0.6941342344963408
0.9286977150146587
0.7302105946333057
0.8914352214488731
0.8022737954031736
0.9086229662287669
0.8479287424747667
0.888816775955061
0.8246536714186604
0.8643555714701339
0.8073764071347047
0.8453326768569699
0.7700467739408723
0.8884810778148287
0.7567978873397039
0.8453998164850165
0.7928742474766687
0.8258174249714655
0.7757760222008367
0.8929346731419108
0.775955061208961
0.9107490544502381
0.7716581250139872
0.9016852046639661
0.7730009175749165
0.8998724347067115
0.8282344515811383
0.8163059776648837
0.7075621601056331
0.773985632119598
0.5959313385403844
0.6431528769330617
0.6525971846115973
0.4859118680482509
0.7215272027392967
0.6224962513707674
0.7259136584383322
0.7309043707897858
0.722690956292102
0.653738558288387
0.6713067609605439
0.5837566859879596
0.3743705659870644
0.5973188908533448
0.344471051630374
0.6190721303403978
0.35709330170310855
0.6745294631067741
0.4548486001387552
0.7648322628292639
0.4886869726741714
0.7918447731799565
0.4761542421054988
0.7792896627352683
0.35360204104469256
0.7404605778483987
0.3331020746145066
0.686883154667323
0.3117069131437011
0.6245328200881766
0.33014793098046236
0.5875612649105922
0.36291206946713517
0.6164760647226014
0.34384441510194036
0.6479645502763914
0.32164357809457733
0.658013114607345
0.3181523174361613
0.6194749681086765
0.36353870599556876
0.5402725868898685
0.3730277734261352
0.508896000716156
0.37159546136114396
0.5034129310923616
0.32173309759863933
0.5136852941834701
0.33354967213481634
0.4858671082962199
0.3186894344605331
0.46232347872792773
0.3110802766152676
0.4760871024774521
0.33175928205357735
0.4846362151153682
0.3269252288342322
0.5418615580869681
0.3126021081843206
0.5740214399212228
0.3181523174361613
0.5727234071123246
0.33149072354139153
0.559273101627017
0.34635096121567477
0.553163395474789
0.3568247431909227
0.5542376295235324
0.3588836917843475
0.5666584607121277
0.3587046527762236
0.5790121522726762
0.34993174137815275
0.5833538482196807
0.3508269364187722
0.5834657475997581
0.3602264843452767
0.5936709710628203
0.3724011368977014
0.6219815142224112
0.3806369312714006
0.6373564890450506
0.38842512812478996
0.6341561667748361
0.39290110332788736
0.5970503323411587
0.3928115838238256
0.5793030906608776
0.38958888167759537
0.5934919320546963
0.3725801759058254
0.5921491394937671
0.3718640198733298
0.6978045341628808
0.5521563010540919
0.2960857596848913
0.2572790546740371
0.0
0.0
0.0
0.0
0.0
0.0
0.0
0.0