0100000000
0.5608874191438331
0.41231194127480175
0.6102914455992442
0.3703030743513335
0.6739043535140636
0.3779344429100953
0.7144232865760594
0.4272839595900863
0.6638745548368342
0.4606439421469584
0.6771022603386874
0.4703830220219493
0.6713060542190565
0.5542553964677664
0.6508648884366599
0.5982992950069044
0.6334217603023475
0.624391307507813
0.6044770695544734
0.657169852460208
0.6158514426920562
0.605494585362308
0.6467766552801804
0.5551275528744819
0.6305872519805218
0.5192237807980233
0.6238462097536159
0.5629769605349227
0.6138345810015263
0.5560723889817574
0.605349225961189
0.525982992950069
0.5532923904353514
0.5330329239043533
0.5170252198560943
0.5357947525256194
0.5544734355694453
0.5943019114761247
0.5478595828185188
0.6433607093538773
0.4525946653099788
0.6445235845628315
0.356766480122102
0.6820263100516026
0.34889890253652156
0.6991787193836762
0.3691583690675194
0.7242532160767496
0.35987353732102617
0.7974416745403011
0.33581655643578745
0.8156115996802091
0.3153572207282506
0.773021295152264
0.3169016643651429
0.6550621411439785
0.3374518496983792
0.5841994330983357
0.3629805945199505
0.5703902899920054
0.36021876589868446
0.6098553673958863
0.3788429391670906
0.6393633258230977
0.40500763136855866
0.7095719165637034
0.4037720764590451
0.7018678683043827
0.4215967730212952
0.7952612835235121
0.39755796206119626
0.7696780289265209
0.40711534268478805
0.7493277127698232
0.39087142960971
0.5336143615088308
0.360127916272985
0.3732102623737192
0.3510429537030307
0.38651064757613196
0.31893669598081253
0.4216149429464349
0.4006286794098408
0.40119194708917805
0.43135402282142604
0.32211643288029657
0.3464459626426339
0.19049349516679984
0.27033214623155755
0.15960462242895562
0.2460934660949197
0.1457227996220655
0.26335489497783265
0.11715967730212953
0.2858856021513191
0.09564648593647793
0.43794970564721275
0.07958427211279892
0.5837088451195582
0.050221673086706865
0.641888945417545
0.055599970928119836
0.6106730140271823
0.0810378661239916
0.6288611090922306
0.11817719310996444
0.6089468711388909
0.11919470891779932
0.6341667272330838
0.10160622138236788
0.6540082854858638
0.12755287448215719
0.7129333527145867
0.1489933861472491
0.7887927901737044
0.14397848680863432
0.7477287593575117
0.1604767788356712
0.6196126171960171
0.1567701141071299
0.5849444000290719
0.11519732538701946
0.586688712842503
0.1150519659859002
0.6185587615379025
0.11032778544952392
0.6195399374954575
0.0976088378515881
0.6330583617995493
0.11170869976015695
0.5791300239843011
0.08176466312958787
0.5322879569736172
0.10742059742713857
0.596645831819173
0.33985027981684707
0.6609491968893089
0.33447198197543426
0.8688131404898611
0.6962715313612908
0.937549967294135
0.876517188749182
0.9603713932698598
0.9300821280616326
0.9466349298640891
0.950723163020568
0.838669234682753
1.0
0.7808343629624247
0.8754269932407875
0.7755650846718511
0.6562250163529327
0.800221673086707
0.571989243404317
0.7936441601860601
0.39501417254160903
0.771676720691911
0.3016207573224799
0.7287411875863071
0.3015480776219202
0.7670978995566539
0.2935533105603604
0.8282942074278654
0.3994476342757467
0.8955956101460864
0.4120212224725634
0.9273929791409259
0.4292463115051966
0.9465622501635291
0.4730721709426555
0.8841122174576641
0.4469074787411875
0.7803619449087871
0.2745112290137365
0.7500726797005595
0.18751362744385494
0.7628279671487753
0.046006250454248165
0.8353986481575695
0.0