0100000000
0.39893734170245565
0.5166831846712916
0.40601255368351485
0.5304481885254922
0.41732738685166815
0.5096355026979404
0.4350567118158791
0.48023345446536736
0.44460962449069497
0.45666776786697455
0.4557868076203061
0.42506331901772937
0.48306904525933236
0.40436075322101084
0.498430789560621
0.40546195352934705
0.4957053187974892
0.4407003633961016
0.4893734170245565
0.5229600264288075
0.4841977755753771
0.6283448959365706
0.47841647395661285
0.7230481224534742
0.47753551370994357
0.7895606210769737
0.4807289946041184
0.8211650699262195
0.48989648717101614
0.7807510186102851
0.5078735822046027
0.6853870719083799
0.5191884153727562
0.5873802444664679
0.5410747715009359
0.5287963880629881
0.5349080497742538
0.4960907389054064
0.5250247770069374
0.46085232903865164
0.5651635282457875
0.46448629005616093
0.5389274308996805
0.46019160885365024
0.4920162977645633
0.455236207466138
0.4620361193701132
0.4691113313511727
0.4498403259552913
0.4919061777337293
0.43954410307234865
0.5122783834379471
0.42478801894064533
0.5450941526263626
0.5426439819403146
0.5790111221231136
0.5762305913445656
0.5967404470873252
0.49430128840436044
0.605550049554014
0.49331020812685816
0.6199757735932164
0.542231031824689
0.5948684065631537
0.5219689461513048
0.5619425173439049
0.43301949124545747
0.5362845501596735
0.3475112873031602
0.519656425503799
0.3486675476269132
0.5271445876004845
0.45545644752780523
0.5200969056271335
0.6145798920823695
0.5063319017729322
0.7223048122453475
0.5158022244246229
0.7309492346657854
0.5291267481554891
0.6452758506772377
0.5401387512388502
0.45295121682634043
0.5343023896046684
0.3080883162647284
0.5107367030062769
0.3227067503578899
0.46162316925448693
0.3003523840986675
0.4397092831185992
0.4827111551591234
0.4449950445986125
0.6757790992181475
0.4915758176412289
0.8924127298755643
0.5324303490804974
0.9137760158572847
0.565686598392247
0.932854311199207
0.5883713247439709
0.9237694086554341
0.6065411298315162
0.8892743089968063
0.6110560510956943
0.9375619425173438
0.6194251734390486
0.9425999339279811
0.6192049333773811
0.8900176192049333
0.5929963660389825
0.9217872481004293
0.5574275960797269
1.0
0.5253826671071463
0.9399019931725575
0.4950996586279039
0.7475773593216605
0.4545754872811364
0.7245347428697276
0.43926880299526483
0.6959035348529895
0.42242043827772263
0.6309051866534519
0.3878427485959697
0.5953088866864878
0.3987446316484967
0.48463825569871133
0.42308115846272437
0.4791322541570311
0.4589802885144803
0.6217927541019711
0.48551921594538017
0.6439819403149433
0.4880519766545532
0.5501596740447088
0.49168593767206203
0.5401387512388504
0.5264838674154826
0.6351172778328376
0.5674485188855853
0.5803050324854091
0.5938773262856516
0.48042616451932596
0.614800132144037
0.47194692214513795
0.5985023675806628
0.6395220790661821
0.5583085563263954
0.7959200528576148
0.5304481885254922
0.7854861799361302
0.5268142275079836
0.7244521528466027
0.5350732298205042
0.607284440039643
0.563153837683074
0.5742209007818523
0.5773593216606101
0.5007433102081266
0.5750468010131043
0.37581213522739765
0.5773593216606094
0.24421869838123544
0.5665675586389163
0.1336031274088757
0.5376059905296772
0.20542891752009676
0.4857394560070476
0.35695407994714246
0.4104173549168595
0.35296222882942396
0.3279374518224865
0.24069485739455998
0.2721065961898466
0.15124986234996146
0.23907058693976416
0.02711705759277595
0.23015086444224175
0.0
0.23268362515141475