0100000000
0.16354178911484676
0.4239449864817209
0.1720935700011755
0.41230751146114963
0.187859997648995
0.4040789937698368
0.20371458798636427
0.39755495474315267
0.2136916656870813
0.39355824615022933
0.22806218408369586
0.3957329258257905
0.24162454449277088
0.37980486658046325
0.25715587163512404
0.3380157517338663
0.2705272128835078
0.2807100035265077
0.2730692370988599
0.21000352650758208
0.27202597860585415
0.1492300458445987
0.2714676149053722
0.11255436699188914
0.2665598918537676
0.08669331139061942
0.2545109909486306
0.05989185376748568
0.24199188903256147
0.034971200188080455
0.24406371223698142
0.017691313036323014
0.26273950863994366
0.005348536499353576
0.28683731045021754
0.0025273304337605374
0.3057335135770544
0.00358528270835782
0.3064828964382275
0.0
0.30677677207006016
0.001175502527330513
0.31998648172093586
0.05248618784530388
0.3417773598213235
0.22052427412718933
0.3706506406488775
0.5029387563183264
0.41458504760785253
0.6405901022687199
0.45083460679440474
0.7377453861525803
0.5151639826025627
0.7822969319384039
0.5846508757493829
0.7994004937110614
0.6138327259903609
0.767426824967674
0.6116727400963913
0.689020806394734
0.6216057364523332
0.6459386387680737
0.6523010461972493
0.6635124015516637
0.6528300223345481
0.635711766780299
0.6303779240625369
0.587045962148819
0.5937022452098274
0.6448219113671096
0.6073086869636771
0.7154696132596688
0.6264987657223463
0.667097684260021
0.6277918185024098
0.543611143763959
0.6305395556600448
0.4941224873633481
0.5934965322675445
0.5052309862466208
0.5608028682261668
0.5630657105912779
0.513959092512049
0.5796402962266373
0.45306806159633256
0.5453743975549548
0.4215792876454685
0.6315975079346424
0.45096685082872945
0.6358293170330315
0.5433172681321268
0.5848125073468907
0.5243916774421068
0.5678264958269663
0.5069648524744331
0.4960032914070767
0.49509227694839564
0.5059950628893853
0.47484424591512886
0.5528976137298697
0.4794874808980841
0.51216645115787
0.5393646408839782
0.5037616080874576
0.6243681673915602
0.5193370165745856
0.6937668978488304
0.5238039261784413
0.7407135300340897
0.5255084048430706
0.699159515692959
0.4768426002115907
0.6596920183378396
0.37192899964734943
0.6046785000587752
0.37786528741036796
0.5657252850593631
0.3867991066180792
0.5427589044316448
0.37004819560362046
0.539247090631245
0.37927589044316457
0.5273598213236159
0.3267897025978606
0.5364993534736101
0.3489479252380394
0.5083901492888212
0.5262137063594687
0.561273069237099
0.6747384506876692
0.6051633948512991
0.7619607382155873
0.5123868578817445
0.829904784295286
0.456153755730575
0.8714587986364171
0.4554925355589515
0.8852121782061834
0.48900905136946043
0.8622311037968736
0.5212031268367229
0.7275772892911722
0.5161484659692019
0.7893499471023868
0.5354854825437877
0.8164452803573526
0.5590396144351713
0.8180322087692491
0.6035176913130366
0.8498295521335375
0.6432496767368051
0.8585282708357821
0.6620136358293173
0.8632302809451045
0.669375220406724
0.9680851063829792
0.7289585047607855
0.9405783472434465
0.7913189138356648
0.9588574115434345
0.777433290231574
1.0
0.737363347831198
0.8549429881274248
0.6428235570706479
0.6262489714352889
0.5559833078641121
0.6532267544375223
0.5130627718349597
0.6281885506053841
0.49701716233689913
0.5915716468790412
0.520321499941225
0.5605971552838838
0.5525155754084873
0.5341483484189489
0.5766427647819444
0.4828964382273423
0.6993064535088752
0.5585988009874222