0100000000
0.7188908362543813
0.9983308295776996
0.7061425471540642
0.9979969954932396
0.6975045902186611
1.0
0.6918502754131192
0.8982640627608081
0.6844224670338842
0.40068435987314277
0.6773284927391083
0.14446670005007517
0.6688783174762142
0.18669671173426777
0.6600943081288597
0.2509597729928225
0.6162577199132031
0.2371891170088464
0.540185277916875
0.08162243365047539
0.5055499916541478
0.018611250208646433
0.4931146720080118
0.06109163745618398
0.4647805040894675
0.09756301118344193
0.40832081455516583
0.09046903688866599
0.37066015690201964
0.11834418294107792
0.34946169253880816
0.17442830913036222
0.36584042730762806
0.12376898681355344
0.47636037389417457
0.0
0.558337506259389
0.03146386246035724
0.5219704556835252
0.1917042230011684
0.4722500417292602
0.5701051577366051
0.48900433984309793
0.6588215656818559
0.3895635119345683
0.29035219495910536
0.3835962276748452
0.2210816224336506
0.462193289934902
0.2755800367217492
0.4544733767317643
0.3223168085461524
0.4041687531296943
0.37840093473543596
0.4155608412618927
0.42697379402436975
0.5072608913370051
0.4783007845100981
0.7205182774161242
0.5466533133032881
0.8500250375563344
0.6004006009013518
0.8338966783508596
0.6195126022366882
0.7365214488399265
0.6146720080120174
0.6846102487063926
0.6226840260390585
0.5579619429143714
0.6268569520948086
0.4978300784510098
0.6241862794191287
0.4540143548656319
0.6106659989984978
0.36333667167417755
0.5905524954097812
0.2958813219829742
0.5625938908362542
0.25918043732265056
0.5257886830245367
0.39634451677516264
0.48155566683358303
0.46932899349023516
0.41520614254715393
0.463799866466366
0.3230679352361873
0.3728718077115673
0.23869137038891663
0.3283258220664331
0.1728425972291771
0.2885995660156901
0.12802537139041903
0.292313470205308
0.09681188449340643
0.29590218661325307
0.05483224837255855
0.31607828409280586
0.0910532465364715
0.32446586546486395
0.12243365047571335
0.3119470872976131
0.12719078617926882
0.3279502587214154
0.13403438491069944
0.24943665498247364
0.16049073610415626
0.2235853780671006
0.1500584209647804
0.27860540811216816
0.20655983975963943
0.393965948923385
0.20731096644967434
0.4528459355700214
0.16933733934234688
0.3993281589050241
0.17901852779168723
0.33519028542814205
0.1955433149724584
0.22229177098981817
0.20923051243531945
0.1755758637956934
0.26523118010348834
0.17002587214154552
0.3234017693206476
0.1662285094308126
0.37097312635620044
0.17663995993990958
0.4065264563511929
0.1442580537472875
0.43782340176932016
0.11041562343515252
0.460023368385912
0.09812635620096807
0.48372558838257335
0.11625771991320308
0.4950759472542141
0.1572775830412284
0.5031714238023703
0.16579035219495897
0.5194458354197963
0.16226422967785015
0.521782674011016
0.16286930395593363
0.5373894174595218
0.163954264730429
0.5492405274578535
0.17238357536304444
0.565097646469704
0.19806793523618746
0.5900517442830913
0.22901018193957598
0.7012184944082791
0.2614129527624768
0.8340010015022539
0.29579786346185916
0.8446836922049734
0.3297654815556668
0.8511934568519445
0.3516942079786346
0.8420130195292932
0.3775037556334501
0.811801034885662
0.4182106493072943
0.7568853279919874
0.4394717075613417
0.6938741445501586
0.44450008345852093
0.5921382073109664
0.44155817058921715
0.5085962276748455
0.4224461692538807
0.41003171423802326
0.40842513770655986
0.3042063094641963
0.3890418961775993
0.20839592722416955
0.35127691537305955
0.129944917376064
0.30022116508095464
0.10549157068936733