0100000000
0.1389383070301291
0.15265423242467716
0.2103586800573889
0.1529411764705881
0.2763988522238164
0.1511047345767576
0.35816355810616923
0.1528263988522238
0.41502152080344334
0.155638450502152
0.45532281205164993
0.15076040172166436
0.48736011477761837
0.13606886657101863
0.5261979913916786
0.12183644189383071
0.5664131994261119
0.12751793400286943
0.5796269727403156
0.18812051649928274
0.5819799139167864
0.20390243902439023
0.5741463414634148
0.2135437589670013
0.5701147776183644
0.3754949784791964
0.5700860832137734
0.3396843615494978
0.5860401721664277
0.41670014347202305
0.61545193687231
0.45342898134863713
0.7022094691535151
0.4264562410329987
0.6897274031563846
0.3389956958393114
0.6934576757532281
0.36172166427546626
0.7015781922525108
0.4409756097560978
0.7090817790530847
0.5108751793400287
0.7229698708751794
0.5733715925394546
0.7978048780487806
0.5174175035868006
0.8207317073170731
0.4529698708751794
0.8274892395982785
0.49182209469153515
0.8067001434720231
0.5285509325681492
0.8063701578192254
0.5236154949784791
0.7911334289813489
0.4937733142037305
0.7563414634146339
0.4323098995695837
0.7523959827833573
0.35064562410329975
0.7786226685796269
0.3383644189383071
0.7634576757532281
0.31500717360114777
0.7926398852223818
0.4787948350071736
0.7777187948350074
0.7046771879483499
0.7390674318507892
0.8451076040172165
0.7972309899569585
1.0
0.7988952654232424
0.9998278335724532
0.7349210903873745
0.9523098995695836
0.8160114777618364
0.8254232424677189
0.8615208034433287
0.8464849354375894
0.7663271162123388
0.8906169296987086
0.7608321377331423
0.8616929698708751
0.7288665710186514
0.7855380200860834
0.7110473457675753
0.6840172166427547
0.6986944045911048
0.5854806312769008
0.7110473457675756
0.5621807747489239
0.6999139167862269
0.5595408895265422
0.7175609756097562
0.564131994261119
0.7602008608321377
0.5299856527977046
0.742338593974175
0.5137446197991391
0.7337733142037303
0.507948350071736
0.7412912482065998
0.5747489239598278
0.748493543758967
0.6940602582496416
0.7197560975609758
0.7802582496413202
0.6837302725968437
0.8334576757532278
0.6522812051649927
0.8924533715925398
0.6306886657101866
0.935724533715925
0.6365423242467719
0.8895839311334288
0.6444476327116213
0.7710760401721664
0.6260258249641321
0.5240746054519368
0.5978335724533718
0.4637015781922525
0.5552654232424679
0.43156384505021533
0.5509899569583933
0.2883213773314203
0.5493256814921093
0.1181635581061693
0.5473457675753229
0.08585365853658526
0.5295552367288379
0.09882352941176473
0.49766140602582515
0.10037302725968436
0.47137733142037325
0.09319942611190815
0.455294117647059
0.08424677187948351
0.439971305595409
0.07368723098995685
0.40439024390243905
0.05658536585365852
0.37035868005738876
0.056929698708751746
0.3276757532281205
0.05870875179340029
0.2738593974175036
0.05899569583931131
0.25400286944045913
0.06094691535150638
0.24958393113342903
0.06295552367288382
0.25496413199426105
0.06576757532281205
0.2598852223816356
0.06645624103299846
0.24354375896700145
0.052625538020086016
0.23307030129124828
0.03925394548063124
0.21571018651362986
0.02352941176470586
0.18357245337159253
0.01015781922525099
0.15919655667144905
0.0
0.15820659971305598
0.005107604017216613
0.14560975609756097
0.013428981348636926
0.13324246771879483
0.029612625538019983
0.12209469153515065
0.03575322812051647
0.10988522238163552
0.04045911047345764
0.11982783357245333
0.04120516499282639
0.13913916786226685
0.046599713055954076