0100000000
0.5213838378289293
0.14904136680766894
0.5410509256715923
0.08905125528759004
0.5568862275449104
0.041037191671702465
0.5730236774158105
0.03872987969016087
0.5904658572762732
0.06141844750865245
0.5939542932483658
0.08141515134867894
0.5667335054661321
0.1145964950832281
0.5326457177388342
0.1806295665549634
0.5098472779212218
0.2590232379278141
0.4884222380926219
0.30566390155468876
0.46181948030544423
0.30841070153271427
0.4279239685766082
0.31247596550019235
0.39900016480799855
0.3201120694391036
0.3696368730429051
0.32456188540350467
0.3386117672911059
0.3283524693731798
0.32954732736362136
0.3315387573476899
0.32796791737625663
0.33510959731912304
0.3540625171674998
0.3364829973081357
0.39948085480415313
0.32538592539691236
0.4458331044333352
0.3025325495797396
0.4966626380266989
0.28335988573312093
0.5688073394495412
0.2699005658407955
0.5799181453606549
0.25166181398670556
0.568999615448003
0.2261165741910676
0.5564192715486458
0.1917266384661867
0.559770367521837
0.1235510630115915
0.5329341317365269
0.06438499148492013
0.5162885238696918
0.0305993517552052
0.5317530077459759
0.014942591880459197
0.49522056803823544
0.0
0.47828654617370764
0.023128055814975526
0.5010849859913199
0.04043289567653698
0.48269516013843855
0.06581332747349355
0.4584958523320332
0.12091413503268693
0.4264818985881447
0.06713179146294573
0.37852277097181775
0.06603307147173545
0.3966241828270066
0.21672251826621985
0.40861396473108824
0.19359446245124423
0.35481788716145685
0.12168323902653415
0.33515079931879355
0.16480799868153617
0.29664066362687447
0.1834862385321102
0.23703510410371914
0.21848047025215622
0.22629511618963916
0.2527605339779157
0.26895291984837666
0.2491896940064824
0.30751799153985615
0.2717134538262924
0.3133686754930506
0.3283524693731801
0.28200021974399836
0.3876284128989726
0.22801186617590516
0.3830137889358899
0.19885458440916334
0.29692907762456755
0.21496456628028346
0.18216777454265792
0.23095094215239242
0.150634510794924
0.28537878371696973
0.12140855902873153
0.34134483326924137
0.14222930286216565
0.3318271713453827
0.15151348678789198
0.27955556776355556
0.21842553425259573
0.2267071361863429
0.28605174971158603
0.18384332252925345
0.34192166126462675
0.19671208042630328
0.41361314069109495
0.19632752842937978
0.4865681481074544
0.2268170081854639
0.5496896116024831
0.23799648409602808
0.6041311871669504
0.23369774213041813
0.6175905070592762
0.28440366972477055
0.5823765313409877
0.28823545569411635
0.5178267318573861
0.3102373235181014
0.4372905565016756
0.344215239246278
0.3632917650936658
0.3780695489754435
0.30379607756963145
0.4929819260561446
0.26643959786848337
0.6168900730648793
0.3486238532110092
0.6088694171290447
0.4666813162665493
0.58048123935615
0.6571993627424048
0.553219249574246
0.9047959127616326
0.534664615722683
1.0
0.4971845300225238
0.9453936164368512
0.43348623853211005
0.858265121133879
0.4106053947151569
0.7795418337636654
0.4182002966543977
0.6046256111629947
0.4235702906114378
0.35060154919518766
0.447000494423996
0.2027687743778497
0.5037905839696754
0.18908971048728235
0.5354062517167502
0.3078064055375486
0.5130610338955115
0.40048343679613246
0.44470691644234467
0.430148876558809
0.43380212052958295
0.46278086029775317
0.4302862165577104
0.4984343240125254
0.4462039224303687
0.49354502005163947
0.4492803384057572
0.4878866120969071
0.4438279404493765
0.4893149480854802
0.4498709004010327
0.49217162006262705
0.4530297203757623
0.48349173213206614