0100000000
0.4008123833571193
0.2732096461375197
0.40864346616899055
0.26428074797819007
0.4339115160829949
0.2655981263951404
0.4526658616020787
0.2668423171222599
0.4535441138800454
0.2774545321476928
0.4512752954952977
0.3355655578731657
0.5778899989021848
0.49218721411058686
0.5866725216818534
0.4566911845427598
0.4727375855381128
0.3690123321257363
0.438412559007575
0.3583269294104733
0.3550883741354705
0.40055622644271255
0.301917517473561
0.5412961539868995
0.23967138727266066
0.6234859296666302
0.33289420719435003
0.6169722252717094
0.5839096863907491
0.5887217769971091
0.6810114538734587
0.6064331979361075
0.5226698869250194
0.5642039009038681
0.4159622351520475
0.4697917810224321
0.38533318695795377
0.3442748929630036
0.33918834851977897
0.20851172832729542
0.309602224905771
0.236323050462912
0.4771288469279467
0.422292970322392
0.8026676912943245
0.5552018150547079
0.9593076444542028
0.47542723313938623
1.0
0.509459508910601
0.7047242653785633
0.5591539503055588
0.38218611629523924
0.5779631865920154
0.2987155560434735
0.5916492845903321
0.3337358656274015
0.6042375672411904
0.33218062721850183
0.6509313133530942
0.28629194569473415
0.6886961613056682
0.42545833790756415
0.7146777911955213
0.6980275917590663
0.7211914955904419
0.7927141654773668
0.7236066893548508
0.6450580012441907
0.7205328063819668
0.6344274892963004
0.7196545541039997
0.7445200717239361
0.7129212866395872
0.6477659457679221
0.7136531635378927
0.5461448384381746
0.7483441285175834
0.5582391041826765
0.8250448274600208
0.5411314816847809
0.8399751161854578
0.592161598419146
0.8582720386431006
0.7179346433929815
0.9195301350312881
0.8309913272587551
0.9005013356753397
0.8655359168587846
0.8451714421634283
0.8223917737036632
0.7967943791854212
0.7660372525341241
0.6511508764225855
0.6582500823361513
0.5248289237750211
0.5308120174186706
0.47747648845464197
0.46227174589234094
0.46935265488344874
0.45297690928385864
0.5586416364767447
0.43790024517876097
0.6063600102462768
0.41537673363340294
0.6148497822666228
0.4090277015406009
0.6191678559666265
0.42745270245544703
0.614117905368317
0.45301350312877375
0.6475646796208876
0.47535404544955556
0.680279576975153
0.46507117502836026
0.5833790756394777
0.44366377575291854
0.5590807626157284
0.4400958758736781
0.550956929044535
0.4747502470084531
0.5812566326343911
0.48949756650931314
0.6054085702784796
0.5225784023127311
0.5912101584513487
0.5907527353899076
0.5369048925970653
0.6623119991217479
0.4313682438613827
0.7393054488235081
0.3650601968748855
0.7859077103231238
0.3365169978409632
0.8249167490028179
0.2986057745087275
0.8536795111062321
0.26179236652395055
0.8527829619058076
0.20441321769678333
0.8762213195740477
0.1332015954916383
0.8690489259706519
0.08006733267464396
0.812383357119333
0.03169026969663703
0.7020346177772898
0.01646723021187825
0.6877264244154134
0.0
0.7139459142972152
0.0381307864017272
0.7254546785230727
0.17030775423573766
0.7542357375489446
0.17367438796794377
0.7566692282358108
0.12588282650858132
0.7448494163281738
0.09997438430855919
0.7909759578438907
0.14952245032385558
0.8226296336956126
0.3147070662714533
0.8168478061989974
0.37940498408167755
0.798642368353643
0.40355692172576596
0.7486368792769058
0.39528671277491145
0.710579280565009
0.367402202949464
0.6866469059904127
0.4059721154901745
0.6347568339005379
0.44051670509020374
0.5914114245983827
0.4711091594393825
0.5544699381564022
0.5706444176089582