0100000000
0.6773347107438015
1.0
0.7159504132231402
0.9071900826446276
0.7498553719008264
0.8344628099173552
0.7501446280991736
0.7990909090909087
0.7181198347107436
0.7702479338842975
0.6883057851239667
0.7480991735537184
0.6917975206611571
0.7229752066115697
0.6941322314049585
0.7153719008264458
0.7224793388429752
0.7473553719008261
0.7408471074380165
0.7880165289256198
0.7455165289256196
0.8042148760330581
0.7512809917355375
0.7861157024793392
0.8031404958677685
0.73793388429752
0.851384297520661
0.6742148760330579
0.85995867768595
0.635702479338843
0.8386570247933883
0.6212396694214877
0.8205371900826443
0.629504132231405
0.7932231404958677
0.6455371900826447
0.7963429752066112
0.6553719008264464
0.8021694214876033
0.6531404958677685
0.7654132231404955
0.6500826446280991
0.7280371900826447
0.6565289256198344
0.7333677685950414
0.6839669421487604
0.7501033057851236
0.6999173553719011
0.7866115702479338
0.700578512396694
0.7763842975206614
0.7022314049586781
0.7396694214876031
0.6937190082644629
0.7200826446280992
0.6723966942148759
0.7098140495867766
0.6440495867768595
0.7081611570247934
0.6142975206611571
0.6970661157024794
0.5855371900826446
0.6583884297520661
0.5653719008264463
0.6342561983471077
0.5495867768595043
0.6390289256198346
0.5334710743801652
0.6498140495867768
0.510165289256198
0.6678719008264462
0.47206611570247914
0.7118801652892562
0.4124793388429748
0.696880165289256
0.33272727272727254
0.7038429752066117
0.24776859504132223
0.6892355371900827
0.1614876033057853
0.7089256198347105
0.11867768595041346
0.6933471074380163
0.13867768595041313
0.5674380165289258
0.2238842975206614
0.49297520661157046
0.2709917355371903
0.40762396694214864
0.26537190082644635
0.3165702479338843
0.19611570247933913
0.30483471074380164
0.24768595041322336
0.32654958677685936
0.3186776859504135
0.3835537190082645
0.3709090909090905
0.4476859504132231
0.31611570247933884
0.4559297520661157
0.263388429752066
0.290805785123967
0.32099173553719007
0.18638429752066116
0.3744628099173556
0.21295454545454542
0.3857024793388427
0.24696280991735545
0.3669421487603302
0.3906404958677685
0.2978512396694218
0.6556404958677686
0.22008264462809943
0.7801859504132231
0.28049586776859525
0.856590909090909
0.34074380165289225
0.7132231404958675
0.444214876033058
0.3795867768595042
0.6079338842975206
0.2818595041322316
0.7282644628099171
0.2579132231404961
0.7792561983471074
0.26260330578512386
0.749338842975206
0.24973140495867777
0.663305785123967
0.3348347107438016
0.6032231404958679
0.542210743801653
0.5796694214876033
0.6125413223140497
0.5621487603305787
0.5234297520661157
0.5371074380165292
0.44047520661157025
0.4980165289256193
0.44285123966942147
0.43991735537190096
0.518202479338843
0.3718181818181816
0.5877892561983472
0.31991735537190114
0.6209710743801654
0.2921487603305787
0.6721694214876031
0.2887603305785126
0.6819421487603303
0.3082644628099174
0.63051652892562
0.3284297520661157
0.5739049586776857
0.3538842975206614
0.562892561983471
0.3787603305785126
0.5630785123966943
0.4016528925619834
0.578078512396694
0.43165289256198364
0.5873966942148761
0.4617355371900826
0.5673760330578512
0.4733884297520659
0.5101652892561984
0.46867768595041365
0.42667355371900845
0.4304958677685949
0.3646487603305786
0.356198347107438
0.31561983471074395
0.2584297520661152
0.2864462809917357
0.14950413223140516
0.28328512396694233
0.06041322314049572
0.28136363636363626
0.0