0100000000
0.11782409303087381
0.5857014167553843
0.12859307182048973
0.6026533453443617
0.14083613135697323
0.6174760461878633
0.16517893702399475
0.6309884530341492
0.18778150847596428
0.6324625337810171
0.20393497666038815
0.6092048153304398
0.21662844975841444
0.6214069281795103
0.23171730407010072
0.6544099582343789
0.24133977561215295
0.6666939644582753
0.2541765621161248
0.674555728441569
0.2645360740316108
0.7065760379985255
0.2772090737859307
0.7180411104741627
0.28664728523462446
0.7157480959790351
0.29530750962247154
0.7362214396855291
0.3122799115551551
0.7557939562689376
0.3219023830972075
0.758987797887151
0.29815330439767423
0.7638195070018834
0.2964949635574482
0.803128326918352
0.3114405044631889
0.8237654573744981
0.3241339775612152
0.8294979936123168
0.3423347801162886
0.8431741872082549
0.3528990254688395
0.8524281385635899
0.34690033576283674
0.8589796085496684
0.33525100319384166
0.8591433952993203
0.3291294734255998
0.8665137990336582
0.3490909835394316
0.8784702317582508
0.36446646466300875
0.898616001965441
0.37474408320366875
0.8887069036114978
0.3893825239538121
0.8682335599050035
0.40440995823437886
0.8507083776922446
0.41960117926459733
0.8579968880517566
0.4276676766849562
0.8712636147735648
0.43155761198919
0.8644664646630089
0.4267463762181638
0.8490705101957252
0.4415281303742527
0.8801080992547704
0.45018835476209973
0.8900990909835396
0.47027270493817047
0.8818278601261159
0.46787732372451063
0.8895258373597574
0.5189173695848006
0.8502170174432887
0.5107485054459094
0.8481696830726396
0.5451846695602325
0.7643108672508395
0.5603554172467448
0.6475309147489968
0.41951928588977155
0.541724674473835
0.3663090655965932
0.5806240275161739
0.6349398083695028
0.5377937924821882
0.843133240520842
0.4047170583899762
0.7554254360822209
0.27295061829497996
0.665895504053722
0.2979280976169028
0.5921709933666366
0.33396118254033247
0.5870731307837197
0.35541724674473835
0.6202604209319466
0.3976742281549423
0.713004667922365
0.4154450904921792
0.7927483416591596
0.4138072229956596
0.8682335599050037
0.36958480058963233
0.8508312177544836
0.377037097698796
0.8115019244943084
0.43984931619032025
0.7338465318155761
0.47342559986897054
0.6370895094586847
0.45704692490377524
0.492752436327901
0.3029235934812872
0.42080910654328063
0.12554254360822212
0.3854925886495783
0.11407747113258535
0.37920727213168454
0.11866350012284006
0.4100810744410777
0.06788960773073455
0.3786340185079027
0.04954549176971584
0.3385881582180002
0.10834493489476701
0.28789615920072065
0.2031774629432479
0.26942920317746294
0.3473098026369667
0.31762345426255006
0.42609122921955617
0.4180452051429038
0.4432069445581852
0.3212881827860126
0.4268282695929899
0.2602980918843666
0.4210138399803457
0.2747317991974449
0.41798378511178447
0.29227745475391037
0.3915322250429939
0.3564204405863566
0.3784292850708377
0.38545164196216525
0.37900253869461964
0.44904184751453596
0.3501760707558757
0.5629555318974694
0.31954794857096064
0.669744492670543
0.2976005241175989
0.7137826549832117
0.27368765866841377
0.7503480468430104
0.24420604373106208
0.7725616247645565
0.2134141347964949
0.7598886250102366
0.18041110474162636
0.7599909917287689
0.1421668986978953
0.7602161985095405
0.10441405290312013
0.7578003439521742
0.05789861600196543
0.749877159937761
0.01867168946032266
0.7351158791253786
0.0
0.7493243796576856
0.10040127753664725
1.0
0.5603144705593319
0.9022807304889034
0.3749078699533208