0100000000
0.9809548500319081
0.9796685545628592
0.9875358966177412
0.9684209476707082
0.9471522016592218
0.96275725909381
0.33962188895979595
0.9148153318442886
0.2418833758774729
0.8813915922144228
0.24714821314613916
0.8582981014677731
0.22612874920229745
0.8355236917677095
0.23074545309508634
0.808920309508615
0.2351328174856414
0.7781289885130827
0.25570357370772184
0.7461012284620294
0.27513760370134016
0.716386805998724
0.2818881620931717
0.6858347957881303
0.30288768347160194
0.6593909540523293
0.33820596681557114
0.6362575781748564
0.36725231333758784
0.6106114390555203
0.37200861518825795
0.5842074824505427
0.3491843490746651
0.5557693841735802
0.3214841257179324
0.5270122048500316
0.29382378749202304
0.49386766113592884
0.27997367581365673
0.4661076100829611
0.25724912252712206
0.4410597479259731
0.24209277281429487
0.42690052648372695
0.24729778238672634
0.4204391352903638
0.2547862156987875
0.42753868857689875
0.2719567645181876
0.2916101627313338
0.25591297064454366
0.2149509412890873
0.25092732929164
0.24103581684747938
0.2563616783663051
0.1778178844926611
0.21886965539246975
0.16473556158264197
0.18318243458838548
0.1524908264199107
0.2034440810465859
0.1669292437779197
0.2191987077217613
0.17498604020421196
0.24857410657306975
0.14626874601148698
0.2426411933631142
0.18415962029355465
0.24303007338864074
0.1942904435226549
0.276334157626037
0.16565291959157644
0.26801810784939384
0.24997008615188268
0.23012723356732623
0.3849812539885132
0.23952018187619667
0.344378190810466
0.3082721761327378
0.3598536215698787
0.2877712188895981
0.42869535737077236
0.2232969049138481
0.47647774409700067
0.16893347160178682
0.5288070357370773
0.06898133375877477
0.5738373484365025
0.011357291001914512
0.6091755743458841
0.0
0.6493000159540523
0.04374401723037655
0.6880683631142307
0.1770201818761966
0.6880683631142313
0.12301571474154435
0.6662511965539247
0.01705089342693046
0.647465299936184
0.021318602425015935
0.6332263082322912
0.007149409700063738
0.6227764039566052
0.01280312699425653
0.6136825941289089
0.03588664645820039
0.6075801691129549
0.0640754626675176
0.5972898053605616
0.13461231652839828
0.5834097798340779
0.10467852584556486
0.5710852744097002
0.09789805360561585
0.5607151403956603
0.12124082641991073
0.555051451818762
0.11755145181876198
0.5556098436502874
0.11807992980216976
0.5587208838544991
0.14478302488832162
0.560236518825782
0.16684947351627324
0.558680998723676
0.16107610082961082
0.5548520261646458
0.14983846522016597
0.5457183312061266
0.13002552648372687
0.5373823388640716
0.12305559987236758
0.5314394543714105
0.13619775047862162
0.5251376037013401
0.15470445118059992
0.5219866783663052
0.15503350350989156
0.5217872527121887
0.17455727504786225
0.5251376037013401
0.1882977026164646
0.531519224633057
0.20626595405232945
0.5363852105934905
0.18544591576260372
0.5499461550733888
0.1925454690491385
0.5712448149329932
0.2013002552648372
0.6049477504786218
0.2146817166560306
0.6483826579451181
0.24520381301850666
0.6986379227823867
0.2664825303126995
0.747616863433312
0.282855376515635
0.7959177568602422
0.29619695277600516
0.8375977185705168
0.30874082641991063
0.8711012284620296
0.31632897255903
0.893636327377154
0.32755663688576914
0.9082741703892793
0.323268985322272
0.9145361359285261
0.7321115188257818
0.9439713624760692
1.0
0.9671845086151886
0.9901483726866627
0.9781928047223998
0.7997567007019782
0.7995074186343333
0.8874740746649653
0.8913628749202301