0100000000
0.6233413751507842
0.7146160032167272
0.6095697627663852
0.6726980297547249
0.5957730197024528
0.58886208283072
0.5959238037796543
0.6369119420989146
0.6017541214314436
0.7516083634901488
0.6435213108162444
0.7386409328508245
0.6845345798150383
0.7043626859670287
0.7001156011258544
0.7090872537193407
0.7117762364294332
0.6941093687173304
0.7226075593084038
0.6924004825090472
0.7262766385203057
0.6618415761962203
0.7060715721753117
0.6256533976678731
0.7068003618817854
0.6094692400482508
0.7229342581423402
0.47064736630478465
0.7867661841576197
0.36328910333735437
0.8602482911137919
0.3317249698431846
0.8971903900281465
0.28598713309207885
0.9182247687977487
0.34951749095295537
0.9614244069159634
0.5136710896662645
0.958082026537998
0.5968033775633294
0.9632840772014479
0.6942098914354647
0.9425010052271814
0.7635705669481304
0.9864043023723366
0.8182549256131886
0.9737635705669485
0.8521310816244473
0.9368968636911943
0.9295335745878569
0.8138319260152793
0.8308202653799757
0.8157921190188987
0.7778447929232007
0.869747687977483
0.7036590269400887
0.7546491757137116
0.6959187776437478
0.7752312022517089
0.7405508644953762
0.7520355850422197
0.6751105749899481
0.6996129875351831
0.5375954965822276
0.6659881383192601
0.4663248894250096
0.5730548854041013
0.35936871733011644
0.6135152794531566
0.19491355046240455
0.638470044229996
0.09278246883795731
0.6051216324889427
0.18998793727382393
0.6870225170888621
0.42320064334539603
0.7064234016887818
0.22446722959388832
0.6994119420989147
0.1503819863289103
0.5505629272215521
0.10564937675914758
0.5186469642139124
0.09429030960997196
0.4471753116204262
0.08383594692400467
0.34582328106152
0.08504221954161625
0.3762565339766788
0.0933856051467632
0.4275231202251709
0.07860876558102134
0.5027895054282269
0.06523924406915958
0.7398974668275033
0.023220747889022904
0.869219943707278
0.0012062726176115335
0.9064636107760354
0.044129473260956946
0.8052121029352638
0.05669481302774414
0.3745979091274629
0.025532770406111672
0.3292370325693607
0.0
0.35311117812625653
0.0016083634901486352
0.3497687977482911
0.0034177724165660958
0.31850623240852427
0.07599517490952949
0.35577503015681555
0.08825894652191389
0.4746934057096903
0.08564535585042223
0.6842832730197024
0.09238037796541984
0.5931594290309612
0.10735826296743056
0.3482358262967429
0.09147567350221153
0.310665460394049
0.07137112987535178
0.28362484921592285
0.08122235625251292
0.30775030156815436
0.09670285484519477
0.3913098110172899
0.14173703256936077
0.4976125854443103
0.2924205870526736
0.4842430639324488
0.28548451950140746
0.502487937273824
0.29603940490550845
0.5264374748693206
0.3776638520305592
0.4479292320064336
0.4532569360675512
0.4236278648974668
0.542722155207077
0.3921139927623643
0.6916968234821069
0.36823984720546843
0.8130277442702053
0.2845546843586651
0.8666063530357861
0.25379473260956975
0.8918375552874954
0.31330418174507435
0.9298351427422602
0.3465269400884599
0.9383795737836755
0.2975975070365903
0.8017691998391635
0.39530558906312824
0.762062726176116
0.5091978287092882
0.6746079613992761
0.666465621230398
0.6575190993164457
0.7170536791314839
0.6311821471652593
0.7307247687977486
0.5503618817852837
0.7442702050663452
0.6070566948130277
0.7895054282267795
0.697728186570165
0.8490148773622843
0.8370526739043022
0.8920888620828308
0.8274024929634098
0.9117913148371533
0.9322476879774834
0.924507438681142
0.9690390028146365
0.9401387213510254
1.0