0010000000
0.40294525503436635
0.04003376341492853
0.4289611720728327
0.0
0.456318581936573
0.01929337995900154
0.4902327263957556
0.03310020499216202
0.5111841311949836
0.04811286627276032
0.5192180151935368
0.0842879536958881
0.5078379356083444
0.14361509706981807
0.47956107560593264
0.13137585915832656
0.45001808754371164
0.0851923308814663
0.41301398770047026
0.08772458700108536
0.38598818280477515
0.10961051489207783
0.37290485952007735
0.12594959604485728
0.3561286627276017
0.13885204389243955
0.3467231399975883
0.1539852887977814
0.3371970336428313
0.18214156517544938
0.33998552996503084
0.23308814662968783
0.34339201736404174
0.2342939828771253
0.3480797057759558
0.22922947063788762
0.3474315687929579
0.23483660918847254
0.3513957554564091
0.23809236705655396
0.3600325575786809
0.24014228867719753
0.3817979018449296
0.23664536355962895
0.393584951163632
0.24406125648136995
0.41235077776437984
0.2553961172072832
0.42422826480164005
0.2808995538405884
0.4248914747377306
0.33769444109489954
0.4185306885324974
0.3824912576872061
0.4118985891715904
0.38671168455323784
0.4050705414204751
0.3586759918003136
0.4039099240323164
0.34185457614855913
0.4080097672736043
0.35668636199204123
0.4151844929458581
0.35053659713011004
0.4223742915712046
0.34740142288677206
0.4343271433739299
0.36506692391173284
0.441727963342578
0.37700470276136505
0.44935487760762083
0.35795249005185115
0.4606294465211624
0.3670565537200051
0.47264259013625964
0.36361992041480773
0.503542143976848
0.37109610514892094
0.5493488484263835
0.393584951163632
0.5913873146026769
0.4034125165802485
0.5454148076691185
0.4271071988423972
0.5036928735077777
0.44308452912094554
0.45356023152055946
0.5016278789340404
0.4088689255999038
0.5765706017122872
0.3152206680332812
0.6412637163873145
0.24281020137465334
0.6614011817195223
0.21316170264078155
0.6520559508018811
0.18054383214759445
0.6380682503316046
0.13618413119498388
0.6253466779211387
0.14982515374412167
0.5945978536114791
0.30350898348004346
0.5651151573616305
0.3411009284939106
0.5578801398770049
0.24713613891233593
0.5531170866996258
0.21049378994332574
0.5504039551428912
0.1630592065597493
0.5457011937778851
0.11327324249366955
0.5406969733510187
0.11900096466899812
0.5296032798745929
0.13607862052333308
0.517122874713614
0.16223019413963607
0.4986735801278181
0.20764500180875442
0.4849873387194019
0.24908054986132905
0.47063788737489465
0.2747497889786569
0.4536355962860245
0.2933196671891958
0.4394670203786328
0.3332027010731944
0.4221632702279033
0.3606505486554928
0.4167972989268056
0.36874472446641743
0.4182443024237305
0.35498311829253587
0.41788255154949966
0.35882672133124316
0.4168575907391777
0.36541360183287114
0.4161340889907152
0.37490956228144234
0.41480766911853384
0.3847974195104304
0.4139032919329557
0.38549077535270726
0.4134209574339803
0.3788285300856144
0.4112504521885929
0.380561919691306
0.4096828650669239
0.38853551187748697
0.40811527794525504
0.39200229108887014
0.40449776920294195
0.3939919208971423
0.4037139756421079
0.40746714096225733
0.41619438080308707
0.438291330037381
0.47811407210900764
0.4807819848064635
0.5767514771494031
0.5117267575063306
0.6860605329796212
0.5113348607259135
0.7915109128180394
0.5242373085734956
0.8887013143615096
0.5605028337151817
0.9566501869046177
0.5911762932593754
1.0
0.6104998191245629
0.9993367900639097
0.6508199686482575
0.9360906788858071
0.6072591342095741
0.8175569757626912
0.5162787893404076
0.6961292656457254