0010000000
0.39988894346795384
0.43021591952672833
0.4025799286675352
0.4171454199859042
0.3997821583409861
0.3976678128270292
0.38355081904192373
0.37314994767528786
0.38760865386668936
0.340601840975589
0.4262221557781432
0.30010892082950663
0.46353287914059327
0.2641436900668474
0.4893108087905517
0.24594750443158278
0.5014415992140614
0.24620378873630488
0.48670525169254436
0.2562843047220383
0.45697627234478777
0.2643145462699957
0.4256668731179121
0.2704653695833244
0.39275569698652374
0.2723447878179528
0.3611900134549261
0.2754201994746172
0.3217008735023386
0.287123849390257
0.28338636994639393
0.31189799884672065
0.24560579202528673
0.3413706938897551
0.20863678106913267
0.3666574119556627
0.1697883518783504
0.3899792836853683
0.16532473357110822
0.4057834824765607
0.2183755846485701
0.41466800504025786
0.27633855156653786
0.41569314225914583
0.3399611302137839
0.4126177306024817
0.3750934369860965
0.40697947589859684
0.3821626123913462
0.40322063942934033
0.41210516199303765
0.40441663285137636
0.4423467099502383
0.4143262926339621
0.465006513892745
0.420220831642569
0.47162719176473095
0.4188539820173846
0.5020609529504731
0.41483886124340585
0.48965252119684766
0.4096277470473911
0.43021591952672833
0.3976678128270292
0.4556094227196036
0.3861350191145378
0.5216667022617091
0.3890395745680542
0.5412510945475515
0.3957029664908272
0.526450675949854
0.4015120773978602
0.5359118381991756
0.40561262627341266
0.5439847937979199
0.4076629007111888
0.48294641522328763
0.41278858680562974
0.4410866454520214
0.41560771415757214
0.35916109604254326
0.41492428934498005
0.27050808363411144
0.41347201161822184
0.27014501420242193
0.40920060653952134
0.293915383465391
0.40697947589859684
0.2940648826431454
0.348461226320398
0.3216154454007646
0.308139162377464
0.3662943425239733
0.3318881746150398
0.39232855647865367
0.3721248104563994
0.3822480404929202
0.32052623710569583
0.38389253144821994
0.28105845417850206
0.3796211263695193
0.30002349272793266
0.37142002861841394
0.33513444247485186
0.3897016423552528
0.3449586741558637
0.5195096426969651
0.32795848194263505
0.6624308566302888
0.3120688550498686
0.8179740725711724
0.31659654443329127
0.9381927685112017
0.3255664950985627
1.0
0.33897870704568267
0.925976549986118
0.3578583174935396
0.7160797044187686
0.38724558443499996
0.5717062127586868
0.4037332080387844
0.5688657283813509
0.4208188283535871
0.5909061785874463
0.3784464899728766
0.5808683766524997
0.354953762040023
0.5104969779809068
0.3369284326079062
0.39753967067466844
0.30890801529163003
0.30918565662174574
0.2912243982658095
0.2723020737671657
0.29045554535164353
0.26931209021207525
0.30805373427589017
0.2814215236101916
0.3336821647480937
0.29899835550904463
0.34803408581252787
0.3173653973474573
0.3469235204920656
0.3238152190162954
0.33581786728744434
0.32733912820622335
0.3324861713260578
0.3525617751959506
0.3318881746150394
0.38036862225829193
0.31497341050338523
0.3985434508681631
0.2990837836106188
0.420220831642569
0.3177925378553277
0.42594451444802767
0.32923990346624515
0.4108023834440339
0.3143754137923668
0.3944429019926105
0.25389231787796596
0.33923499135040475
0.16180082438118013
0.26247784208615416
0.10071973175576103
0.2372338380710335
0.07509130128355718
0.2136343250112125
0.03955321102876795
0.1726501932810798
0.006150823313328952
0.1197915554321594
0.0
0.10063430365418702
0.004613117484996684
0.11020225103047651
0.016316767400636423
0.11041582128441155
0.02494500565961178