0010000000
0.004458682872052303
0.00383116454191163
0.11358081775546598
0.11044322610476251
0.39857322148094315
0.37439725213025943
0.9421362045049212
0.8671642776933747
0.9998348635973314
0.9192152718145189
0.9998018363167976
0.9192152718145189
0.9998018363167976
0.9192152718145189
0.9998018363167976
0.918851971728648
0.4732479027676861
0.5396657639209989
0.2085755333905806
0.33849659819010497
0.24209822313230736
0.34361582667283175
0.24667250148622769
0.34781029130061414
0.2501733932228021
0.34632406367659696
0.25033852962547065
0.340841535107999
0.24943027941079338
0.3366140431996828
0.24665598784596077
0.34724882753154107
0.2429486756060506
0.33932228020344785
0.23959640663187795
0.33542506110046894
0.23683037188717881
0.3294140960433317
0.23424598718541517
0.33149481471695613
0.2314469251601824
0.3279939229803818
0.2298533588744303
0.31858114802827137
0.23264416407952976
0.3183499570645352
0.2359386353127683
0.3132967831428759
0.2343533258471497
0.31534447453596665
0.23303223462580094
0.3286214413105224
0.2323386617345928
0.3441112358808376
0.2339487416606116
0.34602681815179315
0.2393652156681419
0.3481735913864851
0.2431633529295198
0.348437809630755
0.2471761675143668
0.34533324526058534
0.25072660017174186
0.34434242684457345
0.2561843582799392
0.3398837439725213
0.2498926613382654
0.3382984345069025
0.25507794438205955
0.33651496135808173
0.249884404518132
0.3345663518065921
0.24601195587555322
0.33060307814254564
0.23260287997886256
0.32809300482198284
0.22014333839751632
0.3275645683334434
0.217814915119889
0.32733337736970725
0.21873967897483323
0.3250544950128806
0.224684589470903
0.3247572494880771
0.22447816896756717
0.3289847413963934
0.21921031772243876
0.33605257943060973
0.21055717022260384
0.3445736178083096
0.1975939626131184
0.3539533654798864
0.18869311050928067
0.3642909042869409
0.1799573948081115
0.3777990620252329
0.22579100336878258
0.39193473809366536
0.30428859237730366
0.4054759231124909
0.26870169760221946
0.41812537155690577
0.18665367593632345
0.4279675011559548
0.18737201928793185
0.43533258471497444
0.18491974370830302
0.4402206222339653
0.1818894907193342
0.4429949137987977
0.17928859237730363
0.44368848669000593
0.17615100072660023
0.4455049871193606
0.16848041482264353
0.4459673690468327
0.16673822577448974
0.4457692053636303
0.1630721976352467
0.4428297773961293
0.15989332188387606
0.43685183961952573
0.15655756654997027
0.429222537816236
0.15798599643305372
0.4198097628641258
0.15389061364687234
0.4087125966047953
0.15114109254244004
0.3952374661470373
0.15119889028337405
0.38063940815113273
0.15351079992073452
0.36468723165334554
0.15893553074839817
0.35081577382918294
0.168777660347447
0.33800118898209913
0.1778519056740868
0.3229407490587225
0.18942796750115592
0.31055551885857713
0.2158332782878658
0.30143998943127026
0.24673855604729508
0.2950987515687958
0.2667283175903296
0.2919281326375587
0.2773631019221877
0.2906730959772772
0.27979060704141623
0.29153180527115397
0.27882455908580484
0.29278684193143534
0.277924565691261
0.2933483057005086
0.27855208402140164
0.29480150604399225
0.2732594623158729
0.2908712596604796
0.3072362771649381
0.34259198097628646
0.855943259132043
0.8160380474271747
0.9998018363167976
0.9192152718145189
0.9998018363167976
0.9192152718145189
0.9998018363167976
0.9192152718145189
0.9998018363167976
0.9192152718145189
1.0
0.9202721447915979
0.5796948279278681
0.5376841270889751
0.10122861483585434
0.09921395072329733
0.00026421824426977404
0.0