0010000000
0.4320884007986929
0.9067435106189872
0.43563940824106007
0.9159557088400798
0.4375680704302051
0.9235795970230535
0.44327464149573426
0.930295879469958
0.4502745507351605
0.9351969504447271
0.4514204029769468
0.941323289163187
0.4489131421310581
0.9480849518968962
0.4551529315665275
0.9544835723361769
0.47793383554184055
0.9605191504810312
0.5070566345979306
0.9657378834634237
0.5325263205663461
0.9721818841895082
0.568456162642948
0.9773552368850965
0.601606462152841
0.9827101107278998
0.6317730078054091
1.0
0.6659670539117806
0.8644037030314028
0.6881353240152478
0.5157015792339806
0.6797626611000178
0.33422581230713366
0.6698130332183697
0.1899165002722817
0.6605214194953711
0.11050099836630958
0.637808585950263
0.08431657288074051
0.6022304410963877
0.03648575058994369
0.5623071337810855
0.0004084225812307542
0.5435764204029768
0.006035578144853868
0.5515293156652751
0.013069522599382771
0.5653929932837176
0.0
0.5817752768197495
0.012797240878562337
0.5866082773643128
0.07478671265202395
0.5977151025594482
0.11626429479034302
0.5748661281539298
0.12043928117625706
0.559334724995462
0.19332002178253757
0.5640996551098203
0.24106008349972774
0.572926120893084
0.25049918315483743
0.538539208567798
0.24423670357596652
0.4774573425304047
0.28498820112543116
0.4414253948084952
0.31466690869486297
0.42576919586131784
0.33077691051007435
0.4101243419858415
0.34979125068070444
0.4030790524596114
0.35333091305137043
0.37585088037756387
0.3883191141768013
0.3659352877110183
0.4471773461608277
0.35780087130150656
0.4847522236340533
0.3530019059720458
0.4953258304592486
0.35944590669813015
0.45398438918133976
0.3236862406970411
0.3594118714830277
0.23685106189871113
0.3125340352151026
0.2423761118170267
0.31575603557814486
0.23723679433654013
0.3071337810854965
0.2312919767652931
0.2991922308948992
0.264748593211109
0.2919767652931565
0.27601424941005626
0.29302051188963507
0.28004174986385894
0.2895262298057724
0.24725449264839347
0.28934470865855866
0.23781539299328364
0.2837175530949353
0.21745098929025228
0.28131239789435475
0.18672853512434198
0.29165910328553274
0.1558132147395171
0.31208023234706844
0.15217144672354327
0.3225630785986567
0.17563305500090753
0.31743510618987114
0.19658740243238335
0.31997640225086205
0.2003766563804683
0.3416681793428934
0.19217416954075148
0.36304229442730074
0.1779814848429843
0.3811490288618623
0.1558132147395171
0.40851334180432025
0.15278408059538934
0.43950807769105066
0.15467870756943183
0.46855146124523517
0.16567208204755857
0.5024051552005809
0.20888546015610807
0.5333091305137048
0.23429842076601917
0.5601288800145217
0.2170992920675259
0.5900344890179703
0.21147213650390276
0.6202123797422397
0.21060991105463783
0.6495280450172444
0.22087720094390992
0.6766200762388819
0.23348157560355776
0.6982664730441094
0.24841168996188048
0.7114267562170995
0.26236612815392985
0.7132873479760392
0.2932814485387547
0.709747685605373
0.3571428571428572
0.7044381920493734
0.37020103467053905
0.7017153748411692
0.3766223452532221
0.7027591214376475
0.4145829551642767
0.7087946995825012
0.4460428389907424
0.719867489562534
0.4497867126520239
0.7328916318751134
0.449230804138682
0.7416954075149754
0.45145443819204917
0.7505899437284443
0.46377518605917567
0.7559448175712469
0.47559675077146485
0.7546741695407516
0.49340851334180424
0.7446905064440008
0.5031312397894354
0.720502813577782
0.5161894173171173
0.7033490651660917
0.5396283354510801
0.7015338536939554