0010000000
0.5975651577503428
0.20896204846822147
0.6639803383630543
0.23491083676268873
0.7211648376771833
0.24302697759487893
0.7659465020576133
0.24588477366255176
0.8004686785550984
0.21810699588477359
0.8032693187014175
0.17512574302697778
0.7653177869227252
0.14494741655235496
0.6700102880658436
0.11625514403292198
0.4748799725651578
0.10322359396433499
0.332847508001829
0.06698673982624623
0.24582761774119788
0.07830361225422976
0.22022176497485155
0.1194558756287152
0.22770919067215376
0.13580246913580252
0.21270576131687258
0.15157750342935541
0.3183870598994058
0.15500685871056252
0.4238683127572017
0.1806127114769092
0.4243827160493828
0.18244170096021947
0.3305612711476909
0.16037951531778713
0.210991083676269
0.17832647462277113
0.15180612711476932
0.18369913122999562
0.15217764060356676
0.15020576131687266
0.2718907178783725
0.09887974394147253
0.5079446730681298
0.1348879743941476
0.6089106081390032
0.20370370370370386
0.7198502514860543
0.2072473708276179
0.6654378143575674
0.20141746684956535
0.6369741655235485
0.16117969821673536
0.7327389117512574
0.08836305441243733
0.8371913580246914
0.060013717421125067
0.8856024234110653
0.035093735711019515
0.8889460448102423
0.0
0.94387288523091
0.014403292181069734
0.8565100594421582
0.019547325102880844
0.8324188385916781
0.05749885688157286
0.7154492455418383
0.12082761774119814
0.5871627800640146
0.14220393232738934
0.5074016918152723
0.12700045724737097
0.4540466392318245
0.14380429812528603
0.4513317329675355
0.1622085048010976
0.42841220850480116
0.1654092363968908
0.40926497485139474
0.19318701417466866
0.3884316415180614
0.25457247370827646
0.4252400548696846
0.3168724279835391
0.46527777777777785
0.34910836762688635
0.48996913580246937
0.6101966163694555
0.6065957933241882
0.959419295839049
0.7210505258344766
1.0
0.7437414266117973
0.9239826245999087
0.6346879286694102
0.719135802469136
0.6272290809327845
0.6863283036122539
0.7329675354366716
0.5776177411979876
0.8908036122542297
0.457018747142204
0.8949759945130312
0.46776406035665297
0.8756858710562414
0.6594650205761311
0.7083619112940098
0.5668724279835394
0.43592821216278016
0.4103795153177868
0.26411751257430277
0.5417238225880201
0.2197359396433472
0.5021719250114312
0.20196044810242358
0.5292638317329678
0.26165980795610433
0.5661865569272976
0.4309270690443533
0.6226566072245088
0.476708962048468
0.5074302697759487
0.44798811156835855
0.24691358024691348
0.42126771833561966
0.1864426154549609
0.3581675811614085
0.16243712848651143
0.30209762231367193
0.15855052583447657
0.2838363054412438
0.3168724279835393
0.2723765432098768
0.4618198445358942
0.2577446273433931
0.6986739826246001
0.2414266117969825
0.6960448102423414
0.17926954732510286
0.7009602194787382
0.16229423868312767
0.9019204389574761
0.1824988568815729
0.8649977137631449
0.23511088248742562
0.8700274348422499
0.41212277091906735
0.7672610882487424
0.4865969364426155
0.4362139917695476
0.4673353909465021
0.18221307727480543
0.4645919067215364
0.2470278920896204
0.49005486968449913
0.3061271147690899
0.5189186099679929
0.244855967078189
0.5358653406492913
0.09773662551440358
0.5717878372199361
0.08687700045724757
0.6164266117969822
0.29629629629629595
0.6310585276634659
0.5062871513488797
0.6179698216735252
0.43427069044353
0.6183699131229996
0.2774348422496569
0.6107395976223136
0.17626886145404683
0.6174554183813445
0.21993598536808406
0.630115454961134
0.20233196159122122
0.6069673068129859
0.022862368541380754