0010000000
0.2900760653878862
0.0030709628649721325
0.33219550222054245
0.0012756307285268814
0.3298922800718132
0.0
0.3440305206463194
0.003118208447510176
0.36569262024000754
0.007086837380704886
0.3978668619484079
0.006141925729944255
0.4427265425682698
0.007653784371161321
0.47610554663139
0.00623641689502033
0.49083435698762157
0.007039591798166875
0.5003897760559389
0.010252291410753105
0.48384201077199274
0.014315411509023924
0.4746527449683455
0.018520268354908817
0.45941604459982976
0.022961353113483875
0.45705376547292825
0.028111121610129457
0.4310805064726448
0.03108759331002548
0.4322380232448265
0.06543513181517528
0.4644949447226684
0.2722762921666823
0.4779835585372767
0.4310686950770103
0.49482660871208545
0.4802041009165644
0.531914391004441
0.5209297930643486
0.5667698195218748
0.5669942360389301
0.5723447982613625
0.6148540111499573
0.5791835963337428
0.6546347916469811
0.6009874326750448
0.7127941037512993
0.5787229519039969
0.7714731172635356
0.5514858735708211
0.8345459699518092
0.5576750448833034
0.8861853916658792
0.5630492298970046
0.9013039780780496
0.5838609090050079
0.9075403949730702
0.5628366247755834
0.9417934423131438
0.5258669564395729
1.0
0.5233275063781536
0.9907398658225456
0.5302726070112445
0.9533213644524239
0.5223944061230275
0.9052253614287065
0.5313120098270812
0.8379476518945479
0.5636161768874609
0.7633941226495324
0.5346310120003779
0.6519890390248511
0.5402059907398659
0.6413115373712558
0.5234574317301333
0.7607956156099405
0.4950510252291409
0.7383067183218367
0.49062175186620044
0.7120854200132285
0.4596522725125201
0.6976755173391288
0.42985212132665596
0.7469054143437587
0.41537135027874894
0.7179438722479445
0.37605121421147125
0.6969668336010582
0.3168643106869508
0.6670603798544837
0.3202896154209581
0.7130303316639894
0.35673958234905023
0.7575356704148164
0.372696777851271
0.6413115373712557
0.38032693943116314
0.5054332419918737
0.3870948691297364
0.46272323537749216
0.3781418312387792
0.45615609940470553
0.3407351412642918
0.4770858924690541
0.31740763488613816
0.5616554852121327
0.29884012094869133
0.5877822923556647
0.29540300481904946
0.5667107625437022
0.2932060852310309
0.565387886232637
0.2871704620617972
0.5735141264291785
0.3367310781441935
0.593168288765
0.4491991873759803
0.5371822734574317
0.4887437399603136
0.5213077577246527
0.4709085325522063
0.4777945762071247
0.5006378153642633
0.36218463573655846
0.46991637531890773
0.26698478692242256
0.3992369838420109
0.18803741850137015
0.3989889445336861
0.16176887461022388
0.3901067750165359
0.1637059434942833
0.41809978267032033
0.16772181801001604
0.4837829537938203
0.16918643106869505
0.5369696683360103
0.1833601058301049
0.5331427761504298
0.18817915524898418
0.554367854105641
0.19077766228857607
0.5530095436076727
0.198053481999433
0.4264858735708212
0.2141642256449023
0.37600396862893304
0.22772370783331744
0.3892917887177548
0.26655957667958047
0.378673344042332
0.35183785316072946
0.3823112538977605
0.4084380610412925
0.3870476235471983
0.42275347255031653
0.3690352452045734
0.4509118397429841
0.3678304828498535
0.4772748747992061
0.3667792686383823
0.4939525654351317
0.3608971936123972
0.511480676556742
0.36225550411036567
0.541812340546159
0.35751913446092787
0.5307568742322594
0.356219880941132
0.5266937541339882
0.3631767929698573
0.5275914202022111
0.37170462061797227
0.5452612680714352
0.3994023433808939
0.4837002740243784
0.42653311915335923
0.46026646508551444