0010000000
0.9702362784823447
0.9960006314792402
0.9698152923222648
0.9961690259432723
0.9696889964742407
0.9966742093353681
0.9704046729463769
0.9954112508551279
0.971046676840499
0.997010998263432
0.9714992369625848
1.0
0.9714781876545809
0.997852970583592
0.9582065989580592
0.9963795190233122
0.9518076093248433
0.9933905172867441
0.9572383307898753
0.9935589117507762
0.9608482871125612
0.9957480397831919
0.962816397410935
0.9967584065673841
0.9629953165289689
0.9969268010314163
0.9634373519970529
0.9962532231752881
0.964374046203231
0.9958322370152075
0.9653317897174131
0.993137925590696
0.9657633005314951
0.9942324896069041
0.966699994737673
0.9948218702310162
0.9657633005314951
0.9928853338946477
0.9656791032994789
0.9932221228227116
0.9660053675735412
0.994863968847024
0.966100089459559
0.9949902646950481
0.9672157027837712
0.9952007577750883
0.9664684523496289
0.9961269273272639
0.9653107404094089
0.9964637162553275
0.9657633005314951
0.9937273062148082
0.9656264800294687
0.9903173183181603
0.9614797663526812
0.9906120086302165
0.9603010051044574
0.9877493027416719
0.9589012261221913
0.9863600484134083
0.9567226227437772
0.9863179497974004
0.9534284060411513
0.988675472293848
0.9301268220807241
0.9896437404620319
0.8970583592064411
0.9887175709098565
0.8882176498447615
0.9858127664053045
0.8862600642003893
0.9835394411408722
0.896595274430353
0.9809714255643844
0.8834078829658475
0.9818554965005524
0.6367520917749828
0.9811398200284165
0.24665579119086453
0.9822343840446244
0.13011629742672207
0.9240119981055618
0.10580434668210276
0.7635320738830708
0.10813029521654476
0.6334894490343629
0.0842709045940115
0.5436931010893016
0.05482292269641634
0.46677892964268797
0.04215123927800869
0.3978634952375941
0.032142293322107
0.3366521075619637
0.02583802557490916
0.29291164552965315
0.011861285060253593
0.2519496921538703
0.0025364416144818447
0.22706941009314321
0.008398673893595662
0.2057675103930957
0.058790717255170134
0.19692680103141608
0.12519075935378615
0.19945271799189598
0.162153344208809
0.19419039099089608
0.1673419986317949
0.19061200863021627
0.1546703152133873
0.17511971793927275
0.13485239172762192
0.16880492553807294
0.09899489554280903
0.1742356470031048
0.07785086565279162
0.17958217123612052
0.04525601220859855
0.19402199652686417
0.016650002631163445
0.2088407093616797
0.0
0.23628900699889463
0.0012419091722358849
0.2830184707677735
0.008693364205651692
0.3457454086196917
0.016607904015155408
0.423417355154449
0.03744671893911487
0.4926695784876073
0.07527232542230163
0.5707625111824447
0.1253907277798242
0.6629163816239542
0.1752775877493026
0.7615534389306953
0.21742882702731128
0.8117349892122292
0.25497026785244437
0.8585065515971158
0.30986686312687456
0.9008156606851547
0.38118191864442447
0.9337788770194179
0.4786612640109456
0.9548281850234173
0.6582434352470662
0.9668262905856967
0.832173867284113
0.9734778719149609
0.9236120612534864
0.9749934220912487
0.9529337473030574
0.9746145345471768
0.9574172499079093
0.9741093511550807
0.9568594432458032
0.974025153923065
0.9566489501657633
0.9707414618744411
0.9562069146976794
0.969899489554281
0.956459506393727
0.969562700626217
0.9551544492974793
0.9673735725938009
0.9536283744671892
0.966699994737673
0.9523969899489553
0.965184444561385
0.9517023627848235
0.9640056833131612
0.9495974319844236
0.9624901331368734
0.9482292269641635
0.9597958217123611
0.9458611798137136
0.9545755933273691