0010000000
0.6352869166029077
0.5656618209640398
0.6401224177505741
0.6006732976281564
0.6511094108645761
0.6702065799540934
0.6680030604437648
0.7289671002295339
0.6900076511094113
0.7929915837796484
0.7225401683244073
0.8048661055853102
0.7630910482019895
0.749410864575364
0.7828003060443766
0.6173221117061977
0.7981331293037491
0.5122876817138484
0.8103749043611325
0.5404437643458306
0.7882172915072689
0.5337107880642699
0.7373221117061978
0.4773986228003057
0.7012700841622035
0.4051721499617446
0.6771843917368022
0.30980872226472794
0.6681866870696254
0.3080948737566943
0.7114307574598319
0.43455241009946416
0.7952257077276209
0.5152257077276199
0.9051874521805667
0.5803519510329005
0.9750573833205819
0.6813465952563121
0.9850344299923494
0.7317827084927319
0.9387299158377974
0.7186840091813312
0.9345983167559305
0.7081560826319818
0.9823106350420812
0.750757459831676
0.9908186687069626
0.8124560061208872
0.9926855394032139
0.88884468247896
0.9648661055853099
0.9742922723794959
0.9344452945677124
0.998898240244836
0.8946595256312166
0.9921652639632755
0.8689517980107119
0.9815149196633512
0.9167253251721504
0.9957153787299154
0.9476970160673307
1.0
0.9622953328232594
0.9891048201989289
0.9491966335118601
0.929977046671768
0.8453557765876053
0.8218821729150728
0.8269013006886
0.7641009946442235
0.8714919663351192
0.7310482019892887
0.7493496557000765
0.6491507268553942
0.6498546289211938
0.5854934965570014
0.6083550114766644
0.636908951798011
0.5422800306044382
0.6874674827850036
0.47635807192042884
0.6889364957918902
0.3999693955623567
0.6897934200459073
0.3334965570007647
0.7057077276205054
0.33450650344299926
0.7255394032134661
0.4196174445294565
0.7281101759755169
0.4276664116296862
0.713909716908952
0.2908951798010716
0.6639632746748279
0.0813465952563121
0.5996939556235659
0.05918898240244832
0.5386074980872232
0.01869931140015301
0.515225707727621
0.0
0.5353022188217295
0.06711553175210401
0.5856159143075746
0.2186074980872227
0.647681713848508
0.30494261667941874
0.6777964804896714
0.38534047436878344
0.6643305279265487
0.48700841622035185
0.6586993114001524
0.5454016832440707
0.6671461361897477
0.5638561591430761
0.6670237184391734
0.5551951032899771
0.6594338179035962
0.5117061973986233
0.6699617444529463
0.5038714613618975
0.6245447589900538
0.5101759755164502
0.6544146901300685
0.4885998469778121
0.7489211935730685
0.43084927314460614
0.8019280795715384
0.37655700076511134
0.838041315990819
0.31880642693190536
0.8373068094873758
0.28241775057383345
0.7104820198928846
0.2718898240244836
0.6644529456771237
0.25196633511859223
0.765447589900536
0.202785003825555
0.8718286151491967
0.1673450650344299
0.8572609028309108
0.2127620504973224
0.8190665646518749
0.29193573068094875
0.863381790359602
0.3637337413925019
0.8530986993114003
0.40648814078041334
0.7764651874521816
0.4118133129303749
0.7085233358837038
0.4326243305279267
0.6653098699311403
0.5305891354246369
0.6083856159143081
0.6506503442999237
0.5862280030604439
0.6732364192807957
0.5067788829380263
0.6536189747513389
0.3363733741392504
0.649854628921194
0.2657383320581487
0.6530986993114004
0.27357306809487403
0.6427237949502678
0.2948737566947212
0.6257689364957923
0.34396327467482807
0.6352563121652645
0.41349655700076504
0.6964957918898242
0.49625095638867667
0.7547054322876818
0.5596633511859223
0.764529456771232
0.5547666411629691
0.7508798775822498
0.510941086457536