0010000000
0.7580547724526782
0.7231675392670156
0.7422346959323398
0.7080144985904145
0.7084675795408778
0.7018727345952477
0.672711941200161
0.6398509867096255
0.6639020338300441
0.5612162706403542
0.6820126862666128
0.5892066049134111
0.6661926097462746
0.6529903342730567
0.6448222915827626
0.6900422875553767
0.6181534434152236
0.6757450664518727
0.5809756343133305
0.654550946435763
0.5557037857430527
0.6712645992750704
0.5269457309706
0.7158175594039468
0.5067207007652034
0.7293093032621828
0.5734997986306885
0.7232682239226741
0.6522477849375753
0.6767519130084574
0.7309706000805477
0.6732782923882399
0.76239679822795
0.7023761578735399
0.7462117398308497
0.7647503020539668
0.72253826016915
0.8283830044301247
0.6545635320177206
0.8392066049134111
0.554533326621023
0.8071888844140153
0.5121450865888038
0.7698852194925495
0.5023283326621023
0.6634615384615384
0.5083064840918244
0.6510773258155457
0.506909484494563
0.7032823197744664
0.5034232782923882
0.7565948449456303
0.5148509867096254
0.7955598066854611
0.5376434756343133
0.8375453080950461
0.5499521747885622
0.8903040676600887
0.5280280910189287
0.9024365686669347
0.5210430930326218
0.8554168344744263
0.5601213250100684
0.8241542488924687
0.5574405960531614
0.8642770841723723
0.5703408175594038
0.8607531212243258
0.5779299234796615
0.8760571888844143
0.5768727345952475
0.8807390253725331
0.6037303664921466
0.8565747080144988
0.609318364881192
0.8604510672573501
0.6121752919855012
0.8826016915022152
0.6087142569472411
0.9318868304470396
0.5963300443012486
0.969039468385018
0.5742297623842125
0.9797623842126458
0.5406262585581956
0.9797623842126458
0.5707561417639951
0.9942106322996376
0.5464030406766006
1.0
0.5207410390656464
0.988018525976641
0.5685662505034231
0.9937575513491744
0.5999924486508255
0.9655155054369714
0.5669049536850583
0.9216169955698746
0.5576671365283931
0.8771647200966568
0.5630411800241643
0.871173983084978
0.550191300845751
0.880235602094241
0.5233965968586385
0.8873338703181632
0.47938481675392663
0.8784736206202174
0.4225734997986307
0.8692106322996377
0.38388542086186067
0.9340515505436973
0.3711739830849778
0.9678815948449456
0.36742347966169964
0.9802658074909384
0.33928211840515493
0.9811216270640356
0.3475256745871928
0.979913411196134
0.36904701973419246
0.9257450664518725
0.40473973016512277
0.8517921868707206
0.4662077124446234
0.8993153443415225
0.47466522351993556
0.9394381796214257
0.43483185662505025
0.9512686266612969
0.40239881192106314
0.9539367700362466
0.3558699154248891
0.9061115585984695
0.30322442609746275
0.8131796214256947
0.26293797825211435
0.8545610149013292
0.23271999597261375
0.8220902134514699
0.20519532823197736
0.6498187676198147
0.1698046717680225
0.5344341522351992
0.11548530004027383
0.29998993153443415
0.0878473620620217
0.06056182037857423
0.08243556182037856
0.030608135320177195
0.07930175191300842
0.032269432138542074
0.06165676600886021
0.040273862263391025
0.05355165122835277
0.04727144583165521
0.04847966169955697
0.05175191300845751
0.05142468787756746
0.05572895690696737
0.04847966169955697
0.05285944422070074
0.05352648006443816
0.04998993153443413
0.05362716472009663
0.036800241643173595
0.05721405557792992
0.03307490938380987
0.06540726943213852
0.04415022150624243
0.0669678815948449
0.05925291985501404
0.06385924285138946
0.06972412404349575
0.046151329037454676
0.07526178010471204
0.02454188481675392
0.08135320177204991
0.0
0.087696335078534