0010000000
0.8987541343204289
0.0
0.8819769334909942
0.006786283481569156
0.875978955666375
0.020495947080698483
0.8823025380014737
0.04339108529124455
0.8929960756087943
0.07883056569499422
0.915788391342347
0.12496358370606485
0.9370726440799955
0.19145545216184265
0.9364728462975338
0.258975545387555
0.9165766969992972
0.30325775881274303
0.905694651517488
0.3332819220948363
0.9094133977687521
0.34274158997823584
0.9037238873751134
0.3371206279025927
0.9043236851575751
0.32985450619505385
0.9011704625297755
0.3222456428975371
0.8813942727880311
0.32683838020324574
0.8781039535242403
0.3349956300447276
0.9060373931074668
0.3579593165732694
0.9117440405806039
0.38270525936969835
0.91715935770226
0.40381814131235727
0.9146230699364213
0.45502373485510594
0.9306976505064005
0.483951125049269
0.9666683803746161
0.46263259815262275
1.0
0.4431648758418591
0.9049748941785337
0.45276164036124944
0.787791544564975
0.4457697119256937
0.7407159871814645
0.450568094185389
0.7245899953729885
0.4549551865371104
0.725052696519459
0.45570921803506237
0.7317875687625315
0.45865679570887524
0.7332099463609408
0.458039860846914
0.6814216921152296
0.47133823453806967
0.6451253577365345
0.4809349990574604
0.6194368755676657
0.48216886878138215
0.6009459667883397
0.47106404126608736
0.5969530272650934
0.46379791955854877
0.5899439617500386
0.450568094185389
0.5923945641183829
0.44522132538172815
0.5868078762017375
0.4631809846965878
0.5374359501653726
0.48587047795314714
0.4861446712251297
0.49025757030486855
0.4461638647541685
0.4860075745891385
0.3950439566089147
0.47826161465563044
0.39408428015697566
0.47387452230390886
0.5421315099480746
0.4852535430911864
0.605967131081521
0.5010196562301851
0.5329631724161566
0.4980035302383767
0.39543810943738955
0.4888866039449556
0.3671105170256884
0.4823059654173735
0.3657566877452745
0.4859390262711425
0.35979298407965304
0.482031772145391
0.36131818415505623
0.47874145288159997
0.3512758555686938
0.496358370606481
0.3270954363957294
0.5082857779377239
0.3259986633077992
0.5053382002639109
0.3191095573492365
0.498689013418333
0.30649666683803733
0.48874950730896427
0.3044402172981679
0.4980720785563723
0.32903192637910644
0.5170599626411665
0.3803403423988483
0.5226809247168095
0.4347334327283945
0.5189107672270491
0.4657858207804224
0.5213099583568966
0.45387555052867873
0.5162373828252189
0.4297122684352131
0.5188422189090535
0.43531609343135724
0.5392010693537607
0.44090278134800265
0.5593542748444809
0.4480146693400509
0.5596970164344589
0.46768803660480174
0.5604510479324112
0.5106678319880725
0.5647010436481416
0.5553270611622367
0.5721042619916715
0.575994379037924
0.6059671310815206
0.6141415180025019
0.6360598426816102
0.6358884718866211
0.6819186674206981
0.6396586293763815
0.7194145973643167
0.631038678388429
0.7388823196750809
0.6330779908487993
0.72661217075386
0.6326152897023289
0.7218823368121604
0.6241152982708686
0.7444347334327285
0.5777937723853098
0.7690435795931655
0.5258855585831063
0.7928298459376552
0.48043802375199196
0.7900879132178293
0.4203896971878051
0.7670556783712918
0.35113875893270263
0.7398419961270198
0.2827275375730467
0.7011121964594791
0.2917073672304764
0.6872654362243587
0.42888968861926535
0.6889105958562541
0.3219371754665568
0.6952855894298492
0.28730313779925626
0.6993984885095882
0.35077888026322546
0.6925436567100235
0.4018473771699827
0.6880880160403059
0.4536870426541907
0.6974791356057102