0010000000
0.9980812429801572
1.0
0.9748806626731561
0.9889554473979786
0.8792704043429428
0.8903500561587422
0.9676619243728941
0.953669037813553
0.9889554473979779
0.9578341445151626
0.9870483901160614
0.9444028453762636
0.9864517034818416
0.9378509921377762
0.9855625233994759
0.9366810183451891
0.9865336016473231
0.9360726319730436
0.9863464058405091
0.9361662298764508
0.9859720142268813
0.9378977910894793
0.9844276488206665
0.9295675776862599
0.9067764882066642
0.6666510670160988
0.8042867839760388
0.4973792587046049
0.7259687383002619
0.43373268438786955
0.6611989891426431
0.378884312991389
0.603952171471359
0.3364844627480342
0.5546143766379633
0.2990453013852486
0.5143204792212656
0.276628603519281
0.48262588918008215
0.2675964058405088
0.44540902283788825
0.24227817296892534
0.4154225945338824
0.2386746536877573
0.3893906776488207
0.2444309247472855
0.37690705728191676
0.2500467989517037
0.4022135904155747
0.2518719580681393
0.4177040434294272
0.26661362785473586
0.42666604268064395
0.28004492699363515
0.4108713964807187
0.2923530512916505
0.38776441407712453
0.2935698240359414
0.37037860351928104
0.31856046424560064
0.34848839385997743
0.34579745413702756
0.32274897042306244
0.37991388992886527
0.2906682890303255
0.42427929614376636
0.2747215462373643
0.5084706102583301
0.25838871209284914
0.5694964432796701
0.23771527517783594
0.6011793335829274
0.20199597529015345
0.6013665293897411
0.10622192062897788
0.5844253088730808
0.06670020591538735
0.6009453388244104
0.060932235117933296
0.6344533882441029
0.045067390490452885
0.6821415200299512
0.020919131411456276
0.7265537251965556
0.0
0.7671284163234743
0.03834004118307746
0.7970329464619991
0.13256973043803813
0.825907899663047
0.1635389367278173
0.8613815050542866
0.2197561774616247
0.9019093972295015
0.2831453575439908
0.9334518906776486
0.2551127854736052
0.9353238487457878
0.1905068326469486
0.9379445900411831
0.11511372145263934
0.9321883189816542
0.10477115312616996
0.9258704605016845
0.1437078809434669
0.92540247098465
0.13816220516660438
0.9317203294646197
0.160110913515537
0.9350430550355673
0.18719580681392725
0.9346218644702355
0.17539077124672398
0.9340602770497938
0.1018228191688506
0.9344814676151255
0.061365125421190415
0.9361662298764502
0.06604502059153869
0.9359322351179334
0.08620366903781347
0.936306626731561
0.11328856233620364
0.934762261325346
0.1468083114938224
0.9348090602770499
0.1895591538749531
0.934855859228753
0.23205260202171465
0.9356982403594156
0.27387916510670157
0.934855859228753
0.3238838450018719
0.9346218644702355
0.38067437289404704
0.9342942718083113
0.43590883564208144
0.934528266566829
0.5033578247847246
0.9347154623736426
0.587046050168476
0.9363534256832647
0.6593855297641333
0.934762261325346
0.727583302134032
0.9356514414077125
0.824679427180831
0.9347154623736426
0.9400271433919878
0.9340134780980907
0.965684668663422
0.9339198801946834
0.9707506551853239
0.9345750655185324
0.9727747098464992
0.9337326843878687
0.9769983152377387
0.9341538749532008
0.9848605391239234
0.9340602770497938
0.98501263571696
0.9347154623736426
0.9928046611755893
0.9432796705353794
0.8868869337326841
0.8528172968925497
0.3299209097716212
0.3542680643953578
0.6090532572070375
0.6252339947585165
0.8706125982777984
0.8743916136278542
0.8762986709097714
0.9594253088730813
0.8627269749157617
0.9646199925121678
0.9980695432422314
0.9997660052414826
1.0
1.0