0010000000
0.9962573283082077
1.0
0.9806148799553323
0.9995812395309883
0.8586072724734788
0.8595407593523173
0.19266471245114455
0.07837800111669455
0.13580925460636514
0.0032802903405918606
0.14885189838079288
0.09153405918481297
0.15230667225013964
0.2352735901730877
0.16760887772194313
0.2994835287548854
0.18326877442769404
0.3307509771077611
0.16992950865438297
0.3550041876046902
0.15390319653824688
0.3667643774427694
0.15938197934115017
0.37611669458403124
0.17807788944723618
0.3710566722501394
0.17308766052484648
0.3500837520938024
0.157820351758794
0.3350781686208823
0.14994242043551093
0.32754048017867116
0.149052554438861
0.3196538246789501
0.14505688163037408
0.30653266331658285
0.15214091289782247
0.2983319374651034
0.1661344919039643
0.30171691792294814
0.18238763260748186
0.3086962590731434
0.21756351200446675
0.32293411501954217
0.20769646845337797
0.29934394193188163
0.1786536850921273
0.2660524846454495
0.17530360134003345
0.2798715801228364
0.21972710776102733
0.27254327191513117
0.2597012841987717
0.23666945840312656
0.24828133724176438
0.20854271356783918
0.2391558486878838
0.20386655499720838
0.2304491206030151
0.21684812953657165
0.2163595756560581
0.23502931323283077
0.20609121998883304
0.23827470686767172
0.18021531267448354
0.24500977107761027
0.1668673227247348
0.23126046901172537
0.155159477945282
0.18247487437185936
0.13411676437744277
0.2127303182579563
0.11082321328866551
0.24434673366834178
0.09104550530429927
0.2248045784477946
0.06147054718034616
0.20316862088218876
0.046194514237855915
0.21908151870463424
0.05429054997208263
0.2365996649916248
0.06954041038525961
0.2342266890005583
0.07210531825795642
0.2403336125069794
0.04910838916806253
0.2540131211613624
0.041387493020658826
0.25547878280290354
0.03820316862088217
0.230213567839196
0.02768181183696261
0.21259073143495244
0.02331099944165273
0.21046203238414285
0.027917364600781706
0.20941513121161354
0.05559917643774427
0.20435510887772187
0.10087765214963712
0.20582077051926304
0.13254641261864877
0.1850572305974316
0.14684533780011164
0.14890424343941935
0.09232795924064767
0.10842406476828584
0.0347745672808487
0.12503489670575096
0.04233842825237298
0.16767867113344495
0.04786955611390281
0.20425041876046887
0.047511864879955366
0.240891959798995
0.04340277777777778
0.27142657733110004
0.04839300670016747
0.2723338916806252
0.05258061139028475
0.24783640424343922
0.05084450027917361
0.24926716917922948
0.050155290340591845
0.22895728643216082
0.05404627303182579
0.20749581239530993
0.0595861250697934
0.1710287548855389
0.08363867950865435
0.11002931323283081
0.14037199888330543
0.09010329424902291
0.15903301228364045
0.11428671133445002
0.17123813512004468
0.11222780569514232
0.17207565605806813
0.1307928531546622
0.15600572305974314
0.17849664991624797
0.14769158291457277
0.14534477945281962
0.16637004466778338
0.1258375209380235
0.17278231434952548
0.10074678950307095
0.17628943327749869
0.06951423785594635
0.18748255164712452
0.03060441094360694
0.19990577889447234
0.0
0.20777498604131775
0.00813093243997761
0.20297668900055832
0.025439698492462335
0.21095058626465665
0.02571887213847015
0.2050617671691792
0.046552205471803526
0.2030203098827471
0.08361250697934118
0.20493962869905086
0.1795435510887771
0.38176996091568954
0.3932509771077611
0.5764674064768286
0.5816931881630376
0.7630426437744278
0.7692629815745392
0.8289712451144614
0.9074539363484084
0.8831832774986041
0.9831099944165272
0.9952540480178672
1.0
1.0
1.0