0010000000
0.6131672455783131
0.355411825767557
0.6140855192238595
0.35780732223419937
0.6235078053259869
0.36355651375414216
0.6301752704914764
0.37553399608735516
0.6352058130714258
0.3768115942028988
0.6383998083602824
0.3814428873717411
0.639238232123608
0.38367868407394123
0.6431508763524572
0.38527568171836885
0.6456661476424322
0.38703237912724076
0.6506966902223822
0.3950173673493828
0.6534914361001317
0.4076336487403677
0.6530921866890247
0.4068351499181538
0.6631931967900347
0.40555755180261105
0.6750908292410268
0.40332175510041146
0.6903421567453191
0.40364115462929717
0.7061923583662717
0.40539785203816847
0.711821775062882
0.39996806004711166
0.7162135185850603
0.3962949654649259
0.6554477582145569
0.39597556593604016
0.5843015131552681
0.394378568291612
0.5109993212760016
0.39709346428714043
0.4452828682077693
0.396454665229369
0.3801652892561983
0.3929412704116261
0.3329740088633366
0.3962949654649259
0.3328542340400045
0.39996806004711166
0.37361759891404156
0.396454665229369
0.4266778456501776
0.39677406475825444
0.4886014293128919
0.3942188685271686
0.5032139577594125
0.39246217111829756
0.5025352337605303
0.3943785682916117
0.4768634966263429
0.39246217111829756
0.3980117379326862
0.38767117818501157
0.4250409230646384
0.3812831876072985
0.48169441450073847
0.37633249490957
0.3808440132550804
0.37026390386074204
0.18050065876152846
0.3622789156385991
0.15997923903062228
0.3571685231764283
0.15510839621511543
0.3491835349542862
0.22845051303549335
0.3376851519144009
0.2609893400407235
0.3322553599233438
0.27807721483610814
0.3190002794745869
0.2770790913083401
0.3095779933724598
0.2800734618916438
0.3025512037369739
0.1987862817902342
0.285623028706033
0.12472551602986374
0.2731664470794906
0.0711861700003989
0.2631053619195904
0.039725316405158265
0.2522457779374776
0.02319639078532328
0.2377130993731785
0.0
0.22605501656885094
0.054697169321675204
0.21104323871122302
0.08164650457140568
0.2011418533157656
0.08260470315806306
0.18724797380923877
0.1427715894119058
0.17431229288936725
0.2198267257555796
0.16313330937836854
0.23551722761208907
0.13662314848085616
0.25176667864414876
0.10739809158781423
0.2495708068830599
0.08392222621471626
0.1751906415938035
0.06603585259711765
0.04571405757176504
0.057412065317203026
0.0031540703477462343
0.049746476623947225
0.04990617638838978
0.04639278157064656
0.09366391184573024
0.052621072383917604
0.14947897951850508
0.05900906296163208
0.21655288058450095
0.061244859663831364
0.30654369784804597
0.051024074739489715
0.42484129835908485
0.05357927097057527
0.51375414221264
0.06667465165488846
0.5408232522857029
0.08903261867688679
0.5692098854154188
0.11426518145885754
0.6093743761727952
0.12991575837425542
0.6517347386912602
0.14556633528965504
0.7005629416696613
0.1644109074939113
0.7729468599033815
0.1778256877071099
0.8597037569369581
0.19060166886253796
0.8900067872399892
0.20353734978240917
0.9208687667185692
0.21375813470675084
0.9704555435780733
0.22190282269333664
1.0
0.22972811115103586
0.9978440531800219
0.2332415059687782
0.987703118137901
0.23835189843094962
0.9774424082724481
0.2231804208088794
0.9680600471114306
0.20194035213798042
0.9538467680760178
0.19347626462250953
0.9526090949015851
0.23883099772427843
0.9632690541781446
0.3287419651056015
0.9657444005270095
0.3709027029185132
0.9559228650137741
0.3953367668782685
0.9411506368028105
0.4525092825488081
0.9302112029384757
0.578192997165329
0.9019443446320917
0.7446001517147761