0010000000
0.3126564570755412
0.49698129877779407
0.30249595052275086
0.5036077160948316
0.2969555293771168
0.5276836990134002
0.2768922102783096
0.5686202326608748
0.2560005890148726
0.5394639964659109
0.23617655720806946
0.5411574142247092
0.20746208216757478
0.5680312177882493
0.1786371668384628
0.5992490060374024
0.1557760270946841
0.590266529229863
0.14565233397143276
0.5304078927992929
0.13221543218966283
0.5530113385362981
0.12196289206302473
0.5388749815932854
0.12207333235164194
0.5192166102194078
0.17283905168605523
0.47489324105433645
0.2299550876159622
0.43550287144750416
0.27352378147548234
0.4246797231630099
0.3317258135767928
0.44993373582682933
0.40505816521867183
0.45781180974819624
0.49361286997496695
0.4536150787807391
0.5527720512442938
0.42350169341775884
0.5708106317184509
0.3720365189221026
0.5769400677367106
0.3308054778383155
0.5771793550287144
0.3010602267707259
0.5868612869974965
0.29715800323958175
0.5392431158886762
0.31659549403622456
0.4195258430275365
0.35061110293034914
0.37925195111176563
0.40568399352083656
0.34536518922102777
0.4380798115152408
0.32248564276247976
0.4469150346046236
0.3479789427183036
0.44279193049624516
0.34113164482403185
0.4174642909733468
0.2987962008540716
0.38366956265645713
0.27665292298630545
0.36879693712266254
0.25688411132381084
0.3772640259166543
0.2163341186864968
0.3867618907377413
0.16783242526873807
0.40045648652628485
0.12485274628184362
0.43697540862906786
0.0755963775585334
0.4634810778972166
0.03316890001472537
0.4676778088646739
0.05711603592990727
0.45398321307613015
0.04493079075246655
0.4070092769842438
0.09768443528199097
0.33419231335591215
0.049808570166396816
0.2777205124429391
0.0
0.20968929465469008
0.03412604918274193
0.16359888087174204
0.0968009129730526
0.15697246355470465
0.14430864379325584
0.2546016786923869
0.21002061552054194
0.3585628037107938
0.28592990723015754
0.3419967604182005
0.3031033721101459
0.32462082167574724
0.2928876454130468
0.3543660727433368
0.26890369606832576
0.34516271535856274
0.27050508025327646
0.3566485053747607
0.29193049624503037
0.3867618907377413
0.2961824473567958
0.40273891915770876
0.325449123840377
0.4603151229568545
0.28176998969223976
0.4751141216315712
0.23689441908408196
0.4998527462818437
0.23155647180091293
0.49926373140921804
0.2184140774554558
0.5041231041083788
0.2109777646885585
0.49322632896480645
0.19196362833161537
0.4343984685613313
0.1569724635547048
0.4352819908702695
0.1480083934619349
0.4885142099838022
0.15180017670446183
0.5156825209836549
0.16996760418200563
0.541820055956413
0.17370416728022398
0.5527168310999853
0.18824547194816668
0.5784126049182742
0.1799992637314093
0.5912973052569579
0.1559232808128405
0.6283316153732881
0.14460315122956865
0.6187601236931234
0.10489986747165368
0.6248711529966128
0.08213076130172292
0.654469150346046
0.0800876159623031
0.6749374171697838
0.07399499337358267
0.6628626122809602
0.03810189957296421
0.6930496245030188
0.025051538801354776
0.7458400824620822
0.01895891621263438
0.7570313650419673
0.018388308054778396
0.7294212928876455
0.019014136356943094
0.7020321013105582
0.02851200117802985
0.6673538506847299
0.05216462965689888
0.6559416875276102
0.08213076130172285
0.713591518185834
0.12078486231777347
0.7314828449418346
0.14662788985421887
0.7180827565896036
0.1691945221616846
0.7874392578412605
0.19050949786482108
1.0
0.2114379325577972
0.9230599322632898
0.21134589898394932
0.6241348844058311
0.22726770725960826
0.6038138713002504