0010000000
0.29287133461222264
0.0
0.29557755549465603
0.0193888736640174
0.2975472732255413
0.046108522882981604
0.29614277884351886
0.07652781583995621
0.2935393258426966
0.10564538229651939
0.29107289668402314
0.131953959989038
0.28754453274869834
0.15223348862702119
0.2786551109893122
0.1686763496848453
0.26752192381474377
0.17504795834475204
0.2544875308303645
0.1754590298711977
0.2420183611948479
0.16593587284187455
0.23338585913949034
0.1543573581803234
0.22841874486160593
0.1437380104138121
0.2260722115648123
0.14997259523157025
0.22946355165798857
0.1698410523431078
0.23643463962729522
0.2058783228281722
0.24736229103864085
0.2487667854206632
0.25911208550287756
0.2904905453548916
0.2748526993696903
0.3366675801589476
0.29761578514661546
0.3867497944642369
0.3198479035352153
0.4358728418744864
0.3379179227185532
0.48890106878596884
0.3645176760756372
0.550835845437106
0.39538229651959444
0.6101671690874215
0.41024938339271033
0.6699095642641822
0.42528775006851205
0.7199917785694713
0.44205604275143884
0.7602767881611402
0.4562551383940808
0.7855576870375447
0.4673883255686492
0.8062482872019735
0.4467833653055631
0.8284461496300355
0.4634831460674159
0.8561934776651141
0.4581049602630859
0.8779802685667312
0.46017744587558246
0.9075774184708137
0.4918470813921623
0.9333379007947386
0.46557275966018097
0.9483420115100033
0.4540798848999728
0.9605371334612225
0.4534461496300358
0.9575226089339548
0.43964099753357094
0.9253905179501232
0.4198239243628391
0.8822280076733355
0.39483420115100043
0.8130994793094
0.3696218141956702
0.7182789805426146
0.32286242806248294
0.6375719375171283
0.2644388873664018
0.5939983557138943
0.25393943546177056
0.6047547273225542
0.3822965195944096
0.6389421759386136
0.42657234858865456
0.6684708139216227
0.41365785146615525
0.6535352151274322
0.3732529460126062
0.6207180049328581
0.3182721293505072
0.6264044943820225
0.2661003014524527
0.723759934228556
0.18878459852014248
0.8540696081118118
0.1602151274321732
0.9424499862976158
0.16703206357906275
0.9734858865442593
0.16362359550561797
0.9622499314880789
0.13077212935050703
0.9080570019183338
0.10393258426966291
0.7990545354891755
0.06743285831734717
0.6426418196766235
0.03360509728692796
0.48711975883803804
0.029956837489723314
0.36790901616881355
0.027370512469169554
0.2877500685119213
0.042494519046314023
0.24794464236777206
0.07320498766785422
0.23246094820498775
0.09089819128528363
0.2213620169909565
0.11186283913400936
0.23595505617977536
0.1301555220608386
0.4730748150178133
0.1601294875308303
0.8122773362565088
0.22989175116470267
0.9595779665661828
0.3215435735818032
1.0
0.4115853658536588
0.9372430802959716
0.46819334064127177
0.8085091805974244
0.5119553302274596
0.7597286927925461
0.5169567004658813
0.7362976157851469
0.4946389421759388
0.6854617703480408
0.43967525349410796
0.5578925733077557
0.42948410523431074
0.4874623184434095
0.40454576596327774
0.6237325294601261
0.37549671142778857
0.7111537407508909
0.3628562619895862
0.6628528363935324
0.33471499040833125
0.6736777199232669
0.3117292408879146
0.7654836941627843
0.3043299534118936
0.8453685941353797
0.29526925184982183
0.774595779665662
0.30174362839134017
0.8255686489449165
0.3028398191285286
0.8450945464510824
0.2799225815291862
0.8030282269114828
0.2676418196766237
0.7198547547273223
0.26589476568923
0.6229788983283094
0.30349068237873383
0.514798574952042
0.3331906001644288
0.44936969032611696
0.296296930665936
0.40887914497122513