0010000000
0.44125695732838616
0.641280148423006
0.4261363636363639
0.7020408163265309
0.43044990723562165
0.7713358070500931
0.4437847866419297
0.8679035250463828
0.47657699443413754
0.963450834879407
0.47822356215213374
1.0
0.4804962894248611
0.9012059369202232
0.520292207792208
0.7984230055658631
0.5146567717996291
0.7684601113172548
0.5037801484230059
0.7367346938775513
0.4761131725417442
0.6935992578849725
0.4727040816326533
0.5841372912801485
0.4589981447124307
0.4970315398886829
0.4176020408163267
0.5188311688311692
0.3537801484230057
0.573840445269017
0.31045918367346964
0.6988868274582565
0.27782931354359947
0.8025046382189241
0.3606447124304269
0.8064007421150279
0.4461966604823751
0.7242115027829318
0.5643089053803343
0.6873840445269016
0.6381725417439705
0.7059369202226349
0.6370129870129874
0.6557513914656777
0.6483302411873844
0.5071428571428572
0.6493738404452694
0.4128942486085343
0.5982374768089057
0.367161410018553
0.6125000000000002
0.33265306122448995
0.6311688311688314
0.3360853432282006
0.6067022263450839
0.3379406307977738
0.4945037105751393
0.32077922077922094
0.39308905380333964
0.35602968460111334
0.3739564007421151
0.4112244897959184
0.3967532467532469
0.39823747680890553
0.44506029684601134
0.3268089053803342
0.4903988868274585
0.2551020408163264
0.5400974025974028
0.21994434137291285
0.6029684601113176
0.21410018552875706
0.5640306122448983
0.2280148423005567
0.5325371057513916
0.36474953617810785
0.4898886827458259
0.27560296846011145
0.5069805194805197
0.02142857142857142
0.5841372912801487
0.0
0.637592764378479
0.06790352504638211
0.6687384044526905
0.14730983302411874
0.6193181818181822
0.24823747680890543
0.5815862708719856
0.29693877551020426
0.5483070500927647
0.23821892393320962
0.5538497217068649
0.1968460111317254
0.5729128014842303
0.20983302411873855
0.5251623376623379
0.216604823747681
0.4748376623376626
0.215769944341373
0.43949443413729156
0.22912801484230078
0.4342996289424862
0.22643784786641938
0.44005102040816346
0.21150278293135447
0.42451298701298723
0.20241187384044537
0.43369666048237515
0.20111317254174405
0.4990259740259744
0.1946196660482375
0.5101113172541746
0.19777365491651216
0.5613868274582563
0.21289424860853437
0.6410018552875697
0.21141001855287575
0.7124072356215219
0.2073283858998146
0.6941558441558446
0.2100185528756958
0.6625695732838593
0.20705009276437858
0.6091372912801486
0.19536178107606691
0.6458024118738408
0.20705009276437855
0.7125695732838593
0.22152133580705016
0.7609230055658631
0.2203153988868276
0.8009740259740266
0.2525974025974027
0.7605519480519485
0.35964749536178126
0.7838126159554734
0.3423933209647498
0.778919294990724
0.28024118738404463
0.7605983302411877
0.26901669758812613
0.7525278293135439
0.22634508348794072
0.6707328385899818
0.21270871985157705
0.5152365491651208
0.22263450834879425
0.5075371057513917
0.23970315398886824
0.548005565862709
0.2369202226345085
0.5757421150278296
0.2376623376623377
0.5275510204081635
0.25129870129870124
0.4659554730983306
0.291465677179963
0.37968460111317276
0.307235621521336
0.30424397031539896
0.3509276437847869
0.2573979591836736
0.3928571428571429
0.19942022263450837
0.3972170686456404
0.17896567717996298
0.4162337662337663
0.1710343228200371
0.4109461966604825
0.14554730983302422
0.42346938775510223
0.1264842300556586
0.44369202226345084
0.10793135435992582
0.38283858998144726
0.08961038961038961
0.2696660482374769
0.0814239332096475
0.16419294990723554