0010000000
0.152422706826852
1.0
0.15387462278653985
0.9932813300688953
0.153162899276889
0.9752889597449187
0.15193873484028922
0.9468200193588799
0.1503729431190572
0.9114046575186472
0.140693503387804
0.8533280191311281
0.13172578716620167
0.767237943403747
0.12682912941980298
0.6675966520526102
0.1204520867733303
0.5719410123555205
0.11555542902693162
0.477196378750783
0.11424585776917394
0.38040198143825077
0.12751238398906803
0.3551215623754485
0.12819563855833285
0.35751295336787586
0.12213175425610659
0.3079769970961678
0.12159084438877185
0.26481808347093333
0.13081478107384842
0.28451859021807224
0.15037294311905708
0.37789671468427966
0.16842225132380578
0.5138643739680011
0.18072083357057456
0.6240961111427433
0.1822866252918067
0.6246654899504639
0.17354666059329277
0.5074873313215283
0.1819165290667881
0.34031771337470834
0.2092182428969995
0.3072937425269032
0.23279052553663965
0.38860103626943016
0.25912429539372556
0.37288618117633643
0.2882764903490293
0.32278084609690855
0.3111655184194045
0.32084495815065744
0.31671696179468206
0.35762682912941984
0.3394921141035131
0.40306325798553794
0.3591641519102659
0.4298240619484141
0.37385412514946204
0.45168820816489236
0.39600296076980024
0.5987018163183966
0.4112907817571031
0.84023230655355
0.40172521778739406
0.9397597221431423
0.3856402664692821
0.9013835905027614
0.37402493879177817
0.8001480384900076
0.3733986221032852
0.708250298923874
0.3931845356715823
0.6096338894266352
0.3926151568638617
0.46205090246541036
0.3975118146102603
0.4668336844502649
0.46429994875590735
0.571599385070888
0.4448271935318568
0.377441211638103
0.43400899618516225
0.36115697773728883
0.3931845356715823
0.38700677560781205
0.4209132836075844
0.3378124466207369
0.382679496669134
0.2863406024027783
0.257330752149405
0.30991288504241876
0.16355406251779325
0.4188919888401754
0.12355520127540863
0.39520583043899127
0.06502305984171264
0.37504982064567577
0.049820645675567814
0.3997608609007576
0.026703866082104455
0.5795706883789785
0.2937140579627627
0.6425439845128961
0.7726470420770941
0.6932186984000454
0.9488128451859026
0.7399077606331494
0.7629391334054546
0.7407048909639585
0.48411433126459036
0.6570062062290044
0.11945567385981894
0.6432272390821614
0.0
0.6724933097990093
0.020469168137561902
0.7515230883106531
0.04808404031201965
0.7233957752092469
0.06012640209531396
0.6893469225075445
0.08643170301201393
0.7551671126800661
0.1152422706826852
0.6822866252918067
0.13508512213175425
0.6524511757672378
0.16648636337755504
0.7159938507088769
0.17952513807436105
0.7764618800888234
0.1266867847178729
0.6957239651540168
0.11521380174229916
0.6728349370836414
0.1639526276831977
0.6972043500540912
0.18521892615156868
0.6542731879519447
0.1982861697887606
0.6461880088823097
0.23637761202528043
0.7473096851335194
0.2828104537949098
0.7337584695097651
0.3061265159710757
0.6593975972214313
0.34882992655013384
0.7205488811706431
0.41866423731708713
0.7231680236861586
0.49316745430735087
0.7153105961396117
0.5420486249501794
0.6920799407846042
0.5753857541422309
0.6525650515287822
0.5980754996299041
0.6469851392131186
0.635768376701019
0.6266013778967148
0.612964755451802
0.5795706883789785
0.6235836702157944
0.5809371975175082
0.661788988213859
0.5544041450777202
0.6675681831122244
0.5460912144849971
0.6514832317941129
0.523657689460798
0.6346296190855777
0.5275294653532995
0.6765074303934409
0.5057791948983661
0.7186129932243924
0.47765188179695967