0010000000
0.017874138653062904
0.8106369208512582
0.02765827844824295
0.8346213880534515
0.04465679369551151
0.8681235009707994
0.06698519054326717
0.8466516922374085
0.08613469372216082
0.8327178589104204
0.10530323219248477
0.8874633570639967
0.12138805345109824
0.8578444435984319
0.1357977690638444
0.8672098069821448
0.17424905775307434
0.8661438306620473
0.2381695663760613
0.8287585182929155
0.2639623862641339
0.8616515018844937
0.20973084097917535
0.9311683861879924
0.10688316138120066
0.9361937031255949
0.0327407012601364
0.8756614763772037
0.021224349944797636
0.8851791220923594
0.0373662770777021
1.0
0.07911067118437598
0.9881981193132072
0.14268854456161711
0.90657478966003
0.2378269311303157
0.9097727186203216
0.34335858681996423
0.9394677732516086
0.3953820382990064
0.981726120226901
0.3937830738188604
0.9621578406365408
0.38995698024136743
0.9452545018464236
0.4078311188944302
0.9419804317204097
0.43044504511364073
0.899417520082232
0.4163779647466402
0.8515247268435681
0.3604903491072449
0.8618037842159367
0.2515513762515705
0.8495450565348159
0.2235885331404422
0.7919061940838313
0.23931168386188
0.7243689800890848
0.24761107092549595
0.6779228689991247
0.23466707275288393
0.6547759546198653
0.20234514790421437
0.6109186431644268
0.1962348193550843
0.5540411923706554
0.19987056001827386
0.5634826969200901
0.2093882057334299
0.6087105493585105
0.22229413332318126
0.5178741386530625
0.2361708607758787
0.5069859519549242
0.21542239311683858
0.5882285757794949
0.21839189857996721
0.6201317242166977
0.2312787908782883
0.588456999276659
0.24911485894849042
0.6375680511668637
0.28078958388852937
0.679597974644992
0.3748810294285605
0.6322381695663762
0.4776906384436746
0.5353866067689498
0.5496440400502531
0.5599802032969127
0.6067879849240493
0.6556135074427991
0.4421707846347128
0.635892945520996
0.28623367723759857
0.6256138881486276
0.19829063082955797
0.6127460311417369
0.14818974378497737
0.5833555411733355
0.09949746830623969
0.5698785548406747
0.05358434537632774
0.5479498991129558
0.010355198538089402
0.4922145658050029
0.0
0.544371264324057
0.0099173868351923
0.6433547797616783
0.03597670080328934
0.673049834392965
0.060989073742718884
0.6149541249476527
0.0752845776068831
0.5753607187726046
0.07661704800700499
0.6467811322191345
0.07676933033844742
0.6055887615639397
0.09317775155137624
0.5972893745003238
0.11316480755320354
0.584649940990596
0.10244793847793815
0.6003350211291736
0.11107092549586939
0.6072638672098071
0.15068336696234821
0.6829481859367269
0.1623900711919898
0.7516275174172918
0.18277686831385387
0.6907145848402939
0.20061293638405614
0.6506643316709181
0.21679293409982117
0.6020101267750411
0.23969238969048623
0.5286100430197582
0.2668747858529716
0.5096508927551678
0.27869570183119496
0.4929759774622151
0.30814329767388743
0.5448281113183847
0.34164541059123615
0.5290668900140859
0.37632771157726436
0.510260022080938
0.4010545551452395
0.459626146876309
0.4141889062321545
0.39741881448204996
0.4337000799482242
0.3913275212243498
0.43126356264514415
0.4576464765675564
0.4094491186660067
0.5114021395667567
0.3889290745041307
0.5773403890813571
0.37411961777134817
0.650359767008033
0.34737503331176
0.6688620702782963
0.3235999543153004
0.7020596185327599
0.3124833441199985
0.7528457760688319
0.28606235961472576
0.7768302432710243
0.2840826893059733
0.6639890356721364
0.2754977728709027
0.6194464537252067
0.30089085163893864
0.7366277077702061