0010000000
0.6275255210548704
0.7494683113568685
0.6463472990216931
0.7838153977031049
0.659373670778392
0.8045512547851974
0.6897065078689915
0.7830710336027221
0.7343151850276474
0.7580816673755844
0.6987983836665248
0.7704168438962145
0.677211824755423
0.7806252658443215
0.6815450871969373
0.7205444491705657
0.6717088472990212
0.6822628668651638
0.6529402381965117
0.6632284134410888
0.6144991492981708
0.6491918332624413
0.5411792854104633
0.6175031901318588
0.4893928115695445
0.5230752871118672
0.4976339855380687
0.3826031475967669
0.5469746916205871
0.3051892811569543
0.5825446618460228
0.2726499361973627
0.5488090174393873
0.2622288387920033
0.5312898766482348
0.27137388345384894
0.5292960442364951
0.2916843896214377
0.4808592088472988
0.3501701403658016
0.42827520204168446
0.4460867715865588
0.3747873245427477
0.5485963419821352
0.38640472139515075
0.6911952360697573
0.36848681412165013
0.7514887282007655
0.35673649510846445
0.7307528711186728
0.3683007230965546
0.6882177796682263
0.3234262016163335
0.6993832411739683
0.30537537218205
0.709698000850702
0.30003190131858787
0.7018290089323685
0.3111973628243301
0.6930029774564015
0.35309442790302
0.6751382390472137
0.3979689493832411
0.6321777966822624
0.42944491705657156
0.6102722245852827
0.44047745640153113
0.5150999574649086
0.43207677584006776
0.49691620586984264
0.426148447469162
0.5493407060825178
0.431226074011059
0.547851977881752
0.4086293066780093
0.5260527435133987
0.38831880051042106
0.4926626967247978
0.3943268821777968
0.4753296469587406
0.40022862611654625
0.4993619736282433
0.38815929391748205
0.4806465333900462
0.33400680561463186
0.45427477669076954
0.31646108039132265
0.4350276478094427
0.38515525308379406
0.4401318587834965
0.3544768183751591
0.49457677584006804
0.29771905572096985
0.515737983836665
0.36027222458528263
0.4489578902594639
0.380237133134836
0.33315610378562316
0.37228838792003377
0.25148872820076534
0.3775786899191831
0.2318162484049342
0.39653339004678834
0.2343683538919606
0.37478732454274755
0.2299021692896639
0.36705125478519773
0.182688217779668
0.38286899191833257
0.20087196937473373
0.35663015737983816
0.22937048064653331
0.3234793704806462
0.2240535942152275
0.33900467886005936
0.30603998298596324
0.3515525308379413
0.37983836665248827
0.3753455976180348
0.5170140365801784
0.36295725223309205
0.6700340280731606
0.34506592939174796
0.6601446193109317
0.2975329646958739
0.5928328370905994
0.2192152275627392
0.5075499787324541
0.1820501914079115
0.38653764355593356
0.23769140791152712
0.21948107188430468
0.24768715440238187
0.050404083368779086
0.30117503190131845
0.039663972777541426
0.3911367503190131
0.1676945980433858
0.4049074861760948
0.2694598043385792
0.6154827732879622
0.3365589111016587
0.7321352615908123
0.5160569970225434
0.5584059974478942
0.6890684814972347
0.36771586558911096
0.648341131433432
0.34139727775414697
0.6962994470438113
0.49319438536792837
0.7750957039557633
0.5154189706507865
0.8341131433432581
0.3688324117396852
0.9042960442364952
0.1821299447043809
0.923436835389196
0.10386537643555921
0.9967035304125906
0.10091450446618448
1.0
0.1607560612505315
0.9529987239472565
0.24920246703530402
0.8845172267120368
0.2638770735857081
0.8272011909825606
0.2816620586984261
0.7253296469587407
0.29761271799234373
0.6002764780944272
0.3213260314759673
0.4690557209697999
0.3496916205869842
0.35123351765206273
0.36532326669502335
0.17641429179072735
0.44204593789876634
0.0