0010000000
0.5376415462709878
0.3572042171026942
0.5261616556032799
0.3887543928153064
0.514896524795002
0.42444357672784055
0.5354158531823509
0.45271378367825066
0.573916438891058
0.4402967590784851
0.5884029675907851
0.3480671612651306
0.5739554861382272
0.2340491995314331
0.5488090589613432
0.17743069113627474
0.5196993361967982
0.18360015618898867
0.48381491604841853
0.20507614213197972
0.4499414291292465
0.20944943381491601
0.4412729402577118
0.1665755564232721
0.44617336977743055
0.09863334634908237
0.45531042561499413
0.047950019523623474
0.4786021085513472
0.014916048418586406
0.4999219055056619
0.0
0.514096056228036
0.0005466614603670081
0.5214564623194066
0.006325654041390076
0.5115384615384617
0.011401796173369696
0.492620070285045
0.021319796954314702
0.47651308082780186
0.02944162436548228
0.46573604060913715
0.037563451776649645
0.45050761421319807
0.043576727840687265
0.4350644279578291
0.05076142131979691
0.4229012104646622
0.059586099180007686
0.42048028114017977
0.06833268254588046
0.41790316282702084
0.07418976962124164
0.390296759078485
0.07770402186645828
0.3697188598203827
0.08613822725497845
0.35050761421319804
0.09855525185474409
0.3390667707926592
0.09964857477547831
0.3354353768059351
0.08434205388520102
0.3376610698945725
0.08613822725497852
0.3841077704021867
0.0987114408434206
0.4489652479500195
0.10823896915267471
0.48299492385786824
0.11768840296759082
0.52827020695041
0.12815306520890288
0.5649941429129246
0.1420538852010934
0.5684693479109725
0.15087856306130398
0.5363529871144084
0.15447090980085906
0.5532994923857868
0.15486138227254964
0.5830144474814526
0.1505661850839516
0.6068527918781728
0.14260054666146038
0.6242483404919954
0.1332292073408825
0.6528114017961731
0.12182741116751258
0.6721007418976962
0.10878563061304168
0.6880905896134325
0.10347520499804769
0.7311206559937526
0.10417805544709097
0.7754002342834829
0.11370558375634501
0.8078094494338148
0.12596641936743463
0.7846153846153848
0.14252245216712203
0.7801444748145254
0.15298711440843407
0.8136665365091763
0.1653260445138617
0.8563061304178053
0.20242092932448244
0.8757126122608354
0.26887934400624763
0.8810230378758298
0.3540023428348299
0.8947481452557599
0.4431862553689965
0.8960757516595081
0.524638812963686
0.8918976962124171
0.6036704412338928
0.9175126903553303
0.6820773135493945
0.9463686060132761
0.7657165169855528
0.9570285044904334
0.844982428738774
0.9412729402577119
0.901522842639594
0.9281530652089028
0.9339320577899258
0.9172784068723159
0.9433814916048419
0.8802225693088638
0.9141741507223742
0.8485942991019134
0.847012885591566
0.8610308473252637
0.7672003123779776
0.8723545490042953
0.7625927372120268
0.8751269035532996
0.7594689574385002
0.8762397500976182
0.7329168293635299
0.8574385005857088
0.7240921515033187
0.8321749316673176
0.7398672393596254
0.811694650527138
0.7900039047247168
0.7945138617727452
0.8640374853572828
0.7561889886762986
0.9325263568918392
0.742991019133151
0.9808668488871538
0.7434595860991803
1.0
0.7509176103084735
0.9766497461928937
0.7352010933229207
0.9111284654431864
0.7331901600937136
0.8228816868410779
0.7514252245216712
0.72362358453729
0.7738969152674735
0.6170245997657162
0.8100937133932059
0.515657946114799
0.7874658336587272
0.4302225693088639
0.7461733697774307
0.3537680593518159
0.7259273721202657
0.3065989847715736
0.7175712612260838
0.28723155017571256
0.6866067942210077
0.2777821163607964
0.6402186645841466
0.25763373682155405