0010000000
0.5436634452525655
0.06197070837899778
0.5162523662448939
0.05429909335458805
0.5054921789379296
0.04891899970110595
0.4741332071336057
0.032430008966822764
0.4536340540001993
0.010810002988940953
0.46857875859320497
0.0
0.4865622197867889
0.01798346119358381
0.5033625585334264
0.04408687854936734
0.5200009963136394
0.0634153631563214
0.5344350901663844
0.07307960545979862
0.5262528644017136
0.09983062668127929
0.5207855933047724
0.1344525256550762
0.5111960745242602
0.13838796453123442
0.48063415363156303
0.12628275381089968
0.4087999402211817
0.09285643120454322
0.3374016140280961
0.09983062668127947
0.2916210022915214
0.11079007671615017
0.2897404602969015
0.11074026103417348
0.3060550961442661
0.13465178838298306
0.3388587227259143
0.14082893294809223
0.37135100129520765
0.08154827139583537
0.39105310351698724
0.09066454119756893
0.4072556540799044
0.18217594898874168
0.43593703297798153
0.36709176048620107
0.4732365248580253
0.5210222177941618
0.5564411676795855
0.44973597688552364
0.6073403407392646
0.31070040848859193
0.6250747235229651
0.3040749227856931
0.6624364850054797
0.29117266115373136
0.7100478230546976
0.42278569293613655
0.7287785194779316
0.4223871674803229
0.7491780412473846
0.3816877553053703
0.7590166384377801
0.4051509415163893
0.7513450234133706
0.3641526352495766
0.7087650692437979
0.2815084188502542
0.6445526551758493
0.4012653183222078
0.581012752814586
0.7345322307462391
0.5263400418451728
0.8457706486001794
0.4770225166882533
0.8927966523861711
0.4239439075420943
0.9371326093454216
0.37610839892398135
0.9663245989837601
0.365410481219488
1.0
0.4411178639035569
0.9715552455913123
0.49546677294012154
0.9283152336355478
0.5113455215701903
0.9117764272192885
0.47911477533127433
0.8976287735379098
0.3846268805419946
0.8827338846268806
0.3215104114775332
0.8114974594002194
0.2658538407890804
0.7636245890206238
0.20534024110790086
0.7109694131712665
0.13989488891102916
0.6040649596492976
0.06005280462289545
0.54299093354588
0.03127179436086486
0.5162399123243995
0.020959948191690767
0.426023712264621
0.02670120553950399
0.4214406695227659
0.0471629969114278
0.4980073727209324
0.06662847464381803
0.5792567500249076
0.08088821360964446
0.6452127129620405
0.09808707781209519
0.6192587426521864
0.13796453123443267
0.5323303776028692
0.21743299790774134
0.45810501145760707
0.28984009166085495
0.383481119856531
0.4134577064860017
0.28379994022118166
0.49946448141875044
0.1544286141277273
0.5264645810501144
0.14396732091262326
0.5240111587127626
0.23099531732589398
0.5041969712065358
0.2916708179734978
0.48820613729201956
0.3241506426222975
0.47402112184915834
0.368536415263525
0.45261283251967704
0.41033177244196484
0.43489090365647093
0.426621500448341
0.4383281857128625
0.43409385274484413
0.4187506226960246
0.45586330576865586
0.4174305071236426
0.4952675102122148
0.4244918800438377
0.5354189498854234
0.44010909634352885
0.5543987247185416
0.49704842084288114
0.5624688651987647
0.5394664740460294
0.5773637541097937
0.5624190495167878
0.6232938128922981
0.5835035369134204
0.6632459898376009
0.596754508319219
0.6798844276178139
0.5987720434392747
0.6860615721829232
0.5887341835209723
0.69617415562419
0.5746487994420643
0.7051907940619707
0.5804025107103715
0.7019029590515096
0.5956710172362258
0.8089070439374317
0.6289603467171463
0.964531234432599
0.6389732987944605
0.7594898874165588
0.6977682574474444
0.5632161004284147
0.812643220085683
0.47474344923782025