0010000000
0.3369006089989948
0.047064388340329874
0.3410690001773783
0.08750665168805062
0.32350854372376275
0.09637556908886662
0.2921125761248743
0.06894105126234255
0.26651096789451906
0.04659137941228641
0.2629042748181872
0.02956305800271977
0.2710636788269378
0.016082303553479473
0.29078223851475193
0.008395908472772414
0.3090522083604327
0.006740377224620081
0.3127475906107728
0.009105421864837608
0.31330928871282443
0.008987169632826756
0.31768462129722685
0.0
0.3580677585289422
0.07840122982321288
0.41722343759238456
0.29574883225920884
0.45592148051794473
0.44131732986460104
0.47008218530124757
0.5521196712587947
0.48240998048838185
0.678413055046414
0.49464908650150774
0.7706497960148997
0.5053804765564949
0.8575651865428962
0.5195411813397977
0.8496422869981668
0.5228818068941049
0.7397859634600603
0.5305682019748124
0.7148347425057647
0.5340566428191331
0.7417962514042452
0.530686454206823
0.7435700348844084
0.5387867320995682
0.7322178206113641
0.5414474073198132
0.7339916040915273
0.5629988766037959
0.7370661621238102
0.5835156388576834
0.7604801040619642
0.5877431561520723
0.7733695973511502
0.5729025010347071
0.7967835392893035
0.5488972979364986
0.8565009164547976
0.5417430378998404
0.6435286466032045
0.5423934251759001
0.6583101756045645
0.5924436823745048
0.7064388340329923
0.6543487258322
0.7456985750606043
0.7047537397268372
0.7640276710222903
0.6631880801750131
0.7828297759120204
0.5774847750251286
0.761544374150062
0.5127712410571751
0.7357653875716905
0.46609117247088044
0.7238219121385916
0.46913616744516057
0.7304440371312009
0.45012712114941167
0.851179566014308
0.41982498669662377
0.7203925974102761
0.39780050848459764
0.5458523029622181
0.4189380949565423
0.5291787382486844
0.6920711878436706
0.5433690060899902
0.9322119079997634
0.5365103766333588
1.0
0.5171170105835748
0.8964997339324778
0.50032519363803
0.6551173653402705
0.4799858097321586
0.3940164370602495
0.4332761780878613
0.2836871045940992
0.4245255129190563
0.2571394785076568
0.4711168923313427
0.23156743333530422
0.4964228699816708
0.21770235913202854
0.4822326021403653
0.18707503104121093
0.48944598829302893
0.14447466445929164
0.4918110329332465
0.14861349257967238
0.5340270797611305
0.11290131851238686
0.5287057293206406
0.09752852835097257
0.5342635842251523
0.12206586649323004
0.5581505350913497
0.15946313486667066
0.5612250931236324
0.15659551824040674
0.5503458877786316
0.2203630343522734
0.5529474368828712
0.24658546680068583
0.5607520841955893
0.24052503991012825
0.5602790752675454
0.22299414651451543
0.522438361024064
0.2123218825755336
0.5026902382782473
0.21004552710932417
0.5175900195116182
0.2191213859161591
0.5477443386743924
0.20132442499852185
0.5743510908768401
0.19304676875776025
0.5621711109797197
0.18358659019688994
0.5664281913321114
0.17655058239224267
0.565009164547981
0.16197599479690178
0.5989475551351029
0.17057884467569323
0.6351327381304321
0.16824336309347837
0.6305209010820081
0.1615621119848637
0.6099450127121149
0.15993614379471405
0.620351209129072
0.1474900963755691
0.6321764323301603
0.11612369183468331
0.647194465795542
0.10347070300951935
0.6704901555016849
0.09480872701472236
0.7336368473954946
0.08895524153018385
0.6953231242239698
0.08531898539584931
0.6741559746940223
0.08623544019393357
0.6807780996866316
0.08960562880624373
0.7021817536806008
0.09040383137231706
0.7190918228581564
0.08549636374386568
0.7558682670135398
0.0826287471176018
0.7348193697156034