0010000000
0.9200847407756141
0.9566880480197735
0.9307754173287043
0.9645344161321338
0.9400341317012894
0.966182153435729
0.9467820082779184
0.953706428137077
0.9436826928735368
0.9339335804939295
0.9362874909276374
0.9217717099197712
0.9269895447144906
0.9258518213381981
0.9256164302948279
0.936836736695502
0.9313246630965698
0.9607681594382
0.9314031267776933
0.9806194707624714
0.9340905078561766
0.9869750289334824
0.9339335804939295
0.9786578787343817
0.9333254869652216
0.9714392200710105
0.9301280919594349
0.9646913434943803
0.9242040840346027
0.9621805056984252
0.920241668137861
0.9425645854175254
0.9111791129680855
0.9081190294042645
0.8370505502265645
0.8770474116793199
0.7716903038506056
0.8655917142352739
0.7636477765354368
0.876027383824713
0.6770238725749822
0.8886600364856123
0.6442456697855984
0.9188685537181978
0.6021891367033487
0.9504894172110082
0.4997548009964891
0.9650836618999986
0.48192392946115087
0.9573942211498856
0.43653268993114835
0.9278134133662884
0.4050491378803039
0.8967417956413428
0.3769199081974933
0.881912159908983
0.3285666647050749
0.896506404597972
0.27442672472979085
0.9125129955471867
0.3271543184448498
0.9412307028384242
0.42656780242845116
0.9752839404460669
0.35697051727181794
1.0
0.287726318680241
0.9945860060024719
0.2909040977657468
0.9816394986170782
0.2902567723964771
0.9758331862139318
0.19031365856529175
0.9763039683006728
0.10747562721905081
0.9496263167186494
0.03752525549736172
0.9132191686772988
0.0
0.8950155946566234
0.02858039584927119
0.8805782773298809
0.08399537064281368
0.8458188665921268
0.14060691657349114
0.8336569960179688
0.169461935306695
0.8237705721963949
0.20214205849467443
0.7885403793718989
0.2749367386570942
0.7454638184350425
0.38931716981502196
0.7368328135114468
0.5891641656368312
0.7284371996312213
0.7401086721983565
0.7402852154808849
0.7769866023264482
0.7938759096883037
0.7852056729241459
0.8331077502501036
0.7714156809666732
0.8388355989721263
0.7669040193020656
0.8406402636379692
0.7497989368171214
0.8374232527119015
0.7477784970281888
0.8312246219031372
0.7491908432884136
0.8521744247631384
0.746483846289649
0.8748504286078588
0.7332627160203228
0.8871692265442637
0.7141175778261644
0.8924262931795446
0.6941093391396461
0.9053728005649391
0.6778869730673416
0.9180054532258384
0.6732968477216115
0.9319719884658388
0.6947958963494776
0.9334627984071876
0.7169226544263327
0.9135330234017938
0.725239804625434
0.8987818513505564
0.7340669687518393
0.8821475509523532
0.7456403617175703
0.8665332784087568
0.7554875536985824
0.857745346122914
0.7552129308146498
0.8563329998626892
0.7517409129249303
0.8359324427705535
0.7703171894309425
0.7908942898056068
0.773808823240943
0.732831165774143
0.7741030620451562
0.7107828713784111
0.7744757645304936
0.7196492673453782
0.7758881107907184
0.7497793208968402
0.7774573844131903
0.8133349026069564
0.7750053943780776
0.855783754094824
0.7686498362070663
0.8557837540948237
0.7573902979658295
0.8415818278114524
0.7444437905804354
0.8375801800741488
0.7185900076502093
0.8368740069440364
0.6916573491045336
0.85460679887797
0.6656466388120602
0.8628454853959476
0.6326722768198675
0.8540575531101048
0.5886933835500897
0.8358539790894296
0.5528747131171662
0.8288707114694293
0.5273151689911537
0.8196119970968444
0.5143686616057594
0.8141195394181925
0.507581553188568
0.827536828890328
0.5076011691088487
0.845583475548756