0010000000
0.7270087124878998
0.6229683599123659
0.7286900698018038
0.619775479356669
0.731543282213278
0.6252781032930822
0.7348380632122418
0.6370985547120466
0.740136886262122
0.6501418114502137
0.7517875036089742
0.6596525194884599
0.7573580611742327
0.6681442230940369
0.7545388155771813
0.6707257009901326
0.736485453711724
0.6711333027632006
0.7111462101526808
0.6731033779996948
0.6923965285915665
0.6761603912977026
0.6896112498089368
0.682070617007184
0.7119444302916053
0.6877770418301317
0.7489003243830782
0.690018851582004
0.7879112107471005
0.6926003294781004
0.8183454764694896
0.6917851259319646
0.843854554100644
0.6906302542416064
0.8699920177986108
0.6857390329647939
0.8958917137956217
0.6785380683072635
0.90541940524108
0.6701142983305313
0.9256636266367761
0.6607394575499739
0.9301981963621547
0.6542178291808902
0.9180380767989678
0.6475603335541174
0.9168832051086092
0.6434843158234402
0.9015641718041479
0.6396120989792972
0.8796046262801246
0.63832136003125
0.860345442502675
0.637913758258182
0.8610757290127549
0.6402914352677431
0.8483042067899665
0.6415142405869467
0.8098537728639124
0.643959851225353
0.7801837604660251
0.6492586742752335
0.6946383383434387
0.6592449177153921
0.49870076934834684
0.6783342674207301
0.4399551638049628
0.7050321835566653
0.3331125490395886
0.7351267811348319
0.2431514410421021
0.762911635332281
0.20127035885939448
0.7834275912433556
0.18129787197907657
0.7983729895891718
0.15113534077206572
0.8112124454408047
0.1522052954263686
0.821130755252119
0.211851021551944
0.8330191402999273
0.20008152035461355
0.8472852023572978
0.12459027530103094
0.8651517467434325
0.10047383706119128
0.8858035699121961
0.0569113975645795
0.9153546984596053
0.0017492909427490567
0.9431395526570546
0.0
0.9603267607547429
0.13211392469557245
0.9154226320884501
0.26489020227237997
0.8483721404188111
0.33937942630050455
0.761213294611165
0.36971179157962697
0.6707257009901326
0.3733462407228137
0.5646133727348384
0.3057013298007848
0.48105500925595723
0.1679828807255313
0.42541736723221374
0.1178478626382024
0.3618314906336512
0.16214058864489383
0.3044275742599481
0.17827482549549092
0.26482226864353536
0.2042254717141353
0.2274587727789948
0.22669451945449332
0.1859513255549327
0.23056673629863622
0.1593213430478423
0.22827397632513033
0.12494692685246518
0.22553964776413443
0.09444472750123148
0.2346257706221022
0.052190010359878365
0.2697984069564038
0.008644554270477738
0.3421307382687115
0.008440753383943757
0.4221225862332502
0.013331974660756432
0.45374569046042024
0.039758156281313135
0.46683989742022053
0.09064044428593271
0.47485606562388577
0.15667193152290204
0.51286493096245
0.2542246225437748
0.6051697491550757
0.4723595047638458
0.7449941407245121
0.8030604099794505
0.8121635162446291
0.9058439904213589
0.818854978685824
0.9178682427268564
0.8242726855861829
0.9335609109899631
0.8270239975543895
0.9497970482838269
0.8267862298534335
0.963383774052751
0.824000951070804
0.9782612387697225
0.8187360948353459
0.983967663592671
0.8123333503167409
0.9870246768906775
0.8057268049116015
0.9915082963944224
0.7971841510843907
0.9977581902481281
0.7865525381702079
1.0
0.7759888588848699
0.9972147212173714
0.7649326607904079
0.9883833494675702
0.7571372768804882
0.982744858273467
0.7502420135527593
0.9772422343370533
0.7414955588390146
0.9713999422564158
0.7303034934868637
0.9627044377643048
0.7188566770265454
0.9555714067356198