0010000000
0.34167588495575213
0.9500138274336282
0.40039062499999994
0.9530558628318582
0.42674917035398235
0.9593473451327424
0.44750760508849546
1.0
0.4657079646017698
0.9792588495575216
0.43286780973451316
0.9063882743362829
0.4275442477876105
0.8181001106194686
0.3746370298672566
0.7313329646017694
0.4126106194690265
0.6878456858407076
0.4992394911504424
0.6841122787610614
0.5814435840707963
0.6846653761061944
0.5962735066371679
0.6602599557522123
0.5861794800884954
0.5813744469026547
0.5402724004424779
0.5432107300884956
0.5655766039823008
0.5622925884955752
0.5514899059734512
0.5713495575221237
0.5257190265486724
0.564988938053097
0.5221238938053097
0.5382328539823004
0.49313813606194673
0.49412334070796454
0.44386061946902644
0.4726216814159289
0.3895188053097345
0.44482853982300885
0.3735826880530972
0.36808628318584047
0.448821211283186
0.2771709070796459
0.45526825221238937
0.15465984513274347
0.4587596792035397
0.14034845132743357
0.5126693860619468
0.21073008849557512
0.5272746128318583
0.22663163716814172
0.5322870575221237
0.21999446902654843
0.48045146570796443
0.23278484513274336
0.40402032632743357
0.14753871681415934
0.3668763827433627
0.07058904867256646
0.36865666482300874
0.10909845132743373
0.38481747787610615
0.19033462389380537
0.4158254977876105
0.25366426991150454
0.38384955752212374
0.30634679203539816
0.39949184181415914
0.33635232300884954
0.38595824115044247
0.35432798672566346
0.3123098727876105
0.3709900442477875
0.24614560287610623
0.41834900442477857
0.22239698561946897
0.432660398230088
0.19690265486725667
0.4222206858407079
0.23672566371681408
0.4434457964601766
0.20030766039823006
0.4440680309734512
0.2444517422566372
0.45464601769911506
0.20908808075221236
0.46626106194690237
0.10225387168141598
0.44482853982300874
0.2033324115044248
0.4424778761061947
0.381170492256637
0.3826742256637169
0.4085833794247787
0.35972068584070804
0.27955613938053087
0.36836283185840696
0.16226493362831854
0.3437499999999999
0.10932314712389378
0.30814435840707943
0.14307936946902655
0.2761338495575222
0.1417311946902655
0.2561532079646019
0.1756429756637168
0.2511061946902654
0.26061255530973443
0.23278484513274342
0.39169662610619466
0.2600248893805307
0.4384679203539822
0.27163993362831845
0.3541032909292035
0.18590984513274347
0.3158531526548672
0.10923672566371692
0.3121370298672566
0.060287610619469134
0.29022054756637167
0.029936393805309883
0.24977530420353972
0.0
0.23411573561946902
0.013620022123893818
0.20416205752212385
0.05454922566371683
0.16750207411504428
0.0713495575221239
0.14067685287610618
0.07840154867256649
0.12261476769911513
0.09188329646017698
0.13664961283185847
0.09326603982300885
0.13931139380530974
0.08870298672566378
0.14231886061946913
0.082204092920354
0.20665099557522126
0.10889103982300877
0.2671805862831858
0.15120298672566376
0.2791413163716814
0.19648783185840707
0.28562292588495575
0.23361449115044247
0.28349695796460167
0.2591952433628317
0.2862797289823008
0.3250138274336282
0.32060633296460184
0.3933904867256634
0.32117671460176983
0.4131637168141591
0.33384610066371667
0.4149612831858404
0.3307176438053098
0.42505530973451294
0.29251935840707965
0.42422566371681397
0.28289200774336287
0.4290652654867256
0.2729881084070796
0.4040376106194691
0.28757605088495575
0.37285674778761035
0.41992187499999994
0.40562776548672574
0.46232024336283173
0.38163716814159304
0.37455060840707965
0.3373893805309735
0.3430240597345131
0.289892146017699
0.3508711283185841
0.23900719026548664