0010000000
0.5373175469914943
0.3594980573348735
0.5019557912422556
0.4135776541005983
0.47356400294025
0.4527459834085894
0.43713903181770436
0.45894151002835226
0.42335661031187644
0.49537960726661745
0.3944397773810774
0.5551821904861912
0.36304210857922936
0.6229654520634255
0.3292817389478106
0.5435261997269767
0.2923711015436312
0.42827890370681504
0.28765882600021014
0.4493331933214322
0.2804394623543001
0.4761629738527775
0.28058384962721844
0.50320277223564
0.29267300220518744
0.5440512443557703
0.3516617662501313
0.5037278168644335
0.3726898036333087
0.42749133676362483
0.37502625223143965
0.37776961041688545
0.38746980993384444
0.420035703034758
0.40655518219048614
0.5406909587314918
0.4124094298015331
0.7214638244250758
0.4173448493121915
0.8223774020791768
0.4435314501732648
0.8781371416570408
0.44262574818859607
0.8911057439882392
0.4595059330043054
0.974272813189121
0.45379607266617666
1.0
0.4740365431061639
0.9585739787881966
0.5400215268297807
0.8771920613252125
0.5732174734852462
0.8114564738002729
0.5461908012181035
0.9175154888165495
0.5261866008610732
0.7948125590675202
0.5037540690958732
0.7153733067310721
0.4644151002835241
0.672109629318492
0.34969284889215585
0.6203402289194581
0.29057282369001375
0.5869473905281948
0.283983513598656
0.5478840701459625
0.28650372781686445
0.44628793447443
0.26636826630263577
0.3141342014071197
0.25156200777066057
0.26451748398613895
0.2523889530610101
0.2585844796807729
0.2585844796807729
0.2702929749028666
0.4269269137876718
0.2831565683083063
0.6091042738632785
0.27459834085897306
0.7049511708495222
0.2506038013231125
0.6587734957471383
0.26178725191641294
0.4625905701984667
0.3202772235640031
0.3860653155518218
0.3943610206867584
0.3122834190906228
0.4552661976267983
0.270187965977108
0.5023627008295705
0.27289194581539433
0.5352304945920403
0.27693478945710387
0.5390108159193533
0.29321117294970084
0.5290349679722774
0.2925942455108683
0.4550561797752811
0.302241940564948
0.19494907067100706
0.3193321432321748
0.12217788512023522
0.3208153943085162
0.1767300220518743
0.3175601176099968
0.20355980258321957
0.4066733172319647
0.16118870103958838
0.46776225979208236
0.09681822954951175
0.46156673317231967
0.10159613567153211
0.39304840911477473
0.1544681297910321
0.35760789667121706
0.19347894571038549
0.3347947075501418
0.17405229444502793
0.33444030242570616
0.10301375616927441
0.36296335188491025
0.06526304735902554
0.34442927648850163
0.0463614407224615
0.30813556652315455
0.056337288669537036
0.3128084637194161
0.09870839021316814
0.32044786306836087
0.10002100178515176
0.317875144387273
0.07319122125380659
0.3132810038853303
0.07823164969022357
0.31150897826315244
0.10416885435262009
0.31475112884595186
0.11514228709440298
0.34630631103643805
0.0710385382757535
0.3900819069620918
0.017168959361545808
0.4008453218523576
0.04919668171794606
0.38989814134201406
0.04604641394518543
0.3774152052924499
0.0
0.393035282999055
0.02971752598970914
0.417633623858028
0.07429381497427293
0.42292344849312197
0.08085687283419096
0.4283051559382547
0.09251286359340552
0.4248136091567782
0.11477475585424758
0.4113593405439463
0.10453638559277546
0.42267405229444505
0.10117609996849734
0.4222146382442507
0.1286359340543946
0.3961855507718155
0.12286044313766685
0.39832510763414886
0.10206867583744621
0.40143599705975014
0.1140396933739367
0.39422975952955996
0.09839336343589208
0.3943610206867584
0.08363960936679622
0.40339178830200556
0.1229129476005461