0010000000
0.19587719918038582
0.5851056313149157
0.1831237193527874
0.548929555571257
0.18821098000423944
0.5068889987988414
0.24090298876563293
0.41772062460255766
0.2666749099130927
0.30290397795520396
0.2889316752631952
0.6574577828022327
0.3372959796509576
1.0
0.3254433688970537
0.8397512894792627
0.33810852822723103
0.7803292588143859
0.3661061259097013
0.7966508867377938
0.4142937893026215
0.7417508655408752
0.39440401328340297
0.7573659294849148
0.38027273369603637
0.760757436585883
0.38265738712640457
0.7216844485268143
0.3917014060623191
0.7179396594361619
0.4301031583409879
0.7714265526743448
0.49482441885112716
0.7254998940154034
0.5694905673708756
0.6855083727831555
0.6145870133540592
0.6938458277397018
0.6565569137285383
0.7344026001554442
0.690878259026355
0.6716597187875365
0.6815869426976615
0.6778068254080412
0.7137356037589204
0.69010103864905
0.7146188087331309
0.7037377234508584
0.6461880873313081
0.7277608987493814
0.5806719423443794
0.845474457712146
0.5299759768247017
0.8413057302338726
0.48666360488942295
0.7686709531548078
0.4916802091429381
0.756164770719989
0.5276796438917545
0.7736169010103867
0.5357874655550063
0.8066134388468877
0.5355578322617116
0.8316258037165268
0.543842294919805
0.8336041828587581
0.536370380837985
0.8360065003886105
0.5392143008549426
0.8827103794248573
0.5436126616265105
0.858616547728397
0.5561011799618457
0.7652087896559038
0.5558538825690666
0.6791492969688407
0.5377658446972373
0.5576202925174876
0.5465272380414049
0.45403801314208997
0.5517911396876989
0.3104642125344451
0.5361054193457219
0.1901363668480182
0.49874584893662116
0.14788384088179188
0.4353847240867662
0.08415176994276827
0.42706493322970407
0.0
0.42989118914717755
0.0226807037377234
0.41404649190984244
0.13481240726347782
0.4525012364869641
0.2701900657104502
0.5505016604253516
0.3567441531830708
0.5467038790362468
0.392284321345298
0.5317423867731222
0.42301985444782036
0.4728326149932879
0.5438422949198054
0.4441991097293861
0.5077368755740834
0.45138839821945886
0.5174874584893662
0.44995760616123803
0.4959372571186324
0.4163428248427895
0.47445771214583476
0.45516851550907944
0.4055677241574225
0.5102628418003252
0.39002331661131956
0.5700381544548861
0.41072564120681115
0.5892743587931888
0.4254928283756094
0.5641206811276761
0.37356037589203694
0.558415176994277
0.332085070303116
0.5346216349890485
0.32862290680421136
0.535946442450364
0.3311665371299372
0.5377128523987849
0.3070020490355403
0.5248710520737655
0.3046703879036248
0.5056701759344311
0.27414682399491286
0.5126474952306931
0.29414258461103665
0.5153677665512613
0.332579665088674
0.5119939235497776
0.4193457217551053
0.5081784780611885
0.48364304387762347
0.5086730728467465
0.39087119338656107
0.4790150498127606
0.42570479756942003
0.4539850208436375
0.3675545820674064
0.46207517840740486
0.28714760121528987
0.47041263336395134
0.2815657457782803
0.49629053910831644
0.26326573871264036
0.5170635201017454
0.2557055041333994
0.5030735533102523
0.2602275136013565
0.4909736451635696
0.2966862149367624
0.4737158199674981
0.3211333286229069
0.4632763371723311
0.30198544478202527
0.45707623825337396
0.29322405143785785
0.44086059492687074
0.2563414117148309
0.40945382604394853
0.2282201653359713
0.38898113474175106
0.24016109658729592
0.3872677170917827
0.33194375750724237
0.406786547021833
0.4173673426128736
0.4242916696106835
0.4644951600367417
0.4291316328693563
0.5092913163286937