0010000000
0.34603674916723376
0.16261327411440235
0.3677065797485584
0.19449120670511122
0.40212758336616644
0.19513592893728285
0.43131917332282677
0.1798775027758872
0.4585765965829722
0.18410401518679037
0.47806153515527045
0.2367563308141408
0.47795408144990864
0.3308141409076256
0.4587198681901214
0.39449837028546875
0.4330026147068304
0.3816039256420357
0.41862172713922424
0.33862244349725995
0.4027006697947635
0.3201404061750063
0.37105555356567194
0.3334646656398868
0.3249220960636127
0.36047136358752085
0.2797736308607042
0.3796697589455211
0.24605107632794865
0.39020022207099103
0.24073211791253263
0.3980801604641999
0.25094021992191695
0.42207815466169957
0.2529460224220065
0.4613345750205954
0.26240194849385706
0.5207922919875353
0.2957484150578458
0.5849063361868262
0.33242594648805474
0.6404957197607365
0.3460188402163401
0.6799670475303556
0.33382284465775997
0.6981625416383109
0.3201941330276871
0.690067695834378
0.31204556037107334
0.6685053189584154
0.3111322038754969
0.6574017694043485
0.3060102439199112
0.6538199792256167
0.2966080447007412
0.6469429420824528
0.2936172499015007
0.6247358429743187
0.2963931372900175
0.5921415523478634
0.2851284071779075
0.5649915827930801
0.26886707976646723
0.5432142985063934
0.2528564776675382
0.5202908413625131
0.24275582936351583
0.497582291629356
0.25531000393996917
0.47809735305705775
0.25008059027902146
0.4636985565385577
0.2770872882266556
0.4542426304667074
0.25036713349331996
0.45696479100254306
0.22312761918406818
0.4652029084136251
0.21472832121494315
0.4669938035029905
0.2183459292954618
0.45911386510978186
0.2502954976897452
0.45245173537734146
0.31303055267022445
0.4415630932339982
0.45205773845768116
0.4349725993051326
0.5150972456033526
0.4449299760020058
0.44364053153766253
0.45746624162756555
0.3789175830079872
0.47508864930692357
0.37556860919087354
0.490705254486192
0.32420573802786634
0.5028117052903041
0.3089473118664709
0.5260217056484832
0.3309932304165622
0.5581861814534904
0.39478491349976724
0.5788889286865575
0.5311615745549625
0.5894910276156022
0.5597442601812385
0.5937175400265052
0.5901178408968801
0.6013825710089901
0.5959740678391059
0.6089043303843261
0.6139546545363374
0.5981589598481322
0.6709051183781654
0.5945055338658263
0.6856262760127512
0.5970844227945128
0.6789283283785236
0.5973709660088111
0.6649772556323651
0.6157813675274904
0.6757047172176653
0.6488771087789678
0.6975178194061391
0.6578315842257956
0.6830115691822772
0.6326874171711019
0.6413732583545255
0.5921415523478634
0.5942368996024211
0.5220817364518783
0.6150829184426375
0.4934990508256026
0.6583867617034994
0.5199326623446395
0.6722124717934024
0.5258067982377591
0.6594612987571187
0.4998030015401698
0.6704753035567175
0.47100540850316974
0.696944732977542
0.4592571367169311
0.7414484759482786
0.4945735878792221
0.792972527669329
0.5000179089508936
0.8176152440990007
0.4979404706472294
0.8072638704824671
0.5149897918979903
0.7724130520434113
0.5821125398474157
0.7711415165299614
0.7419320176224075
0.839392528385687
0.9997492746874891
0.8690855689673697
0.9161502919158996
0.8584118342347503
0.6424298864572514
0.8843977219814463
0.4144847594827895
0.9341846054658116
0.2888355600128944
0.9589885024535262
0.27751710304810334
0.9831834951108566
0.26096923242236447
1.0
0.1050180880404026
0.9697338729897202
0.006805401339589519
0.9438375299974927
0.0023639815179627077
0.9506250223861884
0.00021490741072384696
0.9414914574304236
0.0