0010000000
0.9500934804897173
0.9990350401061457
0.9495406388838633
0.9990350401061457
0.9492189855859114
0.9990350401061457
0.9464748808877631
0.9990350401061457
0.9445148061033714
0.9990350401061457
0.9446856844179082
0.9990350401061457
0.9437709828518585
0.9990350401061457
0.9430472629314678
0.9990350401061457
0.9440323261564441
0.9990350401061457
0.9441026878153711
0.9990350401061457
0.942383853004443
0.9975473936031201
0.939247733349416
0.9934061073919949
0.9386044267535133
0.9934463140542389
0.9381420501377079
0.9952154071929721
0.9369961602637557
0.9960195404378505
0.9357598053997547
0.995697887139899
0.9330056490360453
0.9907524676838954
0.9027400840319241
0.6729188026455987
0.7758981163178741
0.38077719478117544
0.6733108176024768
0.2896286914741769
0.5986973041432967
0.23494763082242745
0.5516354059867721
0.1971131616508857
0.5186759946123072
0.16321894537924922
0.47571517600466406
0.13957742797981623
0.4389763383792696
0.12703294935970888
0.4087710833685142
0.10809561144281593
0.3818527229962004
0.10829664475403575
0.3441690288080736
0.1234947630822427
0.29392075266871714
0.14661359387250464
0.23094706792915587
0.15473533964577918
0.16614398005749553
0.1689282914178881
0.11698128379872544
0.1849305429909734
0.08034296282894064
0.1977564682467886
0.06883380576161474
0.21588967291880268
0.058882656856241056
0.2382847837886737
0.04335283356452156
0.2675954405645017
0.05643005045936117
0.3005246969422833
0.12361538306897452
0.3308807269364533
0.08607241219870128
0.35110467804515216
0.03845767243632262
0.3683935428100434
0.01978167782401538
0.4035743722734856
0.01871620127455121
0.4451480610337133
0.01863578795006334
0.47289065798202773
0.01473574171240173
0.5251995255613857
0.02043503608547938
0.5445791367629615
0.012474116961180419
0.5596968417666809
0.0
0.5702711939368355
0.002492813059123894
0.6166294755040913
0.06897452907946844
0.6758538889894057
0.21470357638260656
0.7436825281949215
0.3876525340248878
0.8201958064451276
0.4526466035422069
0.8794604265926865
0.47540357437227343
0.9330961140260942
0.4305329393080435
0.9827513418973524
0.3611764469372576
0.9959391271133629
0.27278209999396896
0.9996783467020486
0.20266168104054838
0.9997587600265364
0.21198962668114096
0.9999195866755122
0.22577046016524932
1.0
0.23541000743823245
1.0
0.25482982530205256
0.9996381400398048
0.2756166696821663
0.9995175200530728
0.29927829041272136
0.9995175200530728
0.3172205134390768
0.9995175200530728
0.34331463723538985
0.9995175200530728
0.372474519027803
0.9998391733510242
0.4066903885973906
1.0
0.4426150413123456
1.0
0.4814848320366684
1.0
0.5233500190981645
1.0
0.5767243632269868
1.0
0.6348732484972761
1.0
0.6949017952274692
1.0
0.8006252135978932
1.0
0.863407916691796
1.0
0.9483042840198623
1.0
0.9823593269404742
1.0
0.9914259292764813
1.0
0.9966226403715097
1.0
0.9968337253482904
1.0
0.9973262569607786
1.0
0.9972659469674128
1.0
0.9769012725408602
1.0
0.9252055565607222
1.0
0.7762197696158252
1.0
0.8034999899483346
1.0
0.7960617574332067
1.0
0.9258488631566253
1.0
0.9997185533642926
1.0
0.999396900066341
1.0