0010000000
0.7912424314176505
0.7572979738186242
0.8051956837939314
0.75838040794236
0.8129418529919158
0.7502621520143425
0.8412711835740624
0.7447146771301966
0.8877312857287828
0.7433616344755266
0.9155363122822445
0.7357169434766427
0.9215235260291579
0.7270574704867574
0.9163143118086798
0.7198863444170078
0.9016507120386972
0.7336873794946389
0.913185400669756
0.7503974562798092
0.9468592497378479
0.7353110306802423
0.9723979298447384
0.6953286202347531
0.99402969928627
0.6615702060007439
1.0
0.6634644657172815
0.9928626999966171
0.6200317965023849
0.9905963535500457
0.6161756249365761
0.9562628961878024
0.6820011500862562
0.9434766431011736
0.721239387071677
0.948449074857085
0.7391672022460506
0.952203768223793
0.7238101681155497
0.9336670838548186
0.6939079254473496
0.9186821364543518
0.6667117680884886
0.902479450664682
0.643371782295437
0.8625646923519263
0.6257145756519976
0.8107600717112606
0.6058248486283533
0.8093393769238575
0.5893853803741166
0.824070628826574
0.5732841727835473
0.8259479755099279
0.568819132023137
0.8248824544193756
0.5811994723133647
0.8207725873558164
0.5380374116294018
0.782515306295031
0.20816561242093187
0.7171464330413014
0.0
0.5847512092818726
0.020295639820045425
0.48665561681832054
0.04823597063897483
0.5126340357879784
0.0882860332171975
0.49538274194094
0.08010012515644589
0.4222000473564931
0.09126272705747074
0.3557994790785782
0.1038460237458989
0.2824645671954812
0.08503873084599031
0.22802151337820953
0.08544464364239115
0.23309542333322084
0.08368568819132056
0.20625443967121093
0.09268342184487398
0.20292257213408682
0.10046341710922461
0.17892297804688315
0.09897507018908808
0.17171802591076707
0.1107465412847143
0.18387849676961088
0.1797517166728682
0.19691844535399008
0.2576869735818424
0.2043263538883065
0.30166085985860736
0.19886344417007765
0.3666745594154858
0.17746845719311322
0.4766092751073981
0.35206169874505333
0.5629333964753241
0.6601495112133412
0.6143490173527723
0.7987010790515171
0.627608835368535
0.8513513513513515
0.6879545377668033
0.7434631126746272
0.7348374657511081
0.4641105435848866
0.7608835368534991
0.22419916787876765
0.7620336231099684
0.18800527686635354
0.7031762676318369
0.19745966241585797
0.630517877076075
0.20571322260934305
0.6127253661671684
0.2182119541318543
0.5853262524101073
0.2282752088759601
0.5560328789365088
0.24238067855089168
0.513073774650746
0.26127253661671707
0.47376788553259136
0.27355139870784434
0.4385211243784463
0.27830396103237176
0.40848357744477914
0.3076988127050707
0.38899976321753565
0.33389710110611254
0.3671481243446206
0.3498968304975816
0.36281838784967696
0.3642559956702636
0.3546324797889257
0.3794946385684812
0.3678922978046883
0.38744376416466547
0.3680276020701555
0.41198457531373694
0.3894733281466698
0.4028515373947166
0.4436626864661912
0.39140141392957456
0.47444440685992634
0.3780739437810779
0.46510841254270574
0.3563237831072626
0.4306734769813621
0.3288231911511012
0.4207962656022733
0.3233264553665057
0.4626052836315666
0.34646348476135713
0.5115177755978758
0.3547339579880257
0.5060379528464632
0.3648479518316817
0.4732943206034574
0.3666238203159358
0.48587761729188544
0.3325609714846261
0.5127355139870787
0.31867537124107853
0.47918005615127
0.33499644826303165
0.2451713290261479
0.33158001555999067
0.07847647397084215
0.3305821466021718
0.052971619930318604
0.3505733518249164
0.07732638771437297
0.3705138179481109
0.09363055170314269