0010000000
0.7386221212595955
1.0
0.7315721447595172
0.9991383362055459
0.7256775810747298
0.9895033683221053
0.7185884380385397
0.9765000783330723
0.7049584834717219
0.9540968196772669
0.6692973523421584
0.9290302365658782
0.6126625411248627
0.8906470311765626
0.5656235312548955
0.8564938116872942
0.5257128309572301
0.8284505718314271
0.4855083816387277
0.8101989660034463
0.4425818580604729
0.7914773617421275
0.40245574181419363
0.7595174682751051
0.3747650007833306
0.7073476421745262
0.34958091806360636
0.6375528748237504
0.3278239072536424
0.5491148362838785
0.3069677267742439
0.45268682437725183
0.281842393858687
0.36119379602067964
0.24522168259439106
0.2847407175309414
0.20963888453705146
0.238445871847094
0.18549271502428305
0.1959110136299542
0.20460598464671775
0.1518878270405765
0.2477283409055303
0.1265079116402944
0.26793827353908806
0.10614131286229034
0.28900986996709976
0.0795080683064386
0.3206564311452293
0.05451981826727252
0.3481513394955348
0.03266489111702943
0.3648558671471092
0.016371612094626474
0.3787795707347641
0.0036033213222621124
0.40496240012533286
0.0
0.41941485195049316
0.010339965533447924
0.3940349365502113
0.0348582171392763
0.34415635281215734
0.07809807300642323
0.28836362212125954
0.12627291242362526
0.2264804950650162
0.17335108882970357
0.1534544884850382
0.22262259125802902
0.12899498668337772
0.2763590788030705
0.11058671471095098
0.32429891900360336
0.09991383362055434
0.3680871063763121
0.10089299702334315
0.4161052796490679
0.10091258029139906
0.4561334795550675
0.1037717374275418
0.4967100109666294
0.13314663951120148
0.5298449005169984
0.1579978066739776
0.5543631521228259
0.1737623374588751
0.5730847563841447
0.19338477205075974
0.58663637787874
0.21958718470938404
0.5932163559454795
0.2438116872943754
0.5986996710010966
0.24392918690271004
0.6042613191289364
0.265274949083503
0.6118596271345761
0.27075826413911924
0.6243145856180481
0.32036268212439284
0.6394328685571047
0.34558593138022864
0.6597994673351087
0.379660817797274
0.6772677424408581
0.3671275262415792
0.6944226852577156
0.22460050133166198
0.7107159642801185
0.15263199122669574
0.7268525771580753
0.15474698417671937
0.7389942033526555
0.1797352342158859
0.729672567758107
0.23727087576374747
0.6236879210402628
0.2992519191602693
0.4973366755444147
0.464436785210716
0.38289205702647655
0.5946655177816073
0.31074729750900826
0.610234215885947
0.24706250979163402
0.5785680714397617
0.18604104652984427
0.518192856023813
0.15337615541281513
0.4466355945480181
0.10817797274009089
0.4557026476578409
0.043004856650477784
0.45695597681341055
0.01793827353908818
0.4501018329938898
0.028669904433651854
0.4180048566504775
0.06297979006736623
0.4352185492715022
0.12251292495691682
0.4448339338868868
0.1881560394798682
0.5032312392292024
0.2702490991696688
0.6570773930753563
0.5150399498668333
0.8047548174839414
0.8138806203979316
0.835520131599561
0.8639354535484878
0.8322301425661913
0.8600187999373337
0.8362251292495688
0.857120476265079
0.8280001566661441
0.855083816387278
0.8218314272285758
0.852890490365032
0.8307809807300641
0.8546921510261631
0.8299584834717211
0.8590004699984335
0.8196576844743847
0.8603321322262255
0.8092785524048253
0.8637004543318185
0.7998002506658308
0.8666771110762965
0.7598895503681652
0.8710637631207891
0.7113034623217923
0.8748237505874982
0.6924839417201938
0.8783487388375371
0.6416066113112955
0.8821870593764686
0.5785093216355944
0.885947046843177