0010000000
0.08967525012301135
0.0801487070143786
0.06089060193537807
0.06298179432507782
0.028661636870592092
0.06205237548521127
0.011221365698977678
0.052703515390082625
0.00300694330545079
0.032584331091793824
0.0009840905363293414
0.02886665573232742
0.00415504893116833
0.030998851894374325
0.005344158329232976
0.025750369033951122
0.009499207260401356
0.033951123503362324
0.02141763708927891
0.0885681482696408
0.04428407413482043
0.1332349242797003
0.04302662511617729
0.14023290142693137
0.03263900278825649
0.14575474276966813
0.019176097534306494
0.12716636597233613
0.02834727461593133
0.10147066863484772
0.04897217210650049
0.11366245694603905
0.07499589962276529
0.14340385982177026
0.10406757421682797
0.16724071947952535
0.11341643431195667
0.16811546662292937
0.10753922694221203
0.15969602536766708
0.11836422284183479
0.133289595976163
0.15499425947187137
0.05964682084085061
0.19472691487616864
0.03416981028921329
0.21071838609152044
0.042479908151549825
0.19859493740090764
0.022142037067410154
0.1767672625881582
0.003553660270078177
0.14183204854846646
0.03542725930785634
0.1114755890875294
0.08916953693073104
0.09955715925865181
0.08392105407030764
0.09762998195834015
0.08588923514296658
0.06868131868131869
0.21578918593843974
0.046047236345743835
0.3398939369088622
0.0693237111147559
0.4288994587502051
0.09743863102072055
0.5084467771034938
0.1376906675414139
0.5467716363238749
0.2400087474714341
0.5616970094582037
0.26858837679733216
0.5724673336613635
0.3226450166748673
0.565141326335356
0.3277158165217867
0.41889453829752343
0.31563337160352095
0.33262260127931775
0.31246241320868173
0.280739161336176
0.31747854135913833
0.24033677765021044
0.3335110163468372
0.23968071729265755
0.3590016948225903
0.2075884314690285
0.3994450822809032
0.19135093761959446
0.4765868459898311
0.2150237821879613
0.5375184516975562
0.2528565961401782
0.5603985566672133
0.2714449729375102
0.47952544967470334
0.2781695916024273
0.39349953529058007
0.2863156743753757
0.359452736318408
0.2825979990159096
0.3595210759389863
0.2657591165053852
0.33489147668252145
0.28068448963971343
0.29175550817341855
0.33459078235197615
0.24841452080258045
0.3833579355967416
0.2885435460062325
0.41080312722103773
0.3715625170849052
0.5013394565633371
0.33933355202011917
0.7664971844076318
0.28720408944289544
1.0
0.21871412169919638
0.935542069870428
0.1633316931824395
0.5920944726914875
0.205182876824668
0.5472636815920401
0.23784921546115573
0.5701164507134654
0.2797824066480783
0.5813241484883275
0.29686731179268494
0.604012902520365
0.3254332731944672
0.5790826089333551
0.3656306380186978
0.5757476354491278
0.36291072111967637
0.5678749111584934
0.3989393690886228
0.5223333880050299
0.3904652561368979
0.47619047619047633
0.37685200371767547
0.45071346563883874
0.3014460663714395
0.44054453009676897
0.30960581706850365
0.48756218905472637
0.2976737193155103
0.4857580230714558
0.29017002897599903
0.3374337105680389
0.3545732874091084
0.13722595812148045
0.378601498004483
0.050790006013886585
0.3683642228418349
0.024055546443606197
0.35781258542452576
0.0320922858236291
0.3608742004264392
0.021814006888633806
0.36312940790552733
0.0
0.3723689246077306
0.0383248592203816
0.3991170521021267
0.10196271390301244
0.43071729265759123
0.14291181455360558
0.4300885681482695
0.11809086435952108
0.42374665135859163
0.07916461647804936
0.48510196271390305
0.057405281285878365
0.502214203706741
0.0857252200535783
0.5360559838171778
0.14165436553496238
0.5847274615931334
0.15411951232846763