0010000000
0.5482934428551197
0.7394136807817588
0.5485058773544824
0.8327432375017706
0.5487891233536327
0.9225322192324029
0.5512321200963037
0.9433508001699474
0.554312420337063
0.9201246282396262
0.560295992069112
0.8578105084265681
0.5666336213000992
0.6918283529245148
0.5736085540291744
0.560118963319643
0.5800878062597367
0.5215975074352072
0.5872397677382807
0.5064438464806688
0.5952060614643819
0.4941226455176321
0.6032077609403768
0.491715054524855
0.609191332672426
0.5074352074776945
0.6144313836567059
0.5259878204220366
0.6165911344002267
0.5536043053391869
0.634294009347118
0.576405608270783
0.6580512675258461
0.5942501062172492
0.6796487749610536
0.5948165982155503
0.7027333238918001
0.5720152952839539
0.7339611952981167
0.5441155643676535
0.7775102676674692
0.49808808950573585
0.8119246565642261
0.44880328565359034
0.8294505027616487
0.44497946466506166
0.8347259594958222
0.4925647925223058
0.8392578954822264
0.560402209318793
0.8026837558419488
0.6424019260727944
0.7360501345418496
0.7236935278289196
0.693173771420479
0.7969126186092622
0.6489165840532503
0.8433649624699052
0.5818934995043197
0.8830194023509417
0.5111882169664353
0.912901855261294
0.49366237076901304
0.9225322192324029
0.6729570882311288
0.9470329981589011
0.8962257470613229
0.9498654581504035
0.9435632346693104
0.978331681065005
0.8575980739272059
1.0
0.7262073360713779
0.982438748052684
0.6774182127177456
0.9487324741538024
0.6526695935419913
0.8997309163008068
0.5672001132983998
0.819572298541283
0.4613723268658832
0.6980597649058209
0.498371335504886
0.6054383231836848
0.5307321909078034
0.5649341453051976
0.45659255063022225
0.5509134683472596
0.38188641835434073
0.5194731624415803
0.3573148279280555
0.4639569466081292
0.3772482651182552
0.4070245007789266
0.35118963319643115
0.36213000991360983
0.3228296275315112
0.3391870839824388
0.26037388471887846
0.35476561393570316
0.20269791814190635
0.3687862908936411
0.43435773969692687
0.3850729358447809
0.7257470613227588
0.40065146579804556
0.7156918283529247
0.42260303073219085
0.6455884435632346
0.4342161166973517
0.6179719586460842
0.44214700467355916
0.6504036255487893
0.44979464665061597
0.6097224189208328
0.46169097861492725
0.5105509134683471
0.4677807675966577
0.5001770287494688
0.45984987962045043
0.520889392437332
0.42104517773686456
0.5239696926780911
0.3818156068545529
0.5139852712080442
0.363121370910636
0.499858377000425
0.37430958787707136
0.47163999433508
0.41254779776235667
0.4485908511542275
0.39399518481801454
0.41530944625407173
0.3312561960062316
0.34789689845630944
0.2510975782467073
0.2997450786007648
0.1999716754000849
0.2719515649341453
0.18212717745361853
0.2766251239201247
0.15266959354199114
0.25269083699192757
0.1263277156210169
0.23764339328706982
0.0989944767030164
0.25577113723268663
0.08299107775102688
0.2753505169239484
0.07194448378416661
0.2924514941226455
0.06458008780625973
0.32258178728225484
0.05466647783600064
0.3570669876787992
0.04248689987253938
0.37855827786432505
0.02506727092479816
0.4042274465373176
0.008922248973233437
0.40992777227021665
0.0
0.4047585327857245
0.003965443988103728
0.3868786290893641
0.014020676957937954
0.37491148562526566
0.024784024925648095
0.36627248265118256
0.03469763489590719
0.35795213142614374
0.03568899589293304
0.3518269366945191
0.05353349383939959
0.34733040645800894
0.08426568474720299
0.3441792947174623
0.11896331964311017
0.3372751734881744
0.13935703158192878