0010000000
0.46206846846846866
0.9176072072072071
0.4271855855855857
0.9039423423423424
0.42365405405405426
0.9080360360360363
0.41963243243243253
0.910169369369369
0.41504864864864877
0.9092468468468465
0.4085765765765767
0.8916036036036037
0.4025225225225226
0.8646198198198202
0.39420540540540555
0.8341189189189189
0.3847639639639641
0.8047135135135133
0.3719207207207208
0.7849369369369369
0.35655495495495504
0.7723675675675673
0.3398342342342343
0.7521297297297297
0.3214846846846848
0.7321225225225227
0.30554234234234234
0.7258954954954955
0.2886774774774775
0.7264720720720721
0.27770810810810814
0.7166126126126129
0.24949909909909915
0.7126342342342342
0.22094414414414418
0.715747747747748
0.1963819819819821
0.7226666666666667
0.19365765765765774
0.7316036036036037
0.15981261261261265
0.7453261261261264
0.16171531531531538
0.7563963963963966
0.16578018018018026
0.7639495495495491
0.15398918918918927
0.7739819819819822
0.17762882882882888
0.7741549549549547
0.17896936936936944
0.516655855855856
0.16307027027027035
0.29922882882882884
0.17705225225225232
0.3308252252252254
0.17349189189189196
0.28025945945945957
0.1513225225225225
0.20363243243243256
0.13053693693693694
0.17878198198198195
0.10026666666666668
0.18126126126126138
0.08716396396396395
0.2035747747747748
0.0972252252252253
0.23545945945945962
0.09294414414414418
0.27489729729729734
0.08665945945945949
0.29484684684684687
0.05585585585585592
0.3213117117117119
0.027545945945945977
0.3595387387387389
0.01850810810810817
0.407855855855856
0.0
0.44516036036036055
0.004136936936936959
0.4788324324324327
0.0818738738738739
0.5088720720720721
0.16729369369369376
0.5186738738738741
0.20782702702702702
0.522018018018018
0.2711783783783785
0.5266306306306304
0.38539819819819837
0.523055855855856
0.38251531531531535
0.5221333333333336
0.30323603603603627
0.5410450450450448
0.20918198198198212
0.5527495495495499
0.12686126126126132
0.5555171171171173
0.12085045045045045
0.5524036036036037
0.15326846846846856
0.5486558558558556
0.1886990990990991
0.5449657657657659
0.2200072072072073
0.534183783783784
0.25082522522522527
0.5212684684684686
0.28762522522522527
0.4899027027027029
0.33156036036036035
0.45945945945945965
0.3894630630630631
0.4294774774774775
0.42734414414414423
0.40053333333333313
0.47119279279279286
0.38767567567567585
0.5177225225225227
0.39401801801801817
0.5510774774774775
0.418464864864865
0.5860324324324324
0.4474090090090091
0.6263495495495495
0.47681441441441463
0.6570954954954956
0.5104864864864866
0.688547747747748
0.5423135135135134
0.703956756756757
0.5711423423423425
0.7143783783783786
0.6026234234234233
0.7249873873873877
0.6262054054054055
0.7373117117117117
0.6512288288288289
0.7505873873873876
0.6774630630630631
0.7744864864864867
0.7067531531531533
0.7926774774774776
0.7429621621621624
0.8002018018018022
0.781016216216216
0.8206702702702702
0.8016576576576576
0.8533909909909909
0.815091891891892
0.8887927927927929
0.8355603603603601
0.9177801801801805
0.8552216216216215
0.9356684684684687
0.8688288288288285
0.94892972972973
0.8789765765765765
0.9725693693693694
0.8835315315315319
0.9907891891891896
0.8771891891891891
1.0
0.8546450450450451
0.997592792792793
0.8302558558558556
0.9852108108108109
0.8127855855855853
0.9658954954954957
0.800100900900901
0.9459315315315318
0.7862630630630628
0.9231279279279282
0.7652756756756754
0.8902342342342345
0.7143063063063065
0.8799423423423427
0.6929153153153154