0010000000
0.9962129940389721
0.9977558483193911
0.9958924009417425
1.0
0.9958322897360119
0.9979161448680055
0.9920152281721184
0.9972749586735463
0.9853529028703104
0.9962731052447027
0.984982217101638
0.9969543655763162
0.9823373240494916
0.9952712518158596
0.9842608826328711
0.9957521414617042
0.9859339778590396
0.9957521414617044
0.9863747933677306
0.9947903621700148
0.9865150528477684
0.9933076190953266
0.9861944597505388
0.9927465811751743
0.9854931623503481
0.9913840605119472
0.9867354606021143
0.991905024294946
0.9864749787106146
0.991744727746331
0.9860542002705007
0.9917848018834847
0.9862545709562691
0.9922656915293295
0.985282773130291
0.9911836898261788
0.9848720132244653
0.990542503631719
0.9847718278815809
0.9900616139858741
0.985142513650253
0.992345839803637
0.9863146821619997
0.9928267294494816
0.9870460351650556
0.9935881380554028
0.9880879627310527
0.9935881380554028
0.9870360166307672
0.99430947252417
0.9851725692531186
0.9943896207984771
0.9839402895356409
0.9932675449581729
0.9833992886840658
0.9931873966838651
0.9818263788007815
0.9929870259980967
0.9763262034764314
0.9939888794269401
0.9580523969343285
0.991704653609177
0.9089515603867155
0.9886189450483395
0.8994139157441268
0.9888193157341084
0.9082101888493714
0.9965536242047791
0.8048790261984673
0.95900415769173
0.6713019085307822
0.768131042428493
0.41257326053198423
0.6348444622551722
0.23184892050293052
0.5384661624004408
0.13871662575765176
0.4581175174072034
0.10130741872464064
0.3907128187146222
0.07625106446926815
0.33024094574963697
0.057536442418474235
0.2813905725592344
0.045083404297951206
0.23795020788458643
0.032950959274658125
0.2123027601061965
0.02326303661774284
0.20176326203476436
0.008345439062265184
0.19370836046686368
0.0
0.19034213294594998
0.0012222611831888984
0.1876972398938036
0.011000350648700086
0.1886990933226468
0.013955818263788068
0.17058558332915902
0.04176726944847969
0.16569653859640343
0.08608926514050991
0.18112508140059122
0.1268446626258578
0.19082302259179473
0.1549466513049141
0.20805490156790066
0.15233181385563302
0.2309773080198367
0.14123127786404857
0.2633972849772078
0.1287682212092372
0.31308921504783854
0.10613635225166564
0.37708761208235253
0.08432600310574566
0.43519511095526725
0.08608926514050991
0.5241196212994041
0.07491859940890656
0.5958122526674346
0.06541101036918301
0.6547613084205781
0.0612733557080599
0.7490156790061611
0.0695286279617292
0.8796573661273357
0.10056604718729656
0.952832740570055
0.1600861593948806
0.9766768521765269
0.21299403897209848
0.982808195161048
0.23312127435756144
0.9845714571958125
0.2511646546110303
0.9854931623503485
0.26726443921254317
0.9851725692531186
0.2817812953964836
0.9844111606471976
0.30114712217602574
0.9844111606471976
0.32332815709061763
0.985653458898963
0.35274257376145873
0.9863747933677306
0.40453839603266045
0.9841306416871212
0.48325401993688333
0.984491308921505
0.5908530781946603
0.9897810950257977
0.7595551770775938
0.9918649501577922
0.873656264088564
0.9909432450032557
0.9397785903922257
0.9915443570605618
0.9685518208686069
0.9907428743174876
0.976616740970796
0.9878976105795725
0.9761959625306821
0.9901016881230279
0.9747833491960126
0.9884586484997248
0.9744126634273403
0.9873365726594202
0.975023794018935
0.9858939037218855
0.9741521815358416
0.980884636577669
0.97518409056755
0.9774382607824476
0.9741622000701298
0.9750338125532235
0.9742724039473029
0.9709863247006966