0010000000
0.18252955575230476
0.27170459871881697
0.20915577313681585
0.29217228269360995
0.24290401541586404
0.29248476641841564
0.2565751783761264
0.29060986406957995
0.2548434977344931
0.3167543357116819
0.2419795843966462
0.3495651268163117
0.24277381386386146
0.3683662309254727
0.23420655174209706
0.3886255924170618
0.2044554971095257
0.4303421696786625
0.17590229675537744
0.45138274048226623
0.18932607676683524
0.4231029633873235
0.17924847664184168
0.39555231498359467
0.1444976824123745
0.3987813134732567
0.13277954273214965
0.4277902192594135
0.1321415551273373
0.42747773553460733
0.1367767303786264
0.4362793604499763
0.15583823759179224
0.4553929482839432
0.16487422530076581
0.4529972397270972
0.16793396177282446
0.45377844903911224
0.16775167960002096
0.4270610905681995
0.17220457267850645
0.3293578459455238
0.1906671527524609
0.24519556273110796
0.21183792510806734
0.2266027811051508
0.23407635019009448
0.22629029738034462
0.2507551690016145
0.24149783865423677
0.26208270402583206
0.2827456903286288
0.2670954637779283
0.3345659080256238
0.274634133638873
0.3908129784907037
0.26568928701630123
0.4704963283162338
0.25966095515858567
0.5828342273839903
0.2646867350658821
0.6783500859330245
0.3083433154523202
0.7352742044685171
0.34679183375865835
0.7643872714962762
0.3529894276339775
0.772876412686839
0.3730795271079631
0.7619394823186291
0.39724493515962717
0.7478777147023593
0.4077652205614292
0.7210561949898441
0.4106556950158846
0.6755898130305712
0.40948388104786215
0.6563199833342015
0.4271131711890005
0.7253268058955261
0.4697281391594188
0.8951096297067859
0.4753268058955261
0.9966147596479348
0.4511613978438624
1.0
0.4198739648976616
0.9040674964845575
0.38486276756418925
0.7315764803916461
0.3336414770064059
0.7229310973386801
0.3138248007916255
0.7356908494349247
0.3099187542315505
0.7295974168012082
0.320621321806156
0.6754856517889695
0.3373001406176762
0.6092911827508984
0.35289828654757566
0.48987031925420554
0.3347091297328264
0.44726837143898723
0.32038695901255143
0.3966460080204158
0.32279568772459777
0.29243268579761483
0.334735170043227
0.227279829175564
0.34840633300348944
0.19889589083901887
0.3646554866934016
0.13530545284099793
0.38822196760585387
0.1133274308629759
0.38481068694338844
0.21545752825373685
0.3709312014999218
0.3798760481224936
0.37707671475444005
0.5252330607780846
0.405525753866986
0.5915837716785582
0.4419170876516847
0.6233529503671682
0.4315400239570857
0.6422582157179313
0.383599812509765
0.7303786261132229
0.3749023488359981
0.7996979323993536
0.40638508411020263
0.7890734857559494
0.4262147804801834
0.768605801781157
0.39521379094838816
0.721733243060257
0.3488229779698974
0.6459038591740013
0.3559059423988336
0.60002083224832
0.39638560491641056
0.5453882610280716
0.44601843653976364
0.5309098484453932
0.5338263632102496
0.5215353367012132
0.6033800322899847
0.4934638820894741
0.45474194052393113
0.44544554971095207
0.2483855007551692
0.4099265663246706
0.17810270298421968
0.3836258528201657
0.17719129212020227
0.35456486641320767
0.19975522108223548
0.32050414040935393
0.19778917764699763
0.28008957866777784
0.17338940680172918
0.21358262590490065
0.16213999270871332
0.13129524503932113
0.16462684235196096
0.05452840997864724
0.16532993073277455
0.013280558304255346
0.196656424144576
0.007864173740951169
0.2464845580959327
0.0
0.2819124003958128
0.029165147648560305
0.30443726889224537
0.08530805687203807
0.3093588875579398
0.11801468673506608