0010000000
0.6147231673368392
0.4325394370553665
0.6280544386019178
0.5207547169811323
0.6203835446953295
0.539127745128364
0.6082431178472009
0.5285493349829881
0.5982060006186206
0.5583668419424686
0.617228580266007
0.5386328487472932
0.6210794927312094
0.6001237240952677
0.5997061552737396
0.5431487782245593
0.5965975873801422
0.3500773275595423
0.6013918960717601
0.32471388802969386
0.6016084132384781
0.36300649551500136
0.6030776368697804
0.4533250850603155
0.6261676461490877
0.3789669038045161
0.6142901330034026
0.33090009279307153
0.6451438292607486
0.32725023198267883
0.659464893287968
0.3913393133312714
0.6441849675224253
0.4342097123414786
0.7243581812557998
0.4982987936900712
0.7842715743891124
0.6559851531085681
0.7850757810083515
0.7599752551809469
0.7708629755644913
0.7946180018558618
0.7143674605629446
0.8137952366223321
0.6923909681410455
0.8207237859573153
0.7231982678626665
0.9148778224559235
0.7102690999072074
1.0
0.7043612743581815
0.8106402721930093
0.5745283018867926
0.6004948963810703
0.4285493349829878
0.5090627899783485
0.381333127126508
0.41181565109805135
0.3801577482214662
0.3479740179399939
0.3914011753789052
0.3143210640272194
0.3444788122486855
0.3600989792762141
0.2749613362202289
0.44058150324775724
0.278796783173523
0.45320136096504793
0.28193628209093735
0.5411691927002782
0.30069594803587996
0.626909990720693
0.27847200742344574
0.613857098669966
0.2577946180018559
0.5646767708011139
0.21716671821837308
0.5553974636560471
0.1810856789359728
0.5717909062789979
0.1504175688215281
0.6254253015774824
0.21967213114754103
0.6087844107639961
0.3339313331271265
0.49266934735539775
0.3892669347355398
0.4111351685740797
0.3912774512836374
0.31345499536034654
0.2960717599752554
0.3193318898855553
0.2491493968450356
0.37160532013609654
0.24321064027219294
0.375378905041757
0.23767398700897013
0.34358181255799586
0.23819981441385712
0.31098051345499544
0.23441076399628832
0.2504175688215279
0.2260284565419116
0.19189607175997522
0.2586452211568202
0.12737395607794624
0.2593411691927003
0.09248376121249612
0.21484689143210658
0.11803278688524586
0.2079647386328488
0.10448499845344873
0.22528611197030615
0.1287967831735231
0.2734147850293845
0.14172595112898226
0.2946953294154038
0.09471079492731196
0.2740179399938138
0.008846272811630059
0.2736622332199196
0.0
0.3183420971234149
0.06520259820600062
0.3640272193009588
0.10763996288277139
0.36116609959789664
0.21719764924218973
0.34158676152180645
0.23810702134240636
0.29266934735539757
0.23674605629446327
0.23888029693782878
0.18335910918651416
0.22929167955459331
0.15849056603773595
0.23433343643674598
0.22381688833900384
0.2382926074853078
0.2845654191153725
0.2532168264769563
0.3410454686050108
0.21999690689761836
0.3818744200433036
0.18753479740179407
0.46637797711104256
0.1876894525208785
0.43550881534178804
0.1528611197030622
0.4517785338694713
0.107485307763687
0.4107021342406435
0.0453912774512836
0.36282090937210026
0.044741725951129005
0.32403340550572235
0.08241571296009909
0.34061243427157445
0.09650479430869154
0.4217754407670897
0.10463965357253328
0.45759356634704584
0.1371945561398084
0.44404577791524885
0.1663006495515001
0.41843489019486546
0.18778224559232917
0.3791524899474174
0.22697185276832657
0.3434580884627281
0.233838540055676
0.18224559232910606
0.19081348592638422
0.01905351067120326
0.17576554283946802
0.0504175688215279
0.1929013300340242
0.20494896381070196
0.21218682338385406
0.19350448499845352