0010000000
0.20700516567972788
0.5543656293309814
0.21839170971399782
0.5644450044097268
0.23845596573012479
0.5793120826508759
0.2687570870606023
0.5978329343580701
0.2847895930452312
0.6249212548821974
0.29631787829154593
0.6518205871235985
0.30113707950107094
0.6731762630716895
0.2986172357313848
0.692516064004032
0.288663852841124
0.7075721305279075
0.29153017512914214
0.7267859392717654
0.28590777371802945
0.7516693964974175
0.27430074335391214
0.7694342950737059
0.3039246566712864
0.785246314728487
0.34665175759102945
0.7970265843517703
0.3725903993952376
0.8013103187602373
0.4034899836210157
0.798853471084793
0.43254693209021056
0.7902230061736175
0.47505354668010596
0.7797026584351769
0.4955902734030491
0.7669144513040195
0.5215761622779389
0.749905505858637
0.5416089202469448
0.7259039939523753
0.5531529545168202
0.6958548569988664
0.5748393599596827
0.6600730754693208
0.5760835328209654
0.6140859266725465
0.5928719919365002
0.5667758598966866
0.6001322917979087
0.5238125236235354
0.6063689051278823
0.4860778631724835
0.6066051404812903
0.4576036285750286
0.5924152702532447
0.43234219478392355
0.5720990298601488
0.41842005795640674
0.5760677837974048
0.4147662844903619
0.6013449666120703
0.415270253244299
0.6232833564319015
0.41747511654277464
0.6443712989794634
0.4167821595061109
0.5958958044601237
0.4143253118306667
0.5046144639032384
0.4087816555373565
0.4712895300491372
0.39719037419679987
0.43205871235983373
0.3845911553483686
0.3895048506992567
0.3719289404056948
0.3188547310066776
0.3608416278190751
0.28170278442736557
0.34767544412246465
0.23946390323799932
0.33135945571374587
0.196988786695225
0.31894922514804097
0.17797971525765408
0.3097517953886857
0.16098651883583218
0.30370417034143876
0.13805594053168704
0.29286884213178793
0.18568098777875763
0.27982865062366147
0.288490613581958
0.24492881441350636
0.36299924404686906
0.19560287262189743
0.44952437948847174
0.15704926294569727
0.46809247826634764
0.12933098147914837
0.4053326193775988
0.10810129771954143
0.3258315484439966
0.0924152702532443
0.24423585737684264
0.08120196547814024
0.21469068917727102
0.07565830918483044
0.19700453571878554
0.06658687161396
0.18434232077611187
0.05531057074461385
0.16293939775733915
0.04825500818949228
0.14859203729368786
0.0371676956028726
0.1265119062618118
0.026647347864432416
0.09627378102557635
0.020473730628701007
0.09047814035529797
0.014174121204485312
0.08254063248078619
0.007370543026332391
0.08734408466675066
0.0016378984502960518
0.11838541010457355
0.0
0.13977258409978582
0.0011339296963587104
0.15960060476250473
0.0174499181050775
0.18253118306664987
0.053483684011591245
0.22100604762504733
0.15377346604510528
0.2577012725211039
0.2696862794506741
0.32179979841249856
0.34786443240519077
0.324792112889001
0.42081390953760883
0.3343832682373694
0.4889126874133802
0.33495023308554883
0.5526647347864433
0.3362731510646341
0.6046365125362232
0.33411553483684026
0.6466549073957417
0.33198941665616755
0.677711981857125
0.3287136197555753
0.7044223258157998
0.3229809751795389
0.7257150056696487
0.31702784427365505
0.7482046113140987
0.31011402293057844
0.7637646465919115
0.30379866448280207
0.7800176389063883
0.2978455335769183
0.7920498929066401
0.29675885095124116
0.7998614085926675
0.2987589769434297
0.8034521859644704
0.29946768300365384
0.7961446390323803
0.31134244676830036
0.7877031624039311
0.3243511402293059
0.899899206249213
0.3272804586115662
1.0
0.3137048003023815
0.7364873377850576