0010000000
0.16805670507841508
0.2908681904034292
0.16309076632499306
0.3194753931368179
0.16075635067167507
0.34765815666051203
0.15530230682710466
0.3701534347743044
0.1438424481653615
0.38033997580696505
0.12648288448886907
0.38781010589758275
0.10903843297043775
0.39782687124636573
0.09303707476496675
0.41225780437596815
0.07512574011587189
0.4246514292990385
0.06326266420491924
0.43322510133486125
0.061543685405657814
0.4461280533095645
0.055495426667515516
0.46149275270049445
0.04717641815750941
0.4689628827911122
0.04142526686615308
0.46870821926529554
0.04165870843148493
0.4740561533074425
0.03709598692727233
0.47201884510091024
0.028034209800301357
0.4637847244328431
0.026124233356677497
0.4625114068037604
0.017168566032130027
0.45393773476793775
0.011099085333503095
0.4459582776256869
0.008679781838246206
0.4431569788417053
0.0016340909573226354
0.4398463530060906
0.0
0.43042380255087964
0.017868890728125482
0.4257549712442435
0.05004138282294516
0.41972793446658596
0.14753506928970095
0.4034294688143291
0.2840771630483223
0.4066552068080049
0.32923749495978444
0.4313575688122068
0.38560302200717295
0.44154410984486736
0.4958935506462086
0.4315273444960845
0.6397572207720549
0.42541541987648823
0.7109144542772858
0.43712994206404765
0.6626344941745718
0.46437893932641494
0.6095371490418284
0.4764330128817298
0.6243925213811251
0.467859340845907
0.7441268224358566
0.4939199083211305
0.9520383693045564
0.5012202627278707
1.0
0.4665860232168244
0.8947178540353556
0.4563145943422253
0.7110842299611636
0.5075868508732835
0.6985208293542158
0.5667536767046539
0.6808217143099679
0.5973981876445743
0.603361558540778
0.6195539143906114
0.5879119713079093
0.6121686721419323
0.6212941151503575
0.545022389168311
0.6385051251034568
0.4669255745845802
0.6515354088410688
0.5703189660660849
0.37849366524479533
0.5147174295961459
0.19116742004626394
0.31480656183018196
0.11374970819804327
0.30937373994609624
0.07217588760849726
0.2888308821968971
0.09034188578340864
0.2644680715604505
0.10069820249994693
0.26319475393136815
0.10540947772755238
0.22822096305256676
0.1050699263597971
0.2312769253623649
0.10929309649625431
0.21727043144245653
0.10791366906474822
0.20827232019693984
0.09208208654315474
0.20080219010632186
0.09819401116275113
0.20538613357101926
0.09486216336665178
0.22270325332654226
0.11415292544725279
0.24698117612105006
0.3072939878185945
0.2406994758175759
0.5141868805840283
0.2610725578828972
0.6277031472167398
0.2516500074276861
0.7060970692472571
0.2448589800725791
0.771842702828887
0.24316122323380226
0.7636085821608197
0.23535154177542916
0.5102183739733875
0.2215997113813373
0.38462681182487624
0.19205874238662152
0.27921733409732374
0.16328176396935537
0.1467498567517667
0.16243288554996707
0.12474268372912282
0.1673563803824195
0.13465333927548226
0.1585280448207805
0.149211604167993
0.15674540014006497
0.1585492667812652
0.1634515396532331
0.1572335052312132
0.1383247384393371
0.16207211222172707
0.13475944907790588
0.15861293266271942
0.15666051229812591
0.1678232635130833
0.1918889667027439
0.1807686594087561
0.2087816472485728
0.20513147004520274
0.2378981770335943
0.24683262239765694
0.2756732666963773
0.27431506122535604
0.30351647885231625
0.2803208760425287
0.3072515438976249
0.292353727637359
0.30445024511364366
0.2954096899471573
0.29825343265210824
0.29920842087392036
0.2930752742938391
0.29865664990131774
0.2845016022580163
0.32253135544661604
0.2772012478512763
0.3455784045330107
0.2687973514993313