0010000000
0.19791988092861165
0.24251719819214795
0.2268709273410414
0.3109832465104457
0.2550777775760986
0.3761094875937053
0.29236019094984855
0.4360808088141869
0.32713774889731917
0.49793984716751666
0.3711179278674242
0.5544261521427407
0.3909752600148839
0.6041602381427765
0.4207794093623509
0.6511353529486508
0.4255531555733034
0.6880910460494076
0.3908118998783875
0.711760114715118
0.358684406367415
0.719891819287387
0.3348156753126533
0.7196014012669486
0.3008912203002197
0.7029749695968637
0.25364383860018513
0.6687782476902692
0.24298912747535997
0.6389377960902477
0.274826202965894
0.611057666128183
0.32506852050169693
0.5958833245602893
0.3887245203564883
0.5866625524113772
0.4490225618499629
0.5805637739821756
0.44357722396674726
0.5735211369865497
0.4248452616484853
0.559581072005518
0.37409471257691546
0.5447697529631711
0.31733614070753086
0.53867097453397
0.2148730328716897
0.5739567640172073
0.11119379957526362
0.599658758825985
0.055760259924128315
0.6225291779354912
0.05937233405332796
0.6464160601165305
0.04505109542047087
0.6483037772493784
0.056232189207340334
0.6464160601165305
0.07414735084311982
0.651062748443541
0.08409416804312708
0.6488120087851451
0.09050151561904415
0.6578875719238374
0.11099413718621245
0.7050078957399312
0.09694516544751608
0.7858893144319602
0.04470622402120048
0.8698927268437002
0.013105113172272262
0.9468535022598158
0.0
0.9861325395240778
0.004682990579565392
1.0
0.008658087234312816
0.9895449512642263
0.011689325322636326
0.9716116385021694
0.09149982756430049
0.9436589040349954
0.20007986495562052
0.9007496415152556
0.13301145336068113
0.860817163705008
0.1249886555460766
0.8275643003648377
0.1486577242117874
0.8102118236436567
0.09676365418474216
0.8302506670538911
0.04657579002777132
0.8105748461692047
0.051367687365001025
0.7274426878187794
0.058900404770116134
0.5920352857894834
0.09148167643802303
0.4480605521572613
0.13593378469134018
0.3060461401629972
0.16334198537019215
0.19713938249868382
0.1901330477556133
0.18261848147677542
0.23358684406367416
0.1855226616811571
0.26664004501479327
0.18109378686947505
0.28735048009729003
0.17426896338917836
0.339044887735284
0.1768101210680122
0.36725173797034094
0.17216343274100138
0.35084311981558436
0.1630878696023085
0.33044125387980333
0.151035521754125
0.3199136006389197
0.1434120487176229
0.3344163505345506
0.1482039460548527
0.35808541920026143
0.15401230646361613
0.3794492948287442
0.16896883451618191
0.3956582505944494
0.21986459259797073
0.40295500335795853
0.29871308514693334
0.38101029168859946
0.3769807416550197
0.3624235383805566
0.4704227397310005
0.35438258943967477
0.5336612636814112
0.34216688145499435
0.5530466665456595
0.32279962971702386
0.5391066015646272
0.29695242589802695
0.463525311745594
0.26680340515128964
0.34960884322872227
0.22766957689724648
0.25645726317317974
0.1797324523986714
0.2089739168315393
0.14842175957018142
0.186829542773129
0.13600638919644967
0.1865391247526907
0.15301399451835987
0.18646652024758142
0.17154629444757052
0.16606465431179984
0.19069573267021223
0.1506724992285772
0.22648975368921642
0.15321365690741104
0.2564028097943477
0.1606193164285842
0.26927195832501405
0.21158767901548306
0.29450202385058005
0.2905087760695552
0.31804403463234887
0.3388633764725102
0.31595665511044957
0.3395894215236057
0.31739059408636316
0.29711578603452343
0.3032327155900024
0.2815784219410814
0.26449821211406166
0.3271740511498739
0.21857586263227635
0.3777067867061151