0010000000
0.19729490022172944
0.16323725055432386
0.1607095343680711
0.1612860310421284
0.10190687361419073
0.1559645232815966
0.056496674057649764
0.14478935698447892
0.05516629711751673
0.1314855875831484
0.06580931263858086
0.12385809312638583
0.03884700665188482
0.11889135254988917
0.0
0.11764966740576484
0.03144124168514393
0.11658536585365857
0.1018181818181817
0.11924611973392464
0.15490022172949
0.11853658536585368
0.18172949002217306
0.11427937915742797
0.18470066518847003
0.10700665188470071
0.21676274944567603
0.10310421286031046
0.273791574279379
0.0972505543237251
0.3874057649667408
0.09707317073170753
0.4889578713968959
0.08784922394678499
0.5063414634146343
0.08643015521064308
0.5145454545454548
0.08643015521064308
0.48815964523281574
0.08110864745011077
0.4689135254988913
0.08536585365853665
0.4632372505543235
0.08501108647450117
0.5253658536585365
0.08217294900221704
0.5682039911308204
0.08430155210643038
0.5258536585365853
0.0921064301552107
0.4901552106430154
0.0935254988913526
0.45157427937915756
0.09866962305986685
0.41503325942350316
0.10328159645232837
0.3639911308203992
0.10665188470066539
0.21268292682926837
0.10665188470066522
0.14886917960088691
0.11498891352549892
0.15356984478935698
0.12208425720620812
0.1711751662971175
0.1279379157427938
0.18008869179600884
0.13662971175166297
0.18811529933481147
0.14301552106430124
0.19587583148558751
0.1673170731707317
0.16678492239467846
0.19552106430155222
0.1280709534368071
0.2274501108647446
0.1858093126385809
0.25423503325942304
0.5117073170731705
0.2765853658536584
0.8399556541019955
0.2998226164079819
0.9854545454545455
0.32518847006651863
1.0
0.34008869179600865
0.5315742793791574
0.3517960088691795
0.308558758314856
0.355521064301552
0.35547671840354744
0.3578270509977828
0.3657649667405764
0.35321507760532145
0.34855875831485594
0.3516186252771621
0.3359201773835918
0.33778270509977787
0.3642128603104214
0.3227050997782706
0.3318403547671838
0.32093126385809323
0.3004434589800443
0.3143680709534366
0.2646563192904655
0.3028381374722838
0.21463414634146333
0.29113082039911325
0.19246119733924621
0.2787139689578714
0.16607538802660735
0.2645232815964525
0.19556541019955648
0.2499778270509975
0.2524168514412417
0.24305986696230572
0.24097560975609728
0.2315299334811529
0.25241685144124154
0.22372505543237192
0.324833702882483
0.2104212860310422
0.43082039911308234
0.20439024390243912
0.47600886917960067
0.1889578713968959
0.4896230598669621
0.17884700665188483
0.49631929046563167
0.1692682926829268
0.5287804878048783
0.16146341463414648
0.5673614190687362
0.14585365853658536
0.5796895787139688
0.13325942350332595
0.5473614190687364
0.12226164079822635
0.5419068736141902
0.10239467849223952
0.5213303769401327
0.08518847006651875
0.5069623059866961
0.07188470066518855
0.4882926829268292
0.05716186252771596
0.5051884700665188
0.03694013303769381
0.5011086474501106
0.01973392461197305
0.466651884700665
0.012638580931263682
0.43853658536585366
0.011042128603104362
0.39614190687361406
0.01015521064301551
0.38199556541019947
0.013525498891352534
0.35516629711751657
0.01884700665188484
0.35308203991130827
0.03569844789357013
0.33037694013303764
0.04882483370288275
0.28758314855875833
0.06195121951219489
0.2823946784922393
0.07419068736141915
0.3040354767184037
0.08483370288248343
0.31352549889135267
0.0995565410199557
0.2856319290465632
0.1068292682926828
0.249977827050998
0.11002217294900242
0.24740576496674063
0.10115299334811502
0.2391130820399112
0.09246119733924633