0010000000
0.2726979182495063
0.7135693663576971
0.3227473028415137
0.7161525604011549
0.3547143291293119
0.6982981309831339
0.3688459200729375
0.6967786050752166
0.3735184622397814
0.6934356480778003
0.3640594134629998
0.683862634857925
0.36449627716152583
0.6635769639872366
0.4084485640480174
0.679683938611154
0.4191422276249812
0.6178392341589428
0.4090563744111838
0.6653244187813406
0.37410727852909914
0.6244491718583806
0.33148457681203475
0.638808691688194
0.36550296307552066
0.6897128096034044
0.40466874335207437
0.7817960796231582
0.40896140404193915
0.8332320316061389
0.3713531378210002
0.8374107278529105
0.33611913083118095
0.8219115635921601
0.36639568454642174
0.7942561920680754
0.4345274274426383
0.8079319252393253
0.43549612520893516
0.7706275641999702
0.39182874943017804
0.7392493542014897
0.35000379881477006
0.6261206503570892
0.3065073697006535
0.6192827837714633
0.2803715240844858
0.5470293268500233
0.26661981461783935
0.4527427442637901
0.22781492174441575
0.5262877982069596
0.17717672086309075
0.5658714481081907
0.29871979942258026
0.5444461328065643
0.5200007597629543
0.6403282175961107
0.604220483209239
0.6327305880565267
0.5463455401914606
0.5882844552499626
0.46144203008661333
0.5186901686673763
0.3388352833915822
0.48533657498860416
0.30937547485184647
0.531910044066252
0.30833080079015357
0.5420908676492937
0.27410347971432925
0.516030998328522
0.32438079319252416
0.6563592159246319
0.29402826318188735
0.8110469533505552
0.2822709314693818
0.8349794864002434
0.3668515423187968
0.7017930405713424
0.422903054247075
0.6657043002583197
0.4299308615711903
0.7249658106670722
0.4589538064123995
0.664184774350403
0.4008699285822827
0.5284911107734394
0.3284645190700504
0.4878437927366665
0.46505090411791544
0.5793952286886496
0.4120384440054705
0.6732259535025076
0.37680443701565136
0.8180367725269716
0.3401648685610092
0.9011548396900173
0.27528111229296487
0.7378058045889686
0.18127944081446598
0.47606746695031144
0.17761358456161672
0.36141923719799446
0.21284759155143596
0.5031150281112295
0.21225877526211837
0.620954262270172
0.26394165020513616
0.704300258319405
0.30893861115332044
0.8202400850934515
0.2728118826926002
0.9240996808995596
0.2553183406777087
0.9835891201944998
0.3010560705060024
1.0
0.2756799878437929
0.9807020209694578
0.29619358760066883
0.9413462999544145
0.3678962163804895
0.9312414526667685
0.33535936787722254
0.9493238109709778
0.42911411639568475
0.9259990882844555
0.5722724509952899
0.873651420756724
0.6101276401762654
0.8182647014131591
0.530751405561465
0.8259383072481383
0.463854277465431
0.9252393253304971
0.39312034645190735
0.8897583953806418
0.3009990882844555
0.8396900167147853
0.21499392189636835
0.8614952134933904
0.20437623461480034
0.7553563288254068
0.23034113356632746
0.7687281568150743
0.32037304361039365
0.7588512384136156
0.3288633946208784
0.5072177480626044
0.3078369548700808
0.24350402674365598
0.34512232183558755
0.42463151496733054
0.3730246163197085
0.6557514055614655
0.39479182495061566
0.5620726333383991
0.427214709010789
0.4798662817201038
0.5282441878134027
0.6084941498252547
0.5342463151496737
0.7036924479562383
0.4380033429569978
0.5068378665856258
0.4911107734386875
0.4566935116243737
0.5354239477283091
0.3009421060629086
0.49815757483665146
0.08858836043154547
0.5236666160158036
0.02134933900622984
0.5386529402826323
0.0
0.5384440054702936
0.2031606138884671
0.5252811122929649
0.5518918097553568