0010000000
0.25139754032902095
0.5379104205170326
0.2823145549547083
0.5840007301435188
0.27775115796198685
0.6265315901156816
0.2883838729550277
0.6386702261163206
0.32265498437036544
0.5570766878864626
0.35674355990599393
0.5215734592830902
0.34321308782257487
0.5517831473749059
0.299336025737559
0.5356287220206722
0.29068838843635203
0.5679375727291394
0.2699933830743605
0.6164008487918403
0.28986697697766217
0.6583841011248768
0.3119310014374699
0.6197777625664544
0.30166335820384693
0.5555251329089375
0.30369406986560776
0.5114427179592489
0.32057863873867704
0.496292239943414
0.3174527117986629
0.4627056380769846
0.3281538777465945
0.40767107034476435
0.33390375795742344
0.418623223127296
0.3565382070413215
0.4157026490519538
0.40908572341250815
0.34615647888288004
0.4284345266616466
0.24320624272708594
0.45538138590366667
0.28144750952609116
0.44198781573002927
0.3488945170785128
0.40951924612681684
0.47374905879937035
0.4147443356834826
0.585552285121044
0.39242932438907513
0.6909667556529078
0.3974718780660324
0.708855271864376
0.4327469368197686
0.5974171173021197
0.4703493280397928
0.5481324297807286
0.4770803386040568
0.5969607776028472
0.4643940949642914
0.6089168777237773
0.43808611130125247
0.6707965409450795
0.4255367695712687
0.6715266844639146
0.43395623702283964
0.676272617336345
0.40858374974330897
0.7315809888881285
0.38946311634380604
0.7513861318365391
0.3970611723366875
0.7748419923791273
0.42672325278937623
0.781230748168937
0.4210418235334381
0.7850640016428226
0.3931138339379833
0.7241882857599197
0.43648892235380016
0.6012503707760057
0.37554475551600586
0.4747530061377692
0.3120907203322151
0.26438040477331326
0.2484541492687156
0.29997490131653987
0.1846806762954342
0.3635886553950757
0.18055080201702142
0.41789307960846056
0.41492687156319147
0.4492892509183838
0.3632692176055855
0.4101353047208337
0.28772218039108294
0.35008100029662087
0.3186391950167703
0.37718757843338585
0.3327172747393159
0.4315832705866245
0.3282451456864488
0.4765783649348576
0.35053733999589287
0.5117165217788121
0.7297099961211124
0.4700070732653387
0.93104707143998
0.4199922422251124
1.0
0.46863805416752224
0.9720491934195811
0.5402833869532478
0.5975768361968647
0.6189563511077643
0.17874826020489656
0.5907545576927464
0.03541196066351788
0.5281447509526092
0.0043580441280489145
0.49519702466516036
0.0
0.5093435553425969
0.030802929700869293
0.5278709471330457
0.061217970657357346
0.5964131699637208
0.08079494375613205
0.6538207041321555
0.09756542770438312
0.6268966618750996
0.15812170579779586
0.4478289638807128
0.18153193237045662
0.3972665252013596
0.2082734387478038
0.44271795924886465
0.21411458689848697
0.4967485796426861
0.24300088986241364
0.5488625732995642
0.2688525338261801
0.5378191525771785
0.31393889611426745
0.5635567116161271
0.3429392840030116
0.5384580281561593
0.3523170648230542
0.47566568553631317
0.3435781595819928
0.464530996874073
0.32363611472380016
0.44536472950464323
0.32965979875419255
0.4253770506765231
0.32993360257375587
0.4800465466493259
0.3008647637301205
0.5376366166974691
0.291852054669496
0.5435690327880073
0.24692541127615394
0.49154630707098357
0.2264357587788347
0.4216350651424921
0.22739407214730636
0.32288315422000113
0.2716362059917402
0.34268829716841226
0.27054099071348714
0.38175097542610725
0.242453282223287
0.3738106646587719
0.21374951513906945
0.28509822712026817
0.18598124443835987
0.2938599493462934
0.19111506605517134
0.3017089921737738