0010000000
0.0
0.08107120378454108
0.011694719103404864
0.17560351653706388
0.03360201409051228
0.295068320711429
0.066615231559499
0.40836091202566355
0.10754674842141601
0.4751994802347066
0.14977767851704477
0.5084969443485678
0.18813067224331523
0.5251456764054985
0.22382392950683222
0.542606541733499
0.24796459098938142
0.5695693663330155
0.26790246279414476
0.5823198586888109
0.286398798042759
0.589141778165797
0.2960834873002662
0.5855683917730904
0.3401620205875787
0.5996182973625972
0.3952652630296634
0.6139118429334258
0.42198444764785914
0.6039226036992674
0.4431405193592271
0.609932389905184
0.4566422349907624
0.6361642945607374
0.45178973869612044
0.6584979595151569
0.45016547215398073
0.6714108785251665
0.4441150792845108
0.7008101029378926
0.4482569589669667
0.7290723407711213
0.4763770734777581
0.7618013115952332
0.516435547073275
0.7649686313524053
0.552372444318113
0.7731711773902101
0.5790104156092019
0.788520496213429
0.6073741701013139
0.8034637484011131
0.6374637077944494
0.8118287210931318
0.6584167461880498
0.8343248127017644
0.6771161147544315
0.8571457576188257
0.6967494365825436
0.8887377418634398
0.7126063387001811
0.9007573142752727
0.7296814407244233
0.9031125007613752
0.7529084522770191
0.917081193023776
0.7898808194424709
0.9475361906888926
0.6760400381702641
0.9693825756806698
0.5422410817615174
0.9786408949708649
0.49032546240838143
0.9994315067102517
0.4588552981544274
0.9967514669157211
0.4197104744888639
0.9852191744665307
0.4102288185491243
0.9845694678496749
0.4072036221143892
0.9890362008405584
0.3960164863054028
1.0
0.4198729011430777
0.9904168274013773
0.5455505248411264
0.9701947089517394
0.6481229569772403
0.9259334456784363
0.7221082979716976
0.8542220778429745
0.7249913710839953
0.7506750857815772
0.5775079690577227
0.6744969849552317
0.5138164172740749
0.6365703611962726
0.5076035977503911
0.6311290682801051
0.5051265912736282
0.6369764278318074
0.49322883885245605
0.6574421862627658
0.4874829959596372
0.7087690089943761
0.5002131849836561
0.7533551255761076
0.5506669644488664
0.7937993624753827
0.605303230260086
0.8421212921040346
0.6553712464215381
0.9131829533226409
0.7419852597811305
0.9617485229326133
0.8478468316650766
0.9149696465189946
0.8891235051671984
0.8746878362739328
0.9025846141351801
0.8746878362739328
0.9143402432339152
0.8886565285363336
0.9272734655757014
0.896696647919924
0.9440643209550692
0.8850019288165193
0.9434349176699901
0.8802915558443148
0.9483889306235158
0.8767181694516074
0.9601242563904743
0.8256349867013177
0.963230666152316
0.7559539520435308
0.9679816457880741
0.7002416096481439
0.9607739630073301
0.6329157614764586
0.9501553204880927
0.5581182872109314
0.9460134408056367
0.5011065315818329
0.9377093781089478
0.4760116135057767
0.9260349623373199
0.4627738411873391
0.9163908797433664
0.4531094552616085
0.900615190952836
0.4509979087568274
0.8832355389519426
0.45229732199053874
0.8655107303108444
0.49387854546931176
0.8485980549408162
0.5274196495644937
0.8338781394026763
0.5545449008182243
0.8163157574157922
0.5674578198282342
0.8026922217935967
0.5547073274724384
0.7846831665076243
0.5707875662396201
0.7733133007126474
0.6069274968022256
0.7577812519034376
0.5450429415467082
0.722940734574544
0.5062229711895727
0.7008304062696691
0.46374840111262283
0.6855419974417808
0.384727833837533
0.6747406249365522
0.3052199865998011
0.6556148864028591
0.25129433740076745