0010000000
0.4020187066819192
0.14480855931633133
0.41504609380257046
0.1708633335576339
0.4304151806742479
0.21419823699616442
0.45520489872821485
0.272013996366328
0.48186528497409337
0.3444182760244934
0.484058946235112
0.423659242312092
0.46488123275688037
0.4936410739519545
0.4355830697799609
0.5324540744229864
0.4091649283359128
0.5505416862929817
0.391669470425947
0.5744431734069038
0.3693022003902832
0.58693223874571
0.3351995155103963
0.5663683466792275
0.30210618397146893
0.5721822219231543
0.2838974497005585
0.5761658031088083
0.2887423457371645
0.4782989031693695
0.2943678083574457
0.392921068568737
0.28376286925509725
0.3600296076980014
0.2641275822622972
0.3034519884260815
0.2527286185317273
0.16978668999394378
0.2614225153085256
0.07035865688715427
0.2804521902967499
0.017333961375412085
0.2990108337258595
0.0
0.31654666576946366
0.018625933651840294
0.3362761590740865
0.05905389946840723
0.3655608640064598
0.11638516923491017
0.42703721149317003
0.16268084247358855
0.4928066751900948
0.19923289146087075
0.5317677141511337
0.2410604939102348
0.5444182760244937
0.293439203283763
0.533248099051208
0.34813269631922455
0.521351187672431
0.4131081353879281
0.5082161361954107
0.5142049660184372
0.5180808828477222
0.505699481865285
0.5322791198438865
0.46704797792880687
0.5309467734338201
0.5038691878070115
0.5391427225624118
0.5177040576004307
0.515739183096696
0.4736693358455016
0.4707893143126303
0.47517663683466793
0.4612206446403337
0.4471300720005384
0.5159141376757955
0.4413700289347958
0.5395868380324338
0.4627414036740462
0.5330866025166544
0.49967027790861995
0.5433685485498957
0.5353071798667651
0.5479442836955791
0.5214184778951616
0.5399771213242716
0.5579166947042596
0.5455622098109144
0.6044815288338605
0.5419150797389138
0.637480654060965
0.5437722898862795
0.665796379786017
0.7881569207994079
0.640441423861113
0.9789247022407647
0.6427562075230465
1.0
0.6251530852567123
0.9778076845434357
0.6513155238543838
0.7342574523921674
0.6484085862324204
0.49925307852769
0.601897584281004
0.49481192382746786
0.5420900343180133
0.5084987551308795
0.4515981427898524
0.5031155373124283
0.36196756611264375
0.5144068366866296
0.2751362627010296
0.5200592153960029
0.1977255904717045
0.5105847520355292
0.10814884597268004
0.5229661530179665
0.09646726330664143
0.5365453199650091
0.0985128860776528
0.533907543233968
0.10002018706681912
0.5196150999259808
0.09808222865217686
0.5112711123073818
0.09765157122670073
0.5200861314850952
0.09286050736827932
0.5163178790121796
0.08096359598950267
0.5026310477087679
0.06804387322522036
0.4501985061570553
0.05700827669739589
0.3376354215732454
0.04715698808963058
0.28092322185586427
0.03978197967835272
0.28636027185249985
0.03170715295067626
0.33433820065944425
0.02557028463764215
0.3568938833187537
0.02007940246282213
0.36327299643361816
0.014588520288002114
0.36705470695108006
0.01012044949868783
0.37437588318417336
0.006513693560325654
0.3871071933248099
0.011896911378776652
0.4064598613821412
0.028208061368683052
0.42076576273467464
0.054478164322723927
0.43268959020254344
0.08876926182625663
0.4621761658031088
0.11869995289684414
0.5128322454747325
0.15455218356772762
0.560298768588924
0.21484422313437843
0.6163380660789987
0.310988493371913
0.6493641073951956
0.4147769329116478
0.6595249310275216
0.5161967566112643
0.6726734405490882
0.6049660184375211
0.6911378776663751
0.6811923827467871
0.725132898189893
0.7453065069645383