0010000000
0.19819230461135878
0.47072174307762144
0.2158687351472591
0.49411230674748347
0.2526367787241996
0.4820432031187417
0.2873621532135323
0.4970494779845666
0.3060532429040613
0.5124829777576033
0.3234893594296547
0.5230567942111026
0.3405116018263866
0.5478892419428051
0.3703639422178314
0.581907025179568
0.4084670636298096
0.623347841179141
0.4199487330111346
0.6701823716322663
0.43490160476355766
0.7121038156524526
0.45618274545406
0.819604282929695
0.4582387653200181
0.8917518891351367
0.43622333182024525
0.9233665322688317
0.4059971696349897
0.949747670289178
0.4090811994339269
0.9819497476702892
0.407492456810232
1.0
0.39135136578462515
0.9647005420416015
0.380417078315666
0.922031454433794
0.3699500680889696
0.8767990173827135
0.3840885423620196
0.807802194867961
0.2702197538116472
0.7426503965181173
0.22299805078636076
0.696990734559825
0.3140236575792369
0.6476462577768286
0.38784011107847594
0.5868201116125072
0.3905770206403033
0.54981175402526
0.39097754399081475
0.3112066433473073
0.3675869803209527
0.19339937518357325
0.33210061146564845
0.1159648607513818
0.34712023710982354
0.04723505380363662
0.32250140183172665
0.01417852660810129
0.3313796694347282
0.008037168566927396
0.3165069023524072
0.06063923526741604
0.25534698672932643
0.09369576246295142
0.22716349363167854
0.12082454407091923
0.2127980561266722
0.14784651945208405
0.17510880884355554
0.20749779712157213
0.15592374035406262
0.21193025553389755
0.13361458973058118
0.150036047101546
0.14186537075111488
0.05780887025713604
0.16922111559103892
0.039758617927424945
0.21171664308029162
0.0955114683186027
0.1733865584363567
0.13230621345224405
0.13182558543163067
0.08210728685482338
0.06372326506635341
0.06539211236015055
0.0
0.09417639048356521
0.02218899361832798
0.13599102827694834
0.004926437211289366
0.1722517422765747
0.04999866492216483
0.16979519906010526
0.17106352300339106
0.14736589143147025
0.1718245173693625
0.19612293396705022
0.18676403834343538
0.22650930549250994
0.1736802755600652
0.2627700194921363
0.15783290165816666
0.3096579530586633
0.17636378200849107
0.3420202397799791
0.17512215962190592
0.36658567194467456
0.17129048623534748
0.38607780833622607
0.1296360577821686
0.3648233692024246
0.09748738351445882
0.3499773036768041
0.030693439427518503
0.3499239005634029
0.010640570345251071
0.35222023443966766
0.024645536834797352
0.35093855971803156
0.06161384208699362
0.3399375183573203
0.10289444874636193
0.33224747002750266
0.14506955755520537
0.33956369656350965
0.17186456970441374
0.3453846359242745
0.16287949587460945
0.35734693332621265
0.14793997490053679
0.375023363862113
0.16833996421991398
0.3903500574083469
0.20379963151851746
0.39488932204747557
0.21849883848228344
0.38965581693412704
0.23660249392539595
0.3818055592641053
0.25058075885824144
0.38164534992390053
0.25804384395610264
0.36493017542922773
0.2860137246001442
0.3546767776561372
0.3123414595070892
0.36065792635710664
0.31857627299671587
0.37395530159408286
0.33007129315639094
0.36023070144989466
0.3359856879656084
0.3524338468932736
0.3395503457851592
0.3583615924808418
0.34259432324904543
0.3566526928519933
0.34889589063042376
0.3384956342954796
0.35649248351178875
0.3520600250994633
0.36383541160449656
0.3481615978211528
0.3755840965528292
0.27115430829617343
0.3881872313155858
0.26266321326533326
0.38797361886197984
0.24856479132733458
0.3814183866919442
0.2714213238631812
0.39392806600624836
0.29475848441964175
0.47511414915489564
0.36129876371792474