0010000000
0.9519062373703356
0.9720100726432399
0.956828568171691
0.9741655353941492
0.9619270666017264
0.9766526077990444
0.9656473124073822
0.9761551933180653
0.9708287132509146
0.9759893884910723
0.9771292966766495
0.9774816319340097
0.9821241670898144
0.979595643478171
0.9855749800516066
0.9804246676131357
0.984466160271091
0.969108488170862
0.9901138871905409
0.6534160975761407
0.9954507300593789
0.3628016870641144
1.0
0.20503839418025055
0.9919273774857772
0.1281464056622348
0.9758961232758889
0.10091296282863013
0.9627146395299434
0.08138944445020159
0.9509114084083773
0.06928569207971064
0.9407765883584287
0.07836350635757894
0.9374294034135068
0.07492305619747351
0.9340511300635237
0.06261204779324142
0.9221546337267742
0.09075741717530746
0.9140301972041159
0.1221774318904859
0.9011388719054083
0.15392905625965023
0.8834910206323381
0.16818827138105052
0.8681644369371705
0.2049969429735023
0.8459465901201049
0.20350469953056513
0.8257702152353907
0.21498668379983207
0.8109306832195152
0.2529145379744867
0.796205142022197
0.2902206240479175
0.7878423610607364
0.334076000787573
0.7810547259557094
0.3493714960776795
0.7716349392221682
0.3731644887511787
0.7608679882693082
0.38601436284313817
0.7416760795448657
0.4097659043098894
0.7234997253857552
0.4160664877356244
0.7151991212344171
0.40595239328904964
0.6921937014891345
0.41660535342335125
0.6768567549922797
0.451963232779614
0.6660379900309848
0.48881335557881406
0.6410532751634731
0.52980859905284
0.6039026311153484
0.5549694815490316
0.5807314065430731
0.5944310303733719
0.5605446688566721
0.63227598213453
0.5763686670328189
0.6301619705903687
0.6042549663727085
0.6194675592493186
0.625032383755272
0.6069078436045969
0.5608037388988487
0.609809428076975
0.42685416429185796
0.6108042570389328
0.35841822195048645
0.6180167670131296
0.30868713665426584
0.6195919128695632
0.2541269857718734
0.6159027554689686
0.2077534482222614
0.6223691437216964
0.16192913916206386
0.6394470409019783
0.127369195535705
0.6796547114477871
0.09147245049171496
0.6994683882734538
0.0508088166716753
0.7009191805096426
0.007637384843366206
0.7175825656224414
0.0
0.7462253494854864
0.005388656877273334
0.7824951553902112
0.0022072767593447297
0.8266821417838526
0.005699540927885295
0.8592213390812337
0.014290303526461361
0.8900195856951887
0.012766971678462939
0.9197401009336885
0.022342200437310247
0.9301029026207526
0.022383651644058502
0.9310562803759623
0.023834443880247514
0.9279888910765915
0.037047016031254244
0.9299370977937595
0.07146188043399417
0.9268697084943887
0.1267059762277329
0.9259163307391781
0.12779407040487464
0.9235121607477798
0.09836371361361258
0.9194084912797025
0.08463300137825257
0.9187867231784786
0.08590762598576146
0.9149317609508906
0.09222893501487063
0.9126104933729883
0.10548295837262563
0.9107866402760652
0.12751427475932398
0.9110353475165542
0.16661312552461677
0.9071803852889667
0.275412180437103
0.9036984839221129
0.4422532875988352
0.9001751313485113
0.5321505922341163
0.895076632918476
0.5883895169898132
0.8912631218976363
0.6341309236365145
0.8878641229442792
0.6739448077182147
0.8852526969191384
0.7208468481538667
0.8827656245142438
0.797490129431393
0.8795324303878793
0.9098643509259161
0.8763406874682635
0.9408594907719252
0.8701230064560252
0.9374708546202554
0.8673457756038923
0.9311184571860849
0.8640711302707803
0.9280303422833397
0.8567342666763383
0.9240821148405682
0.8545373527186809