0010000000
0.9959297769564561
0.9824091509842222
0.9937894010456264
0.9824091509842222
0.9939063614779127
0.9820816617738223
0.9911928794488828
0.9816606042175935
0.9895086492239679
0.9816606042175935
0.9924209639878834
0.977122539444906
0.9943625071638268
0.9749236833179338
0.9934502157919979
0.9749236833179338
0.9897893542614536
0.9658007695996451
0.9873799693563673
0.9639294026830727
0.9836606276096803
0.9642568918934733
0.9903975485093396
0.9646311652767873
0.9878478110855103
0.9646311652767873
0.9878361150422815
0.962946935051872
0.9869472157569098
0.9612627048269574
0.9889823272786825
0.9612627048269574
0.9719178002081901
0.9582685177604419
0.870899074842981
0.9578006760312989
0.8095533281091011
0.9563035824980413
0.7676347091778856
0.9748301149721048
0.7350963169159876
0.8798114597831558
0.7048503491268907
0.46726862302483096
0.6612124118410745
0.3094656077848864
0.6156563234657717
0.2599679528415539
0.5854103556766748
0.22066924759353918
0.5585211522941791
0.18670393805775506
0.5381232529035431
0.15685563573842978
0.5269886197499388
0.14099580112048105
0.51449724558182
0.12719447011076146
0.4978069918946421
0.11615340530298594
0.4761810079650055
0.12368565714218874
0.4568825366378556
0.1298143837939625
0.43807529912630566
0.14745201698265487
0.4028000327489212
0.1645282400963754
0.36876454695376554
0.18572147042655468
0.3345887086398672
0.20232985181113236
0.30049474262856896
0.23554661458028753
0.2777342425057604
0.25019006070246447
0.26800313453958546
0.2771377443011032
0.25272810208306534
0.3081088667703716
0.24635375852349164
0.35260061521187397
0.22491491128551225
0.38956011181417316
0.1791950783050095
0.4514555725797965
0.1275219593211616
0.5174680405618783
0.10418835308015294
0.5516672709622337
0.08651563176177494
0.5321582708569695
0.06479607948630975
0.5312693715715973
0.04955613515947548
0.5598077170493226
0.026210832875238295
0.5750593574193851
0.0
0.6207674943566591
0.0054035719716019615
0.6760196025684514
0.013181440718604847
0.7251429841284698
0.0407841027380437
0.7761845167779745
0.11960373805541588
0.8341501070187961
0.08317056339840219
0.9003029275196207
0.18362787868863972
0.9950408776710845
0.35013275009064443
1.0
0.4831869378589224
0.9839998128633088
0.49719879764675634
0.9743622732429619
0.4673271032409739
0.9730055322284477
0.4932689271219549
0.9786664171510786
0.5040643750219301
0.9947133884606845
0.44392332074059365
0.9887717985005677
0.37941964233499803
0.9942455467315411
0.301290073568112
0.9915788488754259
0.19639995789424436
0.9829705610591937
0.14002502953250917
0.9818477409092502
0.15035263570334165
0.9675317839974743
0.172727166399607
0.9593913379103857
0.19973333021438855
0.9597656112936995
0.2334530228423725
0.9412858629925503
0.2626931309138119
0.9380577550614633
0.29657656814699596
0.9328179276950611
0.3321793237347807
0.9068059275547079
0.3733493958993672
0.9068059275547079
0.4238061263874434
0.9013789634966497
0.48971332998046785
0.895390589363619
0.5556439256599495
0.895390589363619
0.6387560088422091
0.8749926899729829
0.7869799646779497
0.8708756827565238
0.874700288892268
0.8678814956900089
0.8678464075603229
0.8493549632159445
0.8665832348916364
0.8493549632159445
0.8616825927788635
0.8420566322413133
0.8648522204938075
0.8306412940502227
0.8643960748078929
0.8276471069837075
0.870232400378952
0.8145475385677027
0.8651563176177505
0.8089334378179863
0.8638463607761498
0.8082316752242718
0.8576591539082332
0.8046760780827851