0010000000
0.5114334439697064
0.8483853813287371
0.531146278400235
0.8499257330423778
0.5316780664918491
0.8814662681312239
0.5488969981479107
0.9390460821887667
0.5875891661929477
0.9907578897181528
0.6140135330900557
0.9997799497551947
0.6241175068307264
0.9831294812315484
0.6207800781178372
0.9422734857792532
0.5990134414024539
0.9196816606458476
0.6062750994810482
0.9261364678268205
0.5973814020868101
0.9738873709496999
0.5575706452973429
1.0
0.5336035061339007
0.918067958850604
0.5465864705774487
0.6559881172867805
0.5591476720517853
0.41532649955073103
0.5818311847871932
0.33405460913575286
0.5625034382850751
0.29569251645792477
0.4821484238901218
0.30948233179909435
0.4000146700163207
0.335228210441384
0.35308895531146284
0.3336145086461408
0.3000385087928411
0.22747694056809636
0.2513157170887355
0.14063044395136873
0.22428621201841098
0.12412667559092658
0.21563090238937896
0.11657161718592418
0.2554416591788458
0.14415124786826336
0.2979663689875857
0.1417306951753984
0.3257293748739297
0.19740340711129062
0.33511818531898135
0.21214677351328554
0.28386481579960765
0.21097317220765427
0.19606476812205462
0.21933508151027803
0.09627198210258009
0.24706141235582135
0.03135715988484042
0.26019107696257293
0.0
0.2835164029119983
0.0063997946197715105
0.3993361817615025
0.06805053820622378
0.5265985733409125
0.14512313644948935
0.5134689087341612
0.19476280417361966
0.4428327801514679
0.2081491940659784
0.5007793446170212
0.3110776960739369
0.5590926594905837
0.4507729264848808
0.6003887554324904
0.4716043496598391
0.5932004474354975
0.4391102635101684
0.5718555736893259
0.43777162452093266
0.5241780206480482
0.4721178002310528
0.5161828617534335
0.47373150202629594
0.5216841178735816
0.46415931637723945
0.4972585407001267
0.48350540039975803
0.5040067482075076
0.4898318449379277
0.5117818568573159
0.47750903122879745
0.5327599801954783
0.48647607870463766
0.530779527992225
0.45799790952267444
0.5184567142830945
0.42073606806887587
0.518676764527901
0.3859314543487431
0.47950782095245104
0.3135715988484039
0.44745383529239185
0.3174591531733081
0.4485540865164215
0.29565584141712364
0.43241706856398887
0.2597143014321603
0.4140061980818955
0.27095520143766166
0.4114389452258267
0.3111327086351384
0.4012432838831536
0.4242201969449692
0.3863532173179543
0.5441292428437828
0.38327251389067185
0.5699851466084758
0.3650816936533842
0.5906331945794292
0.3539324812498854
0.5859021143161026
0.35525278271872096
0.5602845983166159
0.35737993508517796
0.5575156327361417
0.378871508994554
0.5419837529569252
0.3889938202556253
0.5271853739937289
0.3837859644618856
0.5463480828122423
0.3859864669099446
0.5517759888507879
0.3774778574441167
0.4829552747877435
0.38466616544110904
0.37249005189518275
0.3831991638090699
0.3123979975427725
0.34417692039682385
0.2881924706141238
0.30178057323088764
0.26272165477784104
0.2697999376524309
0.24146846863367133
0.27618139475180187
0.2069572552399465
0.29664606751875006
0.15718922487301262
0.3090422313094823
0.1269873287734033
0.31667063979608695
0.11319751343223368
0.32165844534502025
0.1103918728109585
0.3203381438761851
0.11836869418517226
0.32165844534502064
0.1310582583023124
0.31505693800084356
0.1579043881686318
0.31755084077531043
0.19393761575559768
0.3264995507307502
0.21575926503218235
0.3172574404489027
0.23660902572754122
0.31241633506317296
0.2630150551042489
0.3119028844919591
0.30737351695303783
0.31953129297856364
0.3567381218711607
0.3672821961014433