0001000000
0.3022869278832837
0.06272892363569212
0.28923635692080385
0.053433469789775
0.27498537966696424
0.05417218135368894
0.2742928375757949
0.06512973621841237
0.2788482255532641
0.10175751792914525
0.27781710732863435
0.1516821077903291
0.2896826618240019
0.20530025547108252
0.27409276986056813
0.26858321277970987
0.25513250638677704
0.3369755917387423
0.24657576410477386
0.40604512296469575
0.24859183108128882
0.4752377727846349
0.2574717596725045
0.5431376773677242
0.2743697866970358
0.6033426698267106
0.29531533749884564
0.6582535627443131
0.31549139708824514
0.7127335405829665
0.3308812213364523
0.765305180214842
0.34493213087506547
0.8112899750684842
0.3615685308873773
0.8431776909107693
0.3798978115669919
0.8696481886176861
0.3968420080642678
0.8888546892794486
0.4175259318538582
0.9009818707870357
0.44393487026378153
0.9060912924374405
0.47179045215303644
0.9084921050201608
0.4949829172950845
0.9025824125088489
0.5048170149896887
0.8847917756779214
0.5161131459878728
0.8608452091477115
0.52780941241651
0.8264951214257132
0.535750561728585
0.7761396164855795
0.605912770476161
0.717227369263443
0.5632060081873864
0.6530825817969157
0.525270091415556
0.5185755178675858
0.4984610175751791
0.35470466927267685
0.4880574963833913
0.28440395210686664
0.4878728184924126
0.2655052479300686
0.4314383329742374
0.26378158761426956
0.3806365231309056
0.2444519683585214
0.39045523100126195
0.21496506509895655
0.37538859306226713
0.23460248083966873
0.35512019452737853
0.2254917048847302
0.31507587183354363
0.18123057034688667
0.31929268367755237
0.18043029948597988
0.34040752254609247
0.18603219551232728
0.381836929422266
0.15026624395949403
0.38489950444765914
0.14201729816245487
0.3627381575302409
0.13136753978269552
0.36915571424174337
0.17605958939948915
0.3733263566130075
0.20554649265905378
0.35696697343716327
0.22592261996368
0.397303702791714
0.27030687309550927
0.424282064698821
0.27172273692634435
0.4440118193850226
0.2701221952045309
0.4728523500261626
0.23177075317799878
0.5296869709747914
0.16904182954230665
0.5729631567607497
0.14060143433161984
0.5712702760934469
0.12767398196312585
0.6002031456800763
0.1180091723352519
0.6575148511803994
0.11154544615100499
0.6632860352734772
0.10606666871864323
0.6835852134568624
0.10631290590661453
0.6789220967096555
0.10428144910585126
0.6844624334390099
0.10686693957955005
0.7146264889654959
0.11209947982394046
0.7715534488596139
0.12631967742928374
0.7396503431930808
0.14060143433161984
0.7743851765212841
0.14300224691434013
0.8626919880574964
0.14312536550832575
0.8754347625350115
0.1423866539444119
0.824709901812921
0.13721567299701434
0.8089815014312539
0.1294592015759181
0.8147988549970759
0.12207208593677847
0.847286773985041
0.12040998491797232
0.8714949675274708
0.1270583889931976
0.9040444458124285
0.13512265689925806
0.9627720151435871
0.1327218443165379
0.9821170242235834
0.12804333774508303
0.9954446120225304
0.11757825725630211
0.9895810889839636
0.10120348425620986
1.0
0.09104620025239313
0.9647265228231094
0.0751023423312506
0.8978423466404013
0.05706546831235192
0.8752193049955367
0.043583982270922306
0.8476099602942534
0.03293422389116324
0.8088737726615162
0.021791991135461264
0.7673520268398534
0.009172335251931384
0.6874172796946658
0.0011696266428637653
0.6048047031302902
0.0
0.5619902120717781
0.01095755486472346
0.5512173350980332
0.025054633876081218
0.5444304226045739
0.04610791344762838
0.5228231093600911
0.0776262735079565