0001000000
1.0
0.9956430512400108
1.0
0.9993120607221069
1.0
0.99903688501095
1.0
0.9472121260763384
1.0
0.6324111125124685
0.9986585184081088
0.41809509613951423
0.9985667931710561
0.27890204891248244
0.9798892417762592
0.16947384110895827
0.8686265292316869
0.11457628673309099
0.7540043798800692
0.0738502814818213
0.6760149970762583
0.03537154453833555
0.6316887762706813
0.03913227925748425
0.5943222078264561
0.054312805989658174
0.5759886260706055
0.049176192714723246
0.5812857585103821
0.03972849329832491
0.5958930025109783
0.08471972207253164
0.6049050070513777
0.22895765733744586
0.5769746723689189
0.28656110620635866
0.5626311384248486
0.331827510691723
0.5393329282135365
0.460609743513306
0.47245376474769823
0.5527018815139251
0.4459910338580781
0.5942992765171929
0.4100347409335339
0.5441714344680509
0.411766054782898
0.6158547072245091
0.40886524416111536
0.6135615762981984
0.4293773002969606
0.5740738617471366
0.4086015341045897
0.5649013380418956
0.3493814279326279
0.4479975234185999
0.31994909249343584
0.3846612472339107
0.28676748798972673
0.390027173601477
0.24023986149489215
0.417407156861621
0.210073724159281
0.36503204650469506
0.19155669192932584
0.3501725581022051
0.14333214854902152
0.403923547014917
0.08789570840547149
0.43281699668642565
0.08207115585264349
0.4711122831558069
0.10739878693374004
0.44263159705103344
0.11913961727644845
0.45198757123037936
0.08485730992811034
0.5054175218134082
0.05818819725512231
0.5678365456275725
0.04014125686506075
0.5566002040886526
0.023401401102996034
0.5180297419081143
0.0008943210612610752
0.5361913388444913
0.0
0.6180102502952404
0.011511517250077548
0.7711455335542379
0.05592946329270664
0.7425272595938869
0.06363438320510928
0.7165231548895284
0.0491991240239861
0.6985450084272564
0.028194044738984344
0.6767144020087824
0.0686792712429918
0.6270910487634292
0.09057867158925438
0.6106263687125217
0.08228900329064313
0.6156712567504041
0.06397835284405565
0.6120939725053604
0.09248197025809196
0.6157629819874565
0.11840581538002926
0.5822374078448006
0.1031564947200661
0.5615533668894825
0.08391712624832315
0.5505463384431936
0.08050036116812098
0.5491704598874073
0.08999392320304543
0.5816870564224863
0.1152527603563526
0.6170471353061903
0.1370719011201944
0.6167719595950334
0.14078677322081715
0.6311269591937347
0.16492197622023239
0.625761032826169
0.21029157159728037
0.649930632789479
0.24632812410424582
0.6754761113085754
0.28077095061742563
0.6799247853056166
0.34543724273937426
0.6855200247658135
0.3707534081658393
0.6732747056193171
0.36396574062396114
0.6996457112718846
0.37890548860887235
0.7218432186385685
0.39117373906463193
0.7035440338466127
0.409748099567745
0.7041402478874533
0.43641721224073304
0.7199169886604677
0.45962369721499263
0.7579829620372177
0.48675143607324284
0.8068266507676257
0.5322930162697638
0.8421408670328034
0.5984727748030775
0.8601648761136018
0.6460437758693836
0.8901590286297397
0.6989233750300974
0.9135489640781038
0.7534196314938604
0.9157503697673619
0.790854993865875
0.9148789800153644
0.8090395221115152
0.9249228934726029
0.8440212343923778
0.9581732919041016
0.9169771948129383
0.9949092493435913
0.9840971370260385
0.9993579233406331
0.9989336941192657
0.9987617092997925
0.9982572204960045
0.9996330990517903
0.9958494330233785
0.9991286102480021
0.998876365846108
0.9992661981035811
0.9752341859958494
0.9941295848286458