0001000000
0.0
0.0
0.5634562016650806
0.5251801437951359
0.9880997128895784
0.9172178280376523
0.995457417285807
0.9209286702548807
0.844464527067555
0.8210878205999729
0.40791273122785704
0.5441822151488738
0.41624613120706344
0.5571061828709444
0.42203632466670404
0.5668311486816114
0.4244355761002568
0.572621342141252
0.4240756883852238
0.5741888530778397
0.4220603171810396
0.5732291525044186
0.4174057693999472
0.5699981605739011
0.41159958093074966
0.5674709490638918
0.4040579339246156
0.562960356368813
0.39591647406009334
0.5580658834443655
0.38711122129895476
0.5500683786658562
0.3782020009756956
0.537688241268724
0.37057238141699783
0.5191660202016971
0.3602236102336071
0.4977646974144067
0.3513303849199051
0.4717568118746952
0.33516742776253805
0.4488839482081591
0.32409088364430305
0.43292092867025495
0.3385023872551764
0.4273226753252985
0.39534065371604066
0.43106550756164064
0.3828885387759019
0.44008669295179914
0.36798118986876094
0.451411159718168
0.3855996928958165
0.4637912971153001
0.40380201377170327
0.4783467558121867
0.43091355497084904
0.49187853389742403
0.43212917569718257
0.5042266812754421
0.42105263157894735
0.521693231711706
0.3877830117003495
0.5246043234510834
0.37692240021113416
0.5299786466622416
0.3677572597349627
0.5395756523964523
0.36814913746910966
0.5347131694911188
0.38426410959780555
0.5156471180991532
0.3828725437663449
0.5238685530114605
0.355225169747039
0.5206695511000569
0.35479330448899943
0.5113284655187582
0.35109845728132827
0.5089292140852054
0.3566647206071705
0.5044186213901264
0.35066659202328876
0.4955253960764242
0.3478354753316965
0.5008357392493542
0.30798390902038564
0.4913986836107135
0.3022656931037516
0.48573645022752915
0.30199377794128235
0.49514151584705585
0.3230991930517678
0.4758515343212919
0.33612712833595915
0.47361223298330934
0.3242108462159806
0.4762354145506601
0.3328161613576564
0.4604003550892123
0.34957893137341156
0.4517310599093083
0.3545293868313087
0.45992050480250174
0.3443565607530451
0.45963259463047534
0.36566991098777174
0.47825078575484453
0.36653364150385087
0.4745079535185024
0.3568006781884052
0.46036836507009815
0.3601196426714865
0.4579371236174314
0.37552283687489507
0.4587688641143963
0.3501627492222427
0.4577451835027472
0.3438687129615561
0.45841697390414193
0.3177968473836163
0.458448963923256
0.3394860803429331
0.45832100384679986
0.3761066547237262
0.454962051839826
0.40633722278649065
0.4469005670230889
0.3920616767568519
0.43733555130799195
0.31309431457385295
0.4227800926111052
0.2520413630947144
0.4081606538759906
0.23699005910156035
0.3973160373963323
0.22725709578611472
0.3894145026751655
0.21905965338814284
0.3853197802285688
0.20247282847751502
0.3821527683362789
0.19354761314469887
0.3773222754500596
0.18670974655907355
0.37252377258295405
0.17758459360679468
0.3659658186645767
0.1612616863538576
0.35966378489911155
0.14524268428250386
0.35521717224226046
0.142731467782052
0.34827533809451455
0.14048416893929094
0.34274106478778626
0.13962843592799049
0.3394141027999265
0.13955645838498387
0.3375266916721983
0.1398443685570102
0.337238781500172
0.14024424379593567
0.3401818632586634
0.14167579715128883
0.34725165748286535
0.14078807412087427
0.35105846975743576
0.13942849830852772
0.35310583098073406
0.7910971776805636
0.7843952686761728
0.9968569806220461
0.9216004606562753
1.0
0.9279664744599686
0.6940954422220269
0.6442150049184656
0.0
0.0