0001000000
0.33525409608442147
0.4359900027770068
0.30941405165231906
0.49053040821993904
0.3402943626770346
0.5291307970008335
0.4191474590391563
0.512468758678145
0.4623576784226607
0.5233546237156347
0.47639544570952547
0.5514579283532359
0.45941405165231913
0.5379061371841156
0.44279366842543766
0.45787281310747047
0.42820049986115
0.3777839489030829
0.4156484309913916
0.2438211607886701
0.42689530685920607
0.14601499583449068
0.44368231046931444
0.11835601221882829
0.42527075812274395
0.10724798667036962
0.377520133296307
0.10469314079422401
0.32389613996112215
0.14390447098028353
0.3386142738128301
0.21327409053040844
0.3375312413218553
0.3149125242988062
0.3436406553735079
0.36151069147459075
0.3762704804221054
0.3724520966398225
0.3811718966953627
0.3833935018050544
0.44611219105803984
0.3929464037767291
0.4367120244376566
0.40233268536517675
0.3401693973896143
0.3598444876423219
0.3657178561510695
0.29386281588447694
0.3647875590113859
0.3037489586226054
0.35208275479033624
0.25442932518744804
0.37693696195501303
0.22382671480144425
0.3945154123854489
0.24526520410996985
0.46932796445431857
0.2505415162454874
0.460205498472647
0.27003610108303266
0.3062482643710083
0.1673424048875315
0.2976950846986951
0.253873923910025
0.29007220216606516
0.3066370452652043
0.31319078033879505
0.33207442377117485
0.2620383226881425
0.35862260483199143
0.20410996945292997
0.22482643710080544
0.17253540683143595
0.1771730074979176
0.15831713412940865
0.1585115245765067
0.1492502082754793
0.1414607053596226
0.16016384337684003
0.16039988891974477
0.1358650374895865
0.1603443487920025
0.11787003610108332
0.15262427103582374
0.11931407942238295
0.18783671202443789
0.12381282976950875
0.17300749791724557
0.1121771730074981
0.09886142738128317
0.08918356012218848
0.1325187447931131
0.07600666481532939
0.16928630935851177
0.0871841155234659
0.1314634823660096
0.07164676478755921
0.17328519855595692
0.056664815329075476
0.18167175784504327
0.10973340738683728
0.16395445709525158
0.1246181616217719
0.17939461260760925
0.08647597889475166
0.19883365731741226
0.10068036656484329
0.14457095251319094
0.11964732018883671
0.13307414607053625
0.133504582060539
0.20188836434323842
0.11609275201332991
0.1905581782838102
0.10352679811163584
0.20999722299361331
0.1106637045265207
0.21044154401555146
0.10173562899194698
0.1680644265481814
0.1149541793946127
0.23493474034990292
0.1218550402665929
0.17461816162177207
0.10602610386003906
0.0976950846986948
0.1390447098028327
0.10197167453485172
0.168008886420439
0.11457928353235251
0.12249375173562917
0.13740627603443506
0.10029158567064723
0.11385726187170259
0.10479033601777293
0.0
0.10774784782005017
0.004943071369064348
0.11220494307136936
0.07886698139405741
0.1603304637600668
0.05587336850874789
0.14800055540127768
0.15079144682032805
0.15846986948069985
0.18461538461538496
0.13640655373507385
0.12196612052207728
0.08497639544570973
0.06276034434879212
0.09819494584837575
0.08281033046376027
0.1343932241044157
0.14162732574284936
0.15642876978617076
0.21177450708136641
0.15424881977228552
0.21927242432657626
0.16487086920299932
0.22410441544015594
0.15780338794779253
0.37672868647597924
0.1932102193835049
0.49641766176062213
0.34763954457095286
0.30641488475423523
0.41609275201333
0.60072202166065
0.3885726187170235
0.9314634823660105
0.4172729797278536
1.0
0.367036934184949
0.9577895029158567
0.20538739239100284
0.9044709802832553
0.19308525409608457
0.40827547903360206
0.2901416273257432
0.0781449597334076