0001000000
0.3233787435262324
0.7910380544922315
0.31268295428957443
0.8555505516775501
0.32233731141634747
0.9180364782706597
0.32748817833821214
0.9529385273587027
0.30719432560234156
0.9500112587255123
0.2935994145462734
0.8959693762666061
0.3207329430308489
0.811754109434812
0.39073406890340007
0.7350821886962391
0.39737671695564053
0.6249718531862194
0.41496847556856553
0.44708399009232164
0.39045260076559324
0.2514073406890341
0.31549763566764244
0.15289349245665382
0.34147714478720986
0.18081513172708816
0.4434249043008332
0.27437514073406877
0.5090914208511597
0.3403512722359825
0.5923778428281917
0.36219319972979075
0.599301959018239
0.335397433010583
0.5847219094798468
0.30646250844404416
0.5510583201981537
0.319410042783157
0.5289912181941004
0.36275613600540435
0.6384823238009456
0.4190497635667637
0.6825602341814905
0.5726187795541544
0.5967687457779778
0.7429632965548298
0.5417980184643097
0.8225624859265925
0.46532312542220206
0.7761765368160325
0.4723879756811527
0.6696689934699392
0.5573069128574645
0.6003152443143435
0.6013848232380093
0.6320648502589508
0.5706203557757261
0.622607520828642
0.5580387300157621
0.5482999324476461
0.5599527133528481
0.4796217068227877
0.57782594010358
0.4819860391803648
0.5561528934924566
0.5618104030623728
0.5365345642873224
0.6458004953839224
0.5792051339788336
0.6470389551902724
0.5833708624183741
0.5656383697365456
0.5982886737221346
0.48502589506867805
0.5190272461157395
0.46239585678901113
0.6444494483224495
0.4855888313442914
0.537097500562936
0.5130601215942355
0.4259738797568116
0.559108308939428
0.40351272235982877
0.6407340689034001
0.42890114839000193
0.7471290249943702
0.38074195001125866
0.8462058095023639
0.3996847556856561
0.9253546498536367
0.41071830668768305
0.9829993244764689
0.3556912857464535
1.0
0.35799932447646904
0.9779328979959468
0.40849470839900914
0.9410042783156939
0.39214140959243404
0.9270434586804772
0.38130488628687226
0.9083539743301058
0.3494426930871423
0.8963071380319751
0.3339619455077687
0.9158973204233282
0.32689709524881766
0.8960819635217289
0.29987615401936485
0.9285070929970722
0.2854368385498761
0.9562035577572617
0.30857351947759504
0.9586804773699608
0.36672483674848005
0.9234406665165498
0.32999324476469266
0.7939653231254225
0.32126773249268165
0.6763116415221797
0.3479227651429858
0.5596712452150414
0.34204008106282346
0.48896644899797304
0.41145012384598056
0.556181040306237
0.491358928169331
0.624634091420851
0.5012384598063497
0.5395181265480743
0.5181546948885386
0.6231704571042559
0.4350934474217517
0.5963746903850483
0.3750281468137806
0.3674848007205584
0.3818396757487052
0.26919612699842366
0.4656890340013511
0.2560234181490652
0.450461607746003
0.32098626435487443
0.43058995721684296
0.20952488178338216
0.45310740824138696
0.1680927718982211
0.5240092321549198
0.09975230803872999
0.5323125422202206
0.05404188245890538
0.4227932897995946
0.05674397658185066
0.2374746678675974
0.0
0.2791319522630039
0.16606620130601216
0.2950911956766493
0.4048637694213012
0.39453388876379186
0.33505967124521463
0.4676593109659983
0.3109659986489526
0.49586241837424005
0.3048862868723259
0.4745552803422651
0.3177212339563162
0.454402161675298
0.3297680702544472
0.527583877505066
0.3325827516325154
0.5096543571267732
0.31659536140508876
0.4487727989191622
0.29351497410493127
0.4122100878180591
0.26987165052915996
0.4057363206485025
0.23496960144111678
0.301452375591083
0.19759063274037386