0001000000
0.6914867057795531
0.5102983397827986
0.6864935713394084
0.5556734490076145
0.690410061165897
0.6040444388965174
0.6966046685807017
0.6375608538259895
0.7336318811634004
0.6330046186493573
0.805720259642991
0.6213955810760206
0.8235239046311322
0.626825614779678
0.8151291973536389
0.6091624016976656
0.801242042191986
0.6225190363250532
0.8253495194108103
0.6487329921358133
0.8617057795531146
0.6642117089002623
0.8313880913743604
0.6624641118462116
0.7824241667706905
0.6805018100112346
0.8036761952315568
0.6871801273249284
0.8335881912370492
0.6846211459243541
0.8284078142553989
0.6896766945450009
0.7987454749719136
0.7193234302833601
0.8451192110847586
0.7267507177630756
0.804066283859693
0.7509050056172762
0.7612189489452006
0.804581200848833
0.77775870677818
0.8253027087754337
0.7740450630383223
0.8332293096991638
0.7414024466358756
0.7994632380476846
0.6961365622269381
0.5720883784795905
0.6653195606041695
0.3039570590438148
0.6714985644738486
0.17962801148420923
0.7047029085008115
0.08107602047185122
0.7687398576956684
0.0063662464111846236
0.7447103982024716
0.0038696791911122176
0.7436025464985646
0.012233179378354745
0.7160934964423917
0.015041817500936222
0.693889651728873
0.014979403320434384
0.6305080514292849
0.015541130944950701
0.5656909249781552
0.013731119710398185
0.5279459493196855
0.006179003869679186
0.5375265260267132
0.003994507552115838
0.5585288977655725
0.007739358382224435
0.5757552115840721
0.0
0.5979122456622146
0.0438147547122706
0.599441393084509
0.2044688553239295
0.638169392085882
0.42859817750592943
0.6793003370365748
0.571651479216078
0.7555392585195359
0.6170265884408938
0.8084040694045687
0.6205217825489953
0.8040194732243167
0.6373111971039821
0.7939083759830237
0.651167145175384
0.7858101360629135
0.6561602796155287
0.7815191611534142
0.6671451753838472
0.810931843714892
0.6745724628635624
0.8882318062663838
0.6756335039320932
0.9532829858943953
0.681687679440769
0.982851703907128
0.6887404818374734
0.9873143178130074
0.6886156534764698
1.0
0.6828111346898018
0.9382411683934591
0.6840594182998375
0.8633753588815379
0.6871801273249284
0.7796935463737363
0.6886156534764698
0.7755117962801149
0.6922356759455749
0.8190300836350021
0.6907377356135311
0.7435245287729373
0.6899887654475098
0.7335538634377732
0.6888653101984774
0.761609037573337
0.6844339033828488
0.831996629634253
0.6869928847834231
0.7878854075645988
0.6847459742853576
0.7853888403445266
0.6897391087255027
0.845166021720135
0.6948570715266511
0.8967825489951318
0.6844339033828488
0.879961927349894
0.6257021595306453
0.8602078392210712
0.5095493696167768
0.7312445387592063
0.4015728373486457
0.6844026962925979
0.32605167894145565
0.7006303832230684
0.2636374984396456
0.6669111222069656
0.21501685182873542
0.6353607539633005
0.186930470602921
0.6307889152415429
0.18181250780177263
0.6306952939707904
0.1781924853326676
0.6804706029209838
0.1456746972912245
0.7177942828610662
0.09986268880289607
0.7350830108600676
0.07758082636374984
0.7614842092123331
0.07333666208962676
0.7989795281487955
0.07639495693421545
0.8157377356135316
0.0816377480963675
0.8369897640743978
0.07745599800274627
0.7518724254150544
0.07240044938209961
0.6754150543003371
0.07377356135313944
0.6553488952690052
0.07439770315815752
0.636999126201473
0.07639495693421545
0.688506428660592
0.07352390463113216
0.7205249032580203
0.07764324054425167
0.7094307826738235
0.08082636374984399