0001000000
0.2888987694674101
0.35248029225149025
0.2735171120938283
0.33700249951932326
0.26170447990771006
0.3999230917131322
0.25675350894058846
0.5476831378581043
0.26131993847337054
0.6384829840415307
0.29455873870409544
0.6872716785233612
0.3316429532782157
0.7441357431263221
0.3799269371274756
0.7373101326667947
0.40304749086714103
0.7720149971159391
0.39220822918669496
0.8079215535473947
0.37010911363199395
0.7855700826764085
0.37003701211305523
0.9258315708517597
0.3756128629109787
0.9858200346087292
0.3691717938857913
0.9068929052105367
0.3483344549125168
0.85286483368583
0.3330970005768122
0.8701211305518173
0.3178715631609307
0.8914151124783698
0.30598682945587397
0.8534897135166317
0.2991972697558163
0.7369255912324553
0.2936334358777159
0.6639588540665258
0.2940179773120555
0.6332436069986541
0.2956642953278217
0.5712363007114015
0.3288189771197847
0.5223995385502787
0.3730292251490098
0.4610651797731208
0.42110892136127676
0.4818784849067486
0.4741516054604884
0.6343491636223803
0.5183498365698905
0.7857623533935785
0.5457003460872909
0.7372620649875026
0.5465054797154395
0.5721015189386657
0.5185541242068832
0.4866852528359933
0.519166987117862
0.4261199769275141
0.4924413574312632
0.387233224379927
0.446476639107864
0.4067487021726592
0.4296649682753316
0.42424533743510867
0.404681791963084
0.38574312632186136
0.39131897711978475
0.3668525283599307
0.38249855796962134
0.38896366083445494
0.38427706210344176
0.3393578158046529
0.38604354931743906
0.2922995577773506
0.3753725245145165
0.2794174197269757
0.382354354931744
0.272639876946741
0.4090199000192272
0.21164199192462996
0.4084791386271871
0.18602191886175742
0.4357214958661797
0.21986156508363783
0.44897615843107097
0.2096231493943473
0.4337146702557202
0.35771966929436644
0.4179725052874449
0.539848106133436
0.42812680253797364
0.7142857142857143
0.4386536243030187
0.8998750240338399
0.45339838492597584
0.972553355124015
0.4362262064987504
1.0
0.43177994616419924
0.9704864449144399
0.4500456642953279
0.9247740819073258
0.46944097288982906
0.8957892712939822
0.4885358584887522
0.8807440876754471
0.4994832724476062
0.8436358392616807
0.49125168236877526
0.8094116516054605
0.5083998269563547
0.7987406268025381
0.49853393578158056
0.7359161699673143
0.48071284368390715
0.6840511440107675
0.41641030571044035
0.6409825033647377
0.3692679292443763
0.5572486060373006
0.31036098827148634
0.4818784849067486
0.26013026341088263
0.4149202076523747
0.24887040953662762
0.3730051913093637
0.25121370890213435
0.3525283599307827
0.23925687367813886
0.33262834070371095
0.22982359161699678
0.24802922514900994
0.209154489521246
0.1867910017304366
0.18519275139396274
0.16150740242261113
0.14675062487983087
0.14228033070563362
0.1207820611420881
0.12939819265525868
0.13839886560276873
0.11959238607960013
0.15357623533935788
0.10219188617573545
0.15648432993655073
0.09171313208998272
0.15642424533743512
0.07940780619111713
0.16120697942703333
0.06743895404729867
0.16766006537204392
0.05801768890597968
0.17587963853105176
0.04965391270909445
0.18673091713132098
0.04052105364353016
0.195395116323784
0.02956162276485295
0.2086017112093829
0.01788117669678913
0.22464429917323597
0.007883099403960836
0.23197462026533364
0.0019227071716978142
0.2956642953278217
0.0005287444722169246
0.4386776581426649
0.0007210151893866994
0.37801624687560104
0.0
0.33577677369736597
0.009373197462026547
0.35567679292443766
0.05609498173428195
0.33799990386464146
0.11252643722361082