0001000000
0.9045329670329669
0.8659951159951161
0.8927350427350429
0.8294261294261294
0.8761752136752133
0.8109279609279605
0.8827991452991449
0.8456654456654454
0.8817307692307689
0.815750915750916
0.8886141636141638
0.8587301587301585
0.8837301587301586
0.8703907203907199
0.8966727716727716
0.823260073260073
0.8631868131868131
0.8108058608058604
0.8712148962148959
0.7581196581196582
0.8951312576312576
0.7465201465201464
0.8767857142857144
0.6898046398046395
0.8854853479853478
0.6577533577533577
0.8724969474969472
0.6102564102564102
0.878174603174603
0.39487179487179475
0.9086538461538463
0.3305250305250304
0.8826465201465202
0.2404761904761904
0.8313186813186813
0.1575091575091573
0.7985805860805861
0.06471306471306455
0.7418956043956043
0.023137973137973028
0.7187423687423685
0.02014652014652015
0.6638583638583638
0.03424908424908413
0.6204822954822953
0.03681318681318669
0.6006868131868132
0.012148962148962135
0.5809065934065933
0.01996336996336994
0.6269383394383394
0.015995115995115838
0.6423992673992674
0.036568986568986446
0.624114774114774
0.04578754578754571
0.6261141636141634
0.09242979242979246
0.5238858363858365
0.07057387057387057
0.393605006105006
0.03711843711843716
0.42948717948717946
0.08498168498168497
0.42316849816849816
0.05409035409035406
0.3687118437118436
0.0
0.3959554334554333
0.026190476190476132
0.44439865689865676
0.10201465201465199
0.4341422466422465
0.07173382173382174
0.45239621489621484
0.07301587301587296
0.4878510378510377
0.07380952380952381
0.5375610500610501
0.08137973137973131
0.5315934065934067
0.12081807081807076
0.5713522588522589
0.07625152625152624
0.5872557997557997
0.07985347985347985
0.6221916971916972
0.2833333333333331
0.6530677655677655
0.44517704517704526
0.7029151404151402
0.5794261294261291
0.7153235653235652
0.5754578754578753
0.7255647130647128
0.6686813186813189
0.757875457875458
0.748046398046398
0.7770146520146518
0.7785714285714286
0.8251678876678876
0.8195970695970693
0.8704365079365078
0.8010989010989009
0.8924755799755799
0.8539072039072041
0.8860042735042734
0.869536019536019
0.8775946275946275
0.8589743589743591
0.8979700854700852
0.893833943833944
0.8911935286935286
0.9606227106227107
0.8929029304029303
0.9436507936507937
0.8802350427350426
0.9333943833943835
0.9066544566544565
0.9598901098901095
0.8936355311355313
0.9225274725274719
0.8827228327228324
0.9996947496947497
0.8812576312576311
1.0
0.9020299145299142
0.9343101343101342
0.8938949938949938
0.9137973137973141
0.8948412698412698
0.963247863247863
0.8800366300366299
0.938156288156288
0.8583485958485956
0.9244200244200245
0.8734584859584859
0.8821733821733825
0.886996336996337
0.9145909645909642
0.8834859584859583
0.9098290598290595
0.8760531135531134
0.8842490842490841
0.8669871794871796
0.9256410256410252
0.9052808302808302
0.9253968253968254
0.8788766788766788
0.8926739926739926
0.8831807081807078
0.8865079365079367
0.8914224664224661
0.8986568986568984
0.8929792429792429
0.9234432234432228
0.8500763125763126
0.9279609279609278
0.8989316239316241
0.9023199023199022
0.8974816849816849
0.8915140415140417
0.9002594627594627
0.8663614163614163
0.8970390720390717
0.8777167277167276
0.863247863247863
0.8402319902319899
0.8733974358974358
0.8728937728937728
0.8757783882783882
0.8695970695970697
0.8726037851037848
0.8507326007326005
0.8586385836385836
0.8501221001221003
0.8988858363858363
0.8709401709401708
0.8658730158730156
0.8772283272283269