0001000000
0.8052879005101192
0.9290389979884193
0.819035552740084
0.9333066604429923
0.8355949721601709
0.9392636059525001
0.8537992198179574
0.9481545693995266
0.8796830371531136
0.9456650996343592
0.9395303348559109
0.9270829860300738
0.9945876260016226
0.9019660142922241
1.0
0.8719145578412745
0.9908534213538714
0.8450193934140187
0.9721490570021895
0.8249702708409739
0.9533668967203459
0.8039431422887559
0.9330621589481991
0.7644672645839584
0.9018437635448269
0.7042754420475887
0.8641349648251256
0.6177663677080208
0.8327720912657399
0.5300125584858688
0.805487947187677
0.467153446915391
0.7684570844308112
0.44110292401560347
0.7427622000689049
0.4493715200213386
0.7180342079818625
0.4932039698151789
0.6752242189844294
0.5560186265684215
0.6372375776570088
0.6063859344958268
0.624312339545894
0.6378599450983007
0.6304804454372687
0.6610209048778047
0.6376376710121252
0.680269840740617
0.6448393514042167
0.6917391835872809
0.653997043754654
0.6995632314206643
0.6636993076162215
0.7064092732748748
0.6727236355149535
0.7123662187843829
0.680225385923382
0.7139221373876122
0.6834261327643119
0.7142777759254936
0.6834261327643119
0.7160559686148987
0.6806921615043512
0.7228131008346389
0.6721679502995143
0.7249469320619256
0.5620089131908557
0.7244134742551042
0.4272330210382424
0.7277475855477387
0.2396448060102913
0.7320152480023112
0.149245935162649
0.7044532613165294
0.08954311561586584
0.6096755909712266
0.03965369697373828
0.4909812289534224
0.021438335611642694
0.3998043988041653
0.0
0.3297436068415963
0.007335044843796798
0.2621722846441947
0.025961613265317356
0.23292101490347766
0.021282743751319652
0.21736182887118125
0.03300770179708595
0.22007357272252392
0.06908278598339614
0.24074506273686042
0.08278598339612576
0.26252792318207563
0.07358383622845331
0.286666888940753
0.08998766378821725
0.30929439091343525
0.08295268896075743
0.36375154202647275
0.08753153513597609
0.37891063470365327
0.113626512852999
0.3962924682425898
0.11447115438046652
0.4825792684959823
0.13797663899354295
0.5746007401727068
0.1498905300125585
0.643327887618222
0.15094633192189266
0.6774247324375685
0.151346425277009
0.7412173951699843
0.14487824936929722
0.7652229964769554
0.1319085564409473
0.7677569210593586
0.13773213749874966
0.7681125595972396
0.13355338467864727
0.7687793818557662
0.14500050011669383
0.7687349270385311
0.1675724335678324
0.7695795685659986
0.21082697073761653
0.7680681047800041
0.2668066993409574
0.7682459240489447
0.27470854310450216
0.7682459240489447
0.28165460829749167
0.7654008157458961
0.26643994709876745
0.7578434968159237
0.2532257526756244
0.7558874848575778
0.2530701608153014
0.7583769546227456
0.2681736849709378
0.7502861778859514
0.2911568254815012
0.7442847775592085
0.3237533202191622
0.7431734071283296
0.3525489280832196
0.7393502928461088
0.3783882906011403
0.7366830038120008
0.36860823080941113
0.7329932539814842
0.37716578312717414
0.7356605430155921
0.3848564665088521
0.7356605430155921
0.41675279787505976
0.7319707931850764
0.4308227475299792
0.7316596094644302
0.48608008535324904
0.7305482390335523
0.5392813878793942
0.7312150612920792
0.5972949243712423
0.7233021038242256
0.6612876337812157
0.7207681792418231
0.6968181464563951
0.720723724424588
0.717178452750086
0.7209904533279985
0.7319263383678416
0.720456995521177
0.7359828404405468
0.7179675257560098
0.740294957712355
0.720412540703942
0.7443736871936785
0.7203236310694715