0001000000
0.37518917101059374
0.8839751135026067
0.36289305532201144
0.7603833865814698
0.37485286699176057
0.6431814360181602
0.37956112325542307
0.5563309231545319
0.39219354296283854
0.4841096351101398
0.39931898436186325
0.4384563645535565
0.41399024718345384
0.4176055153859091
0.41848831343534554
0.4054985707079202
0.38784260971918616
0.3871700016815204
0.3682949386245169
0.35269883975113486
0.33151168656465463
0.30948377333109167
0.2724903312594586
0.26475533882629904
0.2044308054481252
0.2115352278459724
0.19665377501261136
0.16647048932234754
0.23078863292416354
0.11997645871868184
0.2618967546662185
0.09071800908020837
0.29004119724230726
0.07524802421388939
0.3097780393475701
0.06549520766773136
0.31715570876071986
0.057844291239280046
0.35868925508659844
0.050361526820245396
0.36619303850681034
0.04119724230704562
0.32943080544812514
0.06986715991256098
0.33487472675298485
0.21044223978476553
0.3628089793173028
0.3459727593744745
0.40192534050781936
0.565242979653607
0.43999075163948237
0.6094669581301496
0.4564906675634775
0.6362031276273754
0.4982554229023036
0.6009752816546161
0.5550277450815541
0.5785269883975114
0.5917269211367079
0.6289725912224654
0.5708760719690605
0.6893391626029933
0.5821002185976124
0.6780729779720872
0.6060828989406425
0.7133008239448466
0.6710526315789478
0.7286867328064575
0.6487935093324368
0.6286362872036324
0.6476795022700524
0.5986211535227848
0.6054733479065076
0.6127459223137721
0.6049899108794352
0.5719690600302676
0.622561795863461
0.34782243147805636
0.5381284681351945
0.04624180258954099
0.4790230368252903
0.0
0.4368589204640998
0.019926013115856723
0.46660080712964547
0.04060871027408783
0.5244871363712799
0.03623675802925828
0.6048217588700187
0.026736169497225477
0.6587775348915423
0.11543635446443555
0.6640322851858081
0.19160921473011613
0.6410374978981002
0.2191861442744237
0.5641710105935768
0.26988397511350265
0.463237766941315
0.3819572893896082
0.4492391121573904
0.5929880612073317
0.4539894064234072
0.6334286194720028
0.5260845804607367
0.7985538927190178
0.5658525306877419
0.8518580797040528
0.5633722885488484
0.8812846813519425
0.5757734992433163
1.0
0.5418278123423576
0.933916260299311
0.5626996805111824
0.8946527661005556
0.5368042710610392
0.7402051454514886
0.49421977467630746
0.6692449974777203
0.4433537918278123
0.9081049268538769
0.44949134017151515
0.9096182949386249
0.4083991928703551
0.7418866655456537
0.3878846477215406
0.7412140575079874
0.34473263830502776
0.7072473516058518
0.38025475029426603
0.52698839751135
0.4063183117538256
0.5343030099209685
0.4056457037161594
0.686900958466454
0.40175718849840286
0.46460400201782376
0.3657726584832692
0.22498738859929385
0.32840087439044885
0.12333949890701179
0.33874222296956435
0.16756347738355457
0.3334454346729445
0.20346393139397995
0.29638893559778046
0.1856398183958301
0.26818143601816047
0.16024886497393612
0.27507566840423747
0.13864133176391472
0.2699680511182111
0.15806288885152192
0.24293761560450655
0.2400369934420714
0.22597528165461586
0.13998654783924652
0.23984782243147798
0.08600975281654588
0.2862367580292585
0.07608878426097179
0.28466033294097887
0.10408609382882111
0.24970573398352103
0.12527324701530168
0.25687321338490016
0.16815200941651265
0.2639776357827478
0.18824617454178588
0.2785648225996301
0.17983857407096027
0.31379266857238947
0.20127795527156514
0.3432613082226333
0.24701530183285667
0.32451235917269217
0.27795527156549543
0.2881705061375486
0.30570035311921995