0001000000
0.33476527900797154
0.0
0.29936521995866544
0.003011514614703327
0.27731030410392676
0.04033067611455565
0.2746383229997047
0.08568054325361665
0.2774136403897254
0.12347209920283436
0.28275760259816946
0.1852967227635075
0.30435488633008556
0.197460879834662
0.3547682314732802
0.09382934750516686
0.38542958370239155
0.03224092116917638
0.3621493947446117
0.07812223206377336
0.31956008266902863
0.12819604369648663
0.30163861824623567
0.1074697372305875
0.3034100974313552
0.08089754945379392
0.32463832299970474
0.17313256569235305
0.3601269560082669
0.3903159137880129
0.3873634484794803
0.6161795098907586
0.4127694124594035
0.6834957189253026
0.4086064363743725
0.7564216120460585
0.3919250073811632
0.869441984056687
0.3926335990552111
0.9890168290522584
0.35977266017124293
1.0
0.31293179805137283
0.897313256569235
0.31248892825509295
0.7635075287865362
0.3551520519633894
0.7264245645113669
0.3895187481547093
0.6647770888692058
0.41431945674638315
0.6571006790670209
0.407573073516386
0.6270445822261588
0.32329495128432234
0.5098317094774133
0.2884115736640094
0.42940655447298504
0.3036315323294951
0.4524357838795395
0.4146147032772364
0.5366400944788896
0.4626217891939769
0.5175671685857686
0.444301741954532
0.52943607912607
0.42066725715972847
0.568054325361677
0.4325066430469442
0.5769707705934455
0.45605255388249194
0.44794803661056987
0.5866400944788899
0.31361086507233543
0.6920726306465897
0.2652494833185707
0.7094036020076764
0.24369648656628284
0.7149689991142604
0.27304399173309724
0.6775760259816949
0.30522586359610276
0.6573516386182463
0.3447888987304399
0.6558458813108945
0.3437850605255388
0.6259226454089165
0.3956894006495424
0.5948479480366106
0.41966341895482717
0.5598759964570418
0.3276055506347799
0.5592855033953351
0.3276645999409505
0.5611455565397102
0.43017419545320307
0.5047239444936522
0.4594036020076764
0.5218334809565988
0.3995276055506347
0.5196191319751995
0.37502214348981405
0.5050044286979627
0.362267493356953
0.5302775317390022
0.34224977856510175
0.5173309713610864
0.29347505166814275
0.5107912607026868
0.28851490994980794
0.5037348686152937
0.3149099498080898
0.48014467080011813
0.502745792736935
0.4811485090050189
0.7257750221434893
0.5183938588721584
0.721346324180691
0.5275022143489813
0.6358429288455856
0.569412459403602
0.5472689695896074
0.621110126956008
0.5779746087983463
0.6476232654266312
0.6327133156185413
0.6435341009743135
0.5700029524653084
0.6537791555949217
0.43277236492471177
0.6833333333333331
0.3813994685562444
0.6840271626808384
0.3307351638618246
0.616209034543844
0.3148509005019191
0.5665633303808677
0.2896368467670504
0.5292884558606435
0.26530853262474163
0.5067168585769116
0.30056096840862123
0.49253026276941225
0.3880129908473576
0.516209034543844
0.5202834366696191
0.5636403897254207
0.5704753469146737
0.5475789784470033
0.5577797460879835
0.5142604074402125
0.533215234720992
0.4438145851786242
0.5581340419250074
0.4094036020076764
0.5777974608798346
0.41482137584883366
0.5972837319161498
0.42291113079421305
0.6100974313551814
0.4033215234720991
0.6202539120165337
0.3705196338943017
0.6399173309713607
0.3779893711248891
0.5655152051963389
0.3412607026867435
0.4646589902568643
0.30547682314732794
0.3642751697667551
0.2789784470032477
0.3744906997342782
0.24168881015648055
0.45019191024505417
0.20884263359905522
0.44599940950693806
0.17834366696191317
0.40679067020962495
0.16514614703277236
0.42598169471508696