0001000000
0.10212902193052652
0.07795741956138924
0.11835014140120576
0.0943919748145778
0.1541184212866621
0.1291108621026983
0.18456859292460384
0.18005086886149785
0.1636696725539369
0.19918894402646603
0.14029845436920854
0.179908578339825
0.1701261049748324
0.18453302029418517
0.22675773260053725
0.14910268039770208
0.3041993490208632
0.07141205556444849
0.37991569286590887
0.055617807658786995
0.4155772548601106
0.11829678245557879
0.3885954146879391
0.15600377069882398
0.31062020881134056
0.16994824182274162
0.2542375895985628
0.17478611955961035
0.2875869306155845
0.13601195240382058
0.4002276648346762
0.15671522330718723
0.4208775767924156
0.23895914483396483
0.35743379044163415
0.3221991000124504
0.3347384522348503
0.3178592391014351
0.3638902228625295
0.3159383170588549
0.36595343542678244
0.2748875015563026
0.29057503157070935
0.20737064902264185
0.26234814933390255
0.22081710332070503
0.3007843765007205
0.3090372267577327
0.3411593120253277
0.28897426320189246
0.43325685217793425
0.2553937000871526
0.4804973053732457
0.3167209149280543
0.43592479945929596
0.4354623552638594
0.3823346317343435
0.5638795510734037
0.35408996318232744
0.7448730946409825
0.32500933781548486
0.9267203813385977
0.3063692794763709
0.9597317823666464
0.2699429059281789
0.9495580100670548
0.2265265105028191
0.9378190420290622
0.2505202497198655
0.9679846326236594
0.31570709496113686
1.0
0.3980577343791687
0.9721822030130021
0.424096899845259
0.913985379648898
0.43912633619693003
0.7423118652508758
0.39663482916244214
0.5550575387297014
0.25397079487042634
0.362182736602458
0.19721466303825838
0.266776941820963
0.14746633939846676
0.3383490742222933
0.12820376002703515
0.4927342902370915
0.11303203315369154
0.552211728296249
0.14968962879960152
0.5303701332195004
0.16084164843569349
0.4379524393931311
0.17715169948241813
0.3168632054497267
0.18835707806413746
0.17158458282197667
0.1512903971684187
0.30661828788929785
0.13649218291446558
0.283140351813315
0.20288849758995417
0.38843533785105727
0.24500649200505126
0.589562990235313
0.21786457499599818
0.5623855005958416
0.21759778026786175
0.4513277484303576
0.275847962577593
0.2913220568094908
0.2798320971844262
0.040819593404834396
0.22593956210091926
0.10598865233089673
0.17558650374401924
0.43090905857033596
0.20576988065382482
0.6381552033865135
0.2251213916013018
0.44186542873912804
0.16825854187787945
0.26208135460576626
0.2313999608701065
0.47295590772459634
0.26359319139853776
0.4398733614357108
0.27590132152321983
0.38395318641836973
0.2371449406826386
0.3839531864183696
0.17297191540828477
0.3386336552656387
0.09802038311722948
0.2746029205129571
0.06145171904736488
0.16354516834747312
0.039930277644380494
0.18773455703181988
0.08886043078455412
0.1922878537253436
0.21153264678156625
0.17926827099229842
0.24701634562367683
0.12085801184568604
0.20242605339451814
0.055617807658786995
0.18350141401205913
0.01620333315547029
0.21137256994468454
0.038969816623090146
0.24895505398146672
0.22665101470928264
0.2533660601533181
0.3515109474770111
0.18862387279227377
0.3606175408640591
0.09015883179481696
0.3170054959713996
0.09997687779022807
0.24379702257083422
0.1009551251267275
0.18069117620902453
0.08946516550166278
0.1646123472600178
0.05865926755953974
0.06358607687245425
0.0508688614979634
0.008163918680966725
0.025274353912100127
0.019831741458122096
0.007737047115948979
0.07425786599790138
0.0
0.11160912793696502
0.045568539565658255
0.18624050655425717
0.07637443750778142
0.32120306636074175