0001000000
0.0
0.3035323538605815
0.00013893230523427446
0.32187141815150566
0.002917578409919764
0.3418776701052413
0.006738216803862186
0.3531311868292173
0.005730957590913696
0.36938626654162754
0.009169532145461989
0.3752214233614672
0.01990205272480969
0.3773054079399813
0.02827272411517473
0.38008405404466666
0.038380049320968196
0.37327637108818734
0.05449619672814417
0.36160605744850804
0.05953249279288661
0.3525754576082803
0.08464450696398172
0.3346531902330589
0.10878399499843679
0.3167309228578371
0.15154041193428475
0.3139522767531521
0.18880900281337926
0.333124934875482
0.202667500260498
0.3610503282275713
0.34066201243444116
0.39356048765239116
0.3436143239206695
0.4221805425306517
0.3168351220867632
0.45649682192351776
0.39904831370914523
0.48525580910701205
0.3582022159702683
0.5163766454794898
0.30283769233441005
0.5440241742211107
0.3932826230419226
0.5587509985759435
0.5642388246326974
0.580007641276788
0.6182834913688303
0.6109895453440309
0.6788232433746657
0.5926504810531067
0.6847278663471221
0.5922336841374042
0.6757667326595115
0.6265499635302703
0.6830259456080026
0.7092146851446632
0.6621513667465525
0.7832656038345316
0.575318675975131
0.7927130005904625
0.5757702059671423
0.7815984161717205
0.6861519224757737
0.7752075301309437
0.8343232260081277
0.7793754992879711
0.757042131221562
0.802577194262096
0.782605675384669
0.7525615643777571
0.7379389392518495
0.8167482893959918
0.6612830398388388
0.8243895661838768
0.6923344100586992
0.8085512833871698
0.6682643881768611
0.7065749713452121
0.6510715154041191
0.670869368900003
0.712653259699211
0.6414157201903375
0.7834392692160744
0.6144628529748881
0.794901184397902
0.601403216282866
0.7908026813934912
0.5863985273175646
0.7699281025320415
0.5848702719599876
0.7097009482129832
0.5845924073495183
0.6519745753881422
0.5830641519919415
0.6883748393595222
0.5845924073495183
0.8201521308742317
0.5718106352679656
0.7900385537147022
0.5447188357472823
0.8207773262477857
0.5134590670695702
0.8569344586850056
0.48845125212740037
0.8630822131916223
0.484977944496544
0.8627348824285368
0.48678406446458933
0.8407835782015212
0.49859331040950317
0.8537042825883088
0.5167934423951929
0.9015664617415166
0.530547740613386
0.9878086902156924
0.55569448786079
1.0
0.5776457920878049
0.9490118439790213
0.6164079052481679
0.9347712826925084
0.6362752248966689
0.9907610017019207
0.6416935848008056
0.9583203084297176
0.6468340800944741
0.8974332256607966
0.6585043937341528
0.8749956583654613
0.6614219721440728
0.8093154110659583
0.6590601229550902
0.6517661769302908
0.6615609044493072
0.629502275016498
0.6526692369143136
0.6362404918203608
0.6219651974575389
0.5101941578965649
0.5833420166024104
0.48848598520370945
0.5277690945087008
0.476364141572019
0.47205724010975675
0.5520822479246988
0.41954082873120024
0.6413462540377204
0.37091452189920465
0.7365496161995065
0.33298600257024774
0.7621826265152304
0.2953353478517591
0.7632246188044874
0.245180785662186
0.7957347782293077
0.19947205724010997
0.8303636553089506
0.1597374179431067
0.8374839359522074
0.11889132020423025
0.8144906394359348
0.09402243756729488
0.8162272932513629
0.07818415477058759
0.915702823799104
0.0655413149942686
0.9876697579104582
0.04984196450279597
0.9119516515577786
0.03719912472647699
0.8195269355006772
0.03414261401132295
0.7590219165711504
0.03803271855788277
0.7000451529992011
0.03567086936889972
0.6251953735542358
0.04775797992428185