0001000000
0.9939158540891444
0.9908194584023693
0.9941331450145318
0.9977727680147758
0.9910367493277566
0.9914713311785325
0.9921232039546954
0.9973381861640012
0.9946220495966543
0.9929923676562463
0.9948393405220423
0.9925577858054703
0.9978135100632868
0.99521959964147
0.9962109894885519
0.9944590814026135
0.9825895646033088
0.9967949588505314
0.9713583398973302
0.9971752179699603
0.9768041937148604
0.9984789635222869
0.9849254420512269
0.9945134041339605
0.9129070809680315
0.997012249775919
0.8222288616671649
1.0
0.7584132330173566
0.958117174131516
0.6993508433604045
0.48062036559198235
0.6121085368172317
0.29146861504196453
0.5593204226308501
0.23481000624711415
0.5197598935274469
0.22399978270907478
0.47636961186408483
0.21101664991715802
0.48723415813347104
0.22584675557487036
0.45140831681016924
0.19537170328924147
0.3698019936442406
0.16859059673520393
0.3651845614797515
0.17701062009397833
0.37454165195426053
0.18352934785561026
0.300907189613494
0.17619577912377463
0.3038813591547383
0.19379634408018054
0.30537523426677904
0.29375016975853585
0.22636282152266624
0.42455930684194837
0.18608251622891608
0.48409702039818575
0.14580221093516593
0.5457533204769542
0.10381073960398733
0.6218594670940059
0.06596137653801239
0.6399489366325339
0.03585300268897518
0.6449466279164516
0.02399706657250735
0.6380476410353919
0.03344922182687343
0.6342993725724534
0.029171306733302534
0.654453105902165
0.014938751120406326
0.6670016568433059
0.009126218866284641
0.6541271695140836
0.012018904310508824
0.658472988021838
0.0008963250672243795
0.6268028356465764
0.0
0.5883423418529482
0.028560176005649546
0.5628106581198907
0.04984110601081029
0.5364641334166282
0.06911209495613435
0.5055544992802237
0.11276040959339438
0.5047396583100198
0.14036993780047272
0.5138658771763043
0.14022055028926866
0.5050655946981015
0.144267593774615
0.5211994459081402
0.14770350653230865
0.579161800255317
0.13683896026292194
0.6608088654697563
0.1362006681695957
0.6645028112013476
0.14231197544612545
0.6628188065295921
0.144675014259717
0.6655349430969393
0.13580682836733032
0.665806556753674
0.13637721704647313
0.6597767335741641
0.1228780183067606
0.662275579216123
0.11410489719423106
0.66444848847
0.10649971480566046
0.6617323519026539
0.0976315289132737
0.6639052611565314
0.11278757095906786
0.6577124697829809
0.12389656951951557
0.6602656381562862
0.1370290898226364
0.6558111741858385
0.1520357443572264
0.6471738599016761
0.17352038460493813
0.6512480647526961
0.2104326805551784
0.6555938832604508
0.21802428226091214
0.6531493603498384
0.23171361056033912
0.6542358149767772
0.2664801586223757
0.656028465111226
0.2913463888964337
0.6549420104842871
0.319268272808757
0.6536925876633081
0.3526088491729367
0.6653176521715516
0.38752478474617713
0.6608088654697563
0.42358149767770337
0.6627101610668986
0.46729771572914697
0.6697177934106527
0.4937664665779398
0.6680337887388982
0.5324442512969553
0.6714017980824076
0.5819458402368474
0.6706956025748979
0.6240595377135565
0.6711845071570203
0.6657386533394901
0.672162316321265
0.7388842110981342
0.676182198440938
0.827226552951083
0.6753673574707341
0.8850123584213819
0.6709128935002854
0.8940570931906459
0.6733030936795504
0.8986202026237882
0.687101067441671
0.9066056441317872
0.6965532226960374
0.9136947605725618
0.7180107015780757
0.9239617567971322
0.7326235163104005
0.9306706141184785
0.7565798408343974
0.9325854903984578
0.7784719015672114