0001000000
0.11436858759229089
0.7643110557100392
0.11595071435420475
0.7451337616262348
0.12335794419407428
0.7348739092913992
0.13107680506280575
0.7224086681369262
0.15186019752612914
0.7095598811007766
0.1753284111611853
0.6657397641192827
0.20306357272988795
0.6460830376833828
0.21905264167226016
0.6006328507047656
0.23156582606194276
0.5950714354204624
0.2320452584140379
0.5348547319973153
0.23461022149774693
0.5170198484993767
0.23808610605043637
0.4811583085626619
0.21643973535334177
0.30875443474925707
0.20073832582222662
0.11084475980439164
0.19095790583948627
0.04123118228018036
0.17834883497938456
0.020615591140090202
0.16566784926646863
0.0
0.16051395148144604
0.26666027423530536
0.16478089941509255
0.5097324767475309
0.19162911113241934
0.3840253140281907
0.19081407613385765
0.44807747626809835
0.2280659698916484
0.4802953303288907
0.2974398312398121
0.4311055710039315
0.32189088119666326
0.41979096749448686
0.33907853101927327
0.38623070284782796
0.38392942755777176
0.4483651356793556
0.38131652123885335
0.6276728353629303
0.3580400805446353
0.6512609070860105
0.3437769680698055
0.709943426982453
0.3801419119762203
0.8517595167321894
0.41926359190718204
0.9440023012752903
0.6591715408955799
0.9321123789433308
0.7882826733147953
0.9188800460255055
0.8139083325342794
0.8619234825966058
0.8472528526224951
0.7132994534471186
0.8264454885415667
0.5992904401188992
0.7850465049381534
0.5205676479048811
0.7832965768530064
0.4960207114776108
0.8059976987247102
0.45478952919743054
0.791375011985809
0.3601495828938537
0.7979911784447217
0.3483555470323138
0.8853916962316618
0.4181608974973629
0.8911209128391985
0.404832678109119
0.9151884169143736
0.3483555470323138
0.9788330616550003
0.3106721641576375
0.9602071147761053
0.30280947358327737
0.9210374916099339
0.2579346054271744
0.8847924057915431
0.23357944194074226
0.8540128487870363
0.23530539840828488
0.8200690382587017
0.2381819925208553
0.8051586921085438
0.21756640138076538
0.7611468021862113
0.24949659603030014
0.7608351711573496
0.3281235017738999
0.8357944194074217
0.4023396298782242
0.8336849170582032
0.4318726627672837
0.8090181225429094
0.45143350273276456
0.8262537156007289
0.4871032697286412
0.7721737462843995
0.4911305014862404
0.7057483939016207
0.45958385271838176
0.7219771790200403
0.3910250263687796
0.7094639946303579
0.320836130022054
0.7132275385943045
0.27596126186595094
0.713682999328795
0.5798254866238376
0.6522916866430148
0.7618180074791451
0.6375011985808804
0.5718669095790586
0.7161520759420846
0.49496596030300133
0.7225524978425547
0.5054175855786749
0.6838383354108738
0.48739092913989845
0.694409818774571
0.47645987151212993
0.751773899702752
0.5348547319973153
0.7308227059161955
0.5294850896538502
0.7543868060216704
0.5927701601304056
0.8017307507910634
0.6644932400038356
0.7471234058874295
0.7564483651356796
0.6887045737846392
0.8711285837568322
0.6774379135104038
1.0
0.6534902675232528
0.9278933742448937
0.6516444529676864
0.7834883497938444
0.5843321507335317
0.6316041806501104
0.4375299645220061
0.3333972576469461
0.2700642439351808
0.1913893949563717
0.16873621631987737
0.10605043628344053
0.15018218429379618
0.15332246620001913
0.1398983603413559
0.14104899798638426
0.09291398983603427
0.16530827500239728
0.05352862211142016
0.20625179787132056
0.0496212484418449
0.23712724134624624
0.06455556620960794
0.27615303480678877
0.09615015821267628
0.3147952823856554
0.12081695272797015
0.31383641768146536