0001000000
0.5155359179019384
0.5078867350817177
0.3273470163435957
0.22120866590649937
0.3037580767768909
0.1630558722919042
0.31057582668186995
0.13568985176738876
0.32656309388065374
0.12096161155454196
0.3342597871531739
0.11060433295324985
0.3350199543899659
0.1042379323451159
0.3220258456860509
0.09644621816799685
0.30173888255416187
0.08675408589889784
0.28411250475104527
0.08162295705055103
0.2736839604713037
0.07354618015963496
0.2829960091220069
0.06119346256176344
0.26612979855568225
0.04722538958570881
0.23503420752565574
0.03468263017863926
0.19032687191182066
0.02413530976814901
0.13806537438236424
0.014633219308247843
0.0972776510832383
0.005986316989737779
0.06822500950209039
0.0020904599011782573
0.0398612694792854
0.005226149752945686
0.016296085138730546
0.006651463321930861
0.0
0.0030406689471684603
0.015393386545039935
0.08589889775750674
0.06938901558342837
0.19270239452679586
0.08988977575066505
0.12286202964652211
0.1999477385024706
0.15355378183200305
0.3458523375142532
0.17892436335993916
0.45374857468643104
0.16742683390345875
0.49339604713036866
0.16733181299885974
0.5997957050551121
0.18500570125427593
0.6563331432915241
0.19973394146712264
0.6671417711896617
0.19593310528316227
0.6990450399087798
0.2101862409730142
0.8532164576206767
0.19821360699353846
0.9426311288483467
0.20049410870391482
0.9920419992398327
0.2012542759407071
1.0
0.17977955150133038
0.9577394526795892
0.17768909160015212
0.8243538578487265
0.19032687191182066
0.7012780311668568
0.161060433295325
0.7170752565564426
0.160395286963132
0.6971446218167997
0.18928164196123154
0.6777128468263017
0.15830482706195365
0.6581622957050549
0.12029646522234896
0.6561668567084759
0.12276700874192327
0.6225532117065755
0.14671227670087422
0.6388255416191563
0.09625617635879892
0.6246199163816039
0.10072215887495256
0.6787818320030407
0.1247624477385026
0.7117303306727482
0.14918282022044851
0.7002803116685672
0.17160775370581527
0.6788530976814899
0.19973394146712264
0.7069317749904979
0.22881033827442057
0.6888778031166858
0.2567464842265299
0.6533399847966551
0.2863930064614216
0.7020857088559485
0.31176358798935777
0.6911345496009125
0.3293424553401749
0.6587086659064992
0.3445458000760168
0.6420087419232231
0.3583238312428735
0.633171797795515
0.36744583808437864
0.6174220828582289
0.3682060053211708
0.689329152413531
0.3558532877232992
0.7290241353097681
0.34720638540478915
0.7268148992778413
0.35015203344735857
0.773256366400608
0.42407829722538964
0.7427071455720258
0.5282212086659062
0.7446313188901555
0.6489927784112508
0.7559863169897378
0.7503800836183956
0.7323973774230331
0.8108133789433672
0.7084045990117823
0.8460661345496003
0.7164576206765488
0.863645001900418
0.6975247054351957
0.8664956290383884
0.6484939186621055
0.854047890535918
0.6566657164576205
0.8244013683010257
0.6621531736982136
0.7546560243253518
0.6886402508551881
0.639205625237552
0.6784730140630939
0.5250855188141391
0.7241780691752187
0.483466362599772
0.7147947548460662
0.4898327632079054
0.687404979095401
0.5167236792094262
0.7870581527936145
0.5691752185480807
0.7943272519954387
0.633124287343215
0.7651320790573927
0.6742683390345874
0.6802309007981754
0.726719878373242
0.6935575826681871
0.8775180539718734
0.7460803876852908
0.931014823261117
0.7399752945648044
0.9292094260737359
0.6976434815659445
0.8408399847966551
0.6098916761687571
0.7863930064614212
0.5198118586088939
0.8205055112124666
0.5189091600152035
0.5473204104903077