0001000000
0.7313669139031818
0.19179473059250696
0.7018362043745376
0.2450739128190124
0.6948149167943002
0.2814194014696518
0.7057426560429538
0.3402054759159509
0.7248963155449237
0.3945860365864149
0.7610697138136949
0.4323082482920026
0.7931817790703677
0.49976767798447724
0.8031458121805573
0.5407940250219413
0.800271902803352
0.5453372111032715
0.820905539589392
0.5342545905109362
0.8336058097712916
0.5944862241649314
0.8298714484847441
0.6148617253781681
0.8333993013130498
0.5721144745220192
0.8162763083171278
0.5580718993615447
0.8039718460135258
0.5555937978626372
0.809995009378926
0.518559947684524
0.8126107831833276
0.5220017553218949
0.7294395016262539
0.5721144745220192
0.6704125006453387
0.6147928892254211
0.6365106954172328
0.5920081226660242
0.5790325078731346
0.583197095114354
0.527147257739765
0.6048116470770446
0.4840902441962517
0.583678948183586
0.4762429227830455
0.5958629472198799
0.5224147722383794
0.6277340859419366
0.5803231857371486
0.6283536113166635
0.5804264399662703
0.6047428109242974
0.535579686451324
0.6080469462561737
0.49429520384105713
0.6573336316233285
0.4798051936877246
0.6498993271266066
0.41967681426285075
0.6861071434717515
0.3470374640761328
0.7030408370476174
0.35748335025555394
0.7099932884751069
0.39582508733586874
0.7350496480751689
0.41690615911476697
0.7064826446849883
0.40110826205923344
0.7029031647421224
0.3816964669844599
0.7002185547849732
0.31151800925846246
0.6003372971484623
0.08757679533290862
0.43430449672167837
0.01672718511762363
0.38811543822815736
0.0
0.3375897021115487
0.014989072260751204
0.2092791133903525
0.036138980192396884
0.2953243043246312
0.03126882238551671
0.3976836634600489
0.029066065497599183
0.38226436524462665
0.01557417955910455
0.3616823555731465
0.0196355125712025
0.3576898587137967
0.02641587361682365
0.5235161506823384
0.03491713848113012
0.6714450429365502
0.025813557280283575
0.7787606050697826
0.019842021029444643
0.7694677244488806
0.042833296047084
0.6950558433289165
0.06675385912681332
0.6674525460771998
0.14054621487205077
0.6455626495035192
0.22154915761758062
0.6739919805882048
0.2722469841160576
0.7134350961124776
0.27174792200863873
0.786332581871999
0.2484640933418231
0.7417955910444163
0.2282951005868282
0.6872773580684577
0.23927446695004215
0.779793147360994
0.2845342373814728
0.6941609733431997
0.3289507649417474
0.5386601042867711
0.2768934244265086
0.5352871328021475
0.20477034538539604
0.5617202154571581
0.2530416974995267
0.6783974943640398
0.2824175256844897
0.6796365451134935
0.3770328176358223
0.6488667848353952
0.46431705931955447
0.719148496790514
0.5026415873616822
0.8037481285170972
0.4366965530296508
0.7351873203806639
0.42325629420571675
0.6738543082827102
0.4690151267445661
0.6437729095320854
0.5825087335868796
0.506031767884493
0.657264795470581
0.6341358481474467
0.7298525185427385
0.7296804281608696
0.7511745168562527
0.7459945963620094
0.7768848199074151
0.733810597325715
0.8169474608064152
0.785162367275293
0.8249840816396771
0.7658882445060138
0.8339671995732155
0.7885353387599164
0.8256380250907771
0.865218812920545
0.8666987902046154
0.9391488409712785
0.8856459412483435
0.9763891996076335
0.8764391058183757
1.0
0.9109088093066474
0.9432101739833754
0.9045930922920716
0.8838045741623499
0.922025847975357
0.9079660637766954
0.9348121633481903
0.7428969694883756
0.9054707532396016
0.7192173329432616
0.9013061659983822
0.7925966717720146