0001000000
0.8355639693581053
0.8514572510346043
0.7434841947697458
0.8186140706172397
0.6649643391740777
0.7998591177247515
0.6305802588711805
0.8041736374042443
0.6780619882011094
0.6959584397288018
0.6872853746588008
0.7025622963810868
0.6446684863960552
0.8313815268116579
0.5910451703795018
0.8438848287399843
0.6702033987848904
0.8577969534207979
0.6692568459980628
0.865633529981509
0.617130404156027
0.8911684423703444
0.577771418508409
0.8605265475037424
0.5233556396935809
0.7870036101083034
0.501320771330457
0.7376067623492119
0.6755745355287487
0.7254556661090076
0.8228625517302106
0.7365501452848463
0.831909835343841
0.8120102139649554
0.7416571277626133
0.8063749229550059
0.6971031082151977
0.8195826362595757
0.7517610284406092
0.8307651668574443
0.7775160693845208
0.8762877520471953
0.7817645504974907
0.8178216078189658
0.8088623756273663
0.7853306330897246
0.788214317161222
0.7577705379941883
0.7735977811041648
0.7438584133133752
0.764880690323149
0.8055824601567314
0.7269305274280179
0.8529541252091223
0.7252135246984238
0.9271814739808049
0.6923483314255524
0.9432948842123797
0.7320595227612925
1.0
0.7065686360834724
0.8539226908514574
0.6899489301752224
0.7159461125297172
0.7359778110416486
0.5977811041648321
0.7074931760147929
0.4513515893281676
0.6931407942238266
0.4127850664788238
0.6471559390684161
0.43470987056440946
0.5943911244166592
0.4078541868451174
0.5764726600334594
0.2623932376507877
0.5663907722109713
0.41252091221273224
0.48666020956238454
0.7961609579994716
0.47774500308179985
0.9262129083384697
0.5714317161222154
0.9593202430219245
0.5851677379589681
0.8668662498899359
0.6170863784450119
0.6221713480672714
0.6159637228141233
0.5877432420533594
0.5153869859998239
0.4043321299638991
0.47503742185436304
0.40028176455049735
0.47926389011182524
0.28555076164480037
0.3938980364532889
0.12441665932904804
0.4435810513339792
0.027560095095535687
0.39403011358633444
0.0
0.4315840450823282
0.0509817733556398
0.36184731883419924
0.08012679404772363
0.37109271814739814
0.1488069032314872
0.3971999647794312
0.37686008629039364
0.4034956414546095
0.5973408470546795
0.4837765254908866
0.7601479263890107
0.4599145901206304
0.6802852866073791
0.5218367526635554
0.4702826450647179
0.5927181473980803
0.5136919961257371
0.6444923835519943
0.5496169763141674
0.6387690411200142
0.5566610900766045
0.6162719027912299
0.36673417275688974
0.4766223474509114
0.3211235361451085
0.48137712424055656
0.3773883948225761
0.4555560447301225
0.4053887470282645
0.5057233424319801
0.5049749053447214
0.522034868363124
0.5932904816412781
0.5031478383375892
0.4878048780487804
0.5067799594963459
0.6125737430659504
0.494540811834111
0.5404596284229988
0.3543409351061019
0.4848111296997446
0.42942678524258165
0.2721669454961696
0.4828079598485515
0.28766399577353186
0.5273619793959674
0.39869683895394914
0.5505195033899798
0.3713128467024743
0.5288808664259929
0.7262481289072817
0.4696662851105046
0.6158316456810777
0.38555516421590214
0.6574799683014881
0.43349916351149087
0.6643479792198647
0.4742669719115965
0.6134542572862547
0.44287663995773513
0.5385224971383288
0.6133001672977019
0.6518446772915378
0.6309544774148104
0.8253059786915561
0.6420489565906489
0.7247512547327642
0.6579642511226556
0.6386369639869683
0.662807079334331
0.7150655983094127
0.677973936779079
0.6483226204103195
0.6875715417803998
0.8132429338733822
0.7314431628070795
0.8273311613982568