0001000000
0.6469640680327393
0.5628954548093109
0.6322487954954432
0.5771753642537876
0.6050386021942299
0.6521739130434783
0.6768444883032445
0.5653334881290996
0.647994427352412
0.5132640622278979
0.6097985720090554
0.5005514599175712
0.5878272479247694
0.3954257851047771
0.4709612817089451
0.5004353630928194
0.46221048354327493
0.6178092529169323
0.5144975909908862
0.6828815231903407
0.5832704475532591
0.7232832182039814
0.6357607244441863
0.699367272305102
0.6106402739885063
0.7540488767632202
0.5183287862076972
0.8554014047715789
0.5149474661867995
0.9849074127822598
0.5158472165786265
0.9600626922853654
0.40945898879665654
0.8984152783421375
0.321007720438846
0.9268590004063387
0.29247692575608053
0.9367852789226208
0.31518836709815967
0.9723689557090613
0.36405061821559154
1.0
0.4175857665292853
0.9922215127416263
0.4978667208451851
0.9351599233760955
0.524220700063853
0.8386254135949376
0.4489319092122829
0.7632205259186162
0.3895048470424333
0.7303651245138438
0.3125907006443373
0.8007198003134608
0.2688657340221743
0.907877169559412
0.22788355488477405
0.7485923259998829
0.2495501248040864
0.550937481859871
0.3027660068497125
0.4236373135194749
0.3298746154292678
0.5259766645382249
0.34437220642015437
0.5298659081674117
0.34720206652348057
0.48081499970975733
0.440747083067278
0.3927555581354847
0.5087653102687641
0.37986881058803035
0.47900098682301023
0.5051953329076452
0.4264091252104254
0.5346258779822369
0.42700412143727856
0.5553491612004411
0.40379926859000376
0.6498519765484412
0.3393800429558249
0.7787194520229872
0.291998026353979
0.8905206942590121
0.19958495385151212
0.8914494688570265
0.1510419690021477
0.912346897312358
0.19827886457305388
0.9279619202414806
0.19193707552098457
0.9270331456434661
0.1717362280141639
0.9063679108376387
0.2368375224937597
0.8981830846926332
0.24997097579381194
0.90903813780693
0.23460265861728674
0.8567365182562259
0.20636210599640106
0.7506240204330404
0.2556887444128403
0.6363266964648515
0.29044523132292316
0.6054449410808616
0.2716520578162187
0.6347013409183258
0.28567074940500364
0.6265165147733208
0.307700121901666
0.7137052301619548
0.3093835258605677
0.6802693446334243
0.2998780983340103
0.7388982411331048
0.2867011087246764
0.7225285888430945
0.24937597956695873
0.6100307656585593
0.20527369826435232
0.5228420502699247
0.12638590584547518
0.4819759679572764
0.11431183607128341
0.37928832646427135
0.14670285017704768
0.3312242410170082
0.1923579265107099
0.38851802403204266
0.18058861090149173
0.3669240146281999
0.15079526324955003
0.4358274801184182
0.08656469495559306
0.422244151622453
0.04841237592151859
0.25837348348522665
0.05755500087072611
0.254426191443664
0.1450629825274278
0.28025773495094897
0.2494195158762409
0.3096882800255412
0.27056365008417005
0.35328263771985835
0.25278632379404425
0.24049457247344297
0.24290358158704362
0.08829163522377641
0.28881987577639723
0.10709932083357486
0.3774017530620537
0.059964009984326744
0.46181865675973743
0.0
0.3973413827131827
0.06663957740755792
0.3827131827944505
0.17832472281883088
0.40408951065188337
0.20212457189295846
0.4224618331688627
0.1791954490044697
0.43344749521100584
0.2892552388692169
0.35534335635920355
0.3455041504614844
0.3142886167063331
0.34091832588378707
0.323910141057642
0.2749753294247401
0.35486445695710217
0.19411389098508164
0.29658385093167694
0.18685783943809123
0.24853427758750787
0.18035641725198814
0.29475532594183546
0.31589946014976483