0001000000
0.8196327524222544
0.8042206064905124
0.8136355575617862
0.7376710893291853
0.8380757387673513
0.6101823340695488
0.853939286462784
0.7371552015992527
0.8169404633316678
0.8692869464282836
0.7947089264698773
0.8841187186638517
0.783133695529511
0.9430588918086709
0.7318351093843211
0.9615663641200088
0.701881378065099
0.9260345967208896
0.7188411871866391
0.9349981460284713
0.6500185397152947
0.932612165277532
0.5918683196569351
0.981750471553629
0.5124377307388485
1.0
0.40917957729449156
0.9664672975543704
0.4089377549210858
0.975817762659402
0.5226265134050206
0.9264215125183383
0.5710071095777783
0.8331748053329902
0.47863096293669116
0.6737010108175208
0.3798384626545651
0.4790178787341407
0.33218333360202495
0.4872720824130656
0.261232649244708
0.5576262715826472
0.2552999403504815
0.5717486981895566
0.2769027390414162
0.7675280916990448
0.2680520401747573
0.7499879088813305
0.2388398974673139
0.7664963162391788
0.25104386657853606
0.7488271614889813
0.2310370955520807
0.7394766963839497
0.17080720308242933
0.7525673475309944
0.18983056312370047
0.7368972577342859
0.21369037063309124
0.6406197101355824
0.17632075319608573
0.6299795257057187
0.19787518741233953
0.7019458640313411
0.23335859033677808
0.6775056828257754
0.19216817939995834
0.647842138354641
0.20367892437408322
0.6054103725676706
0.22062261200406275
0.6157281271663254
0.20177658836995602
0.5095842267326574
0.09392380983088575
0.45470666946105853
0.0
0.462702929275017
0.03630559899401891
0.42736461977462203
0.06879040448822345
0.3283786615937705
0.04852568959680171
0.2047590643086296
0.06430862983443249
0.2074674748907768
0.08939367070241358
0.16587402666494708
0.040352093375679216
0.23474503861097254
0.06940302116751851
0.2523497073949282
0.1235873543020202
0.24125812120137366
0.11789646778119929
0.2575730706604977
0.09371423044060044
0.23442260877976467
0.12295861613116452
0.2687291428202941
0.10106563059214245
0.25860484612036316
0.052668912927824295
0.28401231681955225
0.08371890567315307
0.35804220606490494
0.10259717229038061
0.3918328523755018
0.12702123200438512
0.41865901433200625
0.18663850779474142
0.4975253510454792
0.18602589111544626
0.6014122426606912
0.12320043850457038
0.595608505698948
0.04665559657579505
0.5802608457334477
0.12213642006158416
0.6224346676554519
0.18380112528011106
0.7496654790501223
0.1908139741088846
0.7000757710103345
0.17324154830804972
0.7233552048235506
0.2211223782424351
0.535765529026746
0.2315207402988927
0.5088748811040003
0.2954102113527547
0.5110029179899727
0.33481113672637025
0.5966402811588133
0.3937190668880688
0.6076673813861263
0.4393428880039986
0.8541972303277497
0.40111883151429223
0.8268551806413128
0.4311048058166344
0.767592577665286
0.4413419529574879
0.8773476922084841
0.37129407212755355
0.8360766738138623
0.3060665172741783
0.723935578519725
0.3615244482419516
0.8386561124635259
0.3590094955585294
0.8418804107756059
0.35078753486272557
0.766625288171662
0.34985248835222266
0.7686888390913931
0.3574134678940496
0.7392187525189836
0.3760176691547505
0.8037692047268217
0.4235115832916864
0.8952103048574062
0.4942688097502783
0.9233261861387421
0.493640071579423
0.9432523497073957
0.6019926163568657
0.9023682471102237
0.6817617565977208
0.81621499621145
0.689886988344162
0.8201486401521869
0.6812136258846673
0.7368327717680446
0.6799722710345167
0.6637701720163156
0.6837124570765294
0.6873720356607399
0.6598365280755779
0.6114075674281382