0001000000
0.24829954112018762
0.5735997656783934
0.2523676245647151
0.5926058515312271
0.24493116802811865
0.5829726299345853
0.24554951671168698
0.6148013148045698
0.26899794968594415
0.7318319393367402
0.2852377387964982
0.7792169752985973
0.2800143196537248
0.751944543886485
0.26530412991831304
0.7666547336218963
0.25274188824161165
0.7590392814137409
0.2706902723988677
0.6427897289029196
0.3351938034952976
0.5536824291339862
0.38405962183096304
0.712500406808345
0.39883490090148743
0.8970937611872299
0.41692973606274625
0.906922250789209
0.4275555700198524
0.9317212874670485
0.4176457187489835
0.9091352881830319
0.41875223744589474
0.8400755036287312
0.4562111498031049
0.8286197806489412
0.48602206528460323
0.8329156767663626
0.4641520486868228
0.8709929378071406
0.3932860350831519
0.8609691801998247
0.2969538191167378
0.8453477397728387
0.28928954990724776
0.8942298304422828
0.3391967976047126
0.7648322322387484
0.3316464347316695
0.5750968203859801
0.3450711100986105
0.6381683861099364
0.3626452305789699
0.7590392814137409
0.39439255378006327
0.9295082500732256
0.4000715982686238
1.0
0.35537149738015456
0.9895857063820096
0.34324860871546214
0.9826211475249783
0.3372603898851175
0.9476681745695977
0.36519998698213313
0.9712956032154132
0.3945878217854006
0.8270576366062428
0.3949458131285192
0.7455657890454654
0.36339375793276263
0.7254531844957209
0.3630194942558663
0.6575650079734439
0.267500894978358
0.7546782959612075
0.1856998730757965
0.7689328603508321
0.10739740293552899
0.4906108634100304
0.04886581833566557
0.5159957041038832
0.07187489829791399
0.5461971555960556
0.12773782015816706
0.6773521658476264
0.16710059556741624
0.6598431347023795
0.1334331369805057
0.6752693071240283
0.12240049467894694
0.8161877176424648
0.12067562729846712
0.8890226836332874
0.09895206170468966
0.850099261236047
0.10223907312786798
0.8908451850164361
0.08777296839912767
0.9033423373580246
0.06468252676798893
0.8351287141601851
0.03492042828782491
0.822957008494159
0.004816610798320575
0.7844892114427057
0.0
0.8223712044781468
0.006004491164122639
0.7592345494190782
0.0115208123149022
0.7988088651674429
0.07934389950206645
0.8494483678849226
0.1398281641553031
0.9029518013473498
0.1409021381846584
0.8709929378071406
0.18872652715852514
0.7493409704819871
0.16454583916425303
0.7214827350538617
0.14856640739414856
0.6614703680801903
0.1759202004751521
0.6019136264523062
0.2189767956520326
0.5278419630943468
0.27955869430793784
0.525889283040974
0.24844599212419063
0.5814755752269997
0.2499918638331109
0.5985289810264594
0.2602759787808767
0.6515767891430995
0.2692583070263938
0.5576528785758452
0.23526540176392116
0.6392098154717355
0.2790542519608164
0.6250203404172225
0.35296319198099396
0.5069482865232531
0.43259999349106665
0.4578709278484724
0.42503335828424527
0.49243336479317923
0.4591889868844992
0.48104273114850166
0.47799980473199477
0.48852800468643226
0.5452045432355912
0.4679597747909006
0.6084225599635503
0.4061249064340809
0.6063559735737303
0.3453965567741727
0.6467113613434442
0.36993523611156337
0.6212614313144794
0.45253360236925216
0.6548475282324995
0.4463501155335703
0.668451199271
0.36778728805285255
0.6215380609887073
0.31897028671852146
0.6786214078823185
0.29104696195528346
0.7333940833794386
0.2751000748527352
0.7346958700816877
0.332899404432584
0.6931200572786155
0.29234874865753274
0.6750577667849128
0.2407329059133658
0.6934617762879558
0.18742474045627644