0001000000
0.5976337052712586
0.38168526356290916
0.6049121456970633
0.3934846735924078
0.612126458894447
0.4052840836219063
0.663748877773503
0.42221367192509973
0.66304347826087
0.4402975503398745
0.6362703603950243
0.45645761190201356
0.680165448249327
0.4733872002052078
0.6851032448377586
0.49685776580736246
0.628959856355009
0.520200076952674
0.57393869436963
0.5417468257021938
0.5564319610106455
0.5467487495190464
0.5886879569065029
0.5532897268180068
0.6401821213287168
0.5614980120559191
0.6682698473771967
0.5781710914454279
0.612992176478133
0.6002308580223161
0.5659548544311916
0.6179299730665646
0.5789085545722717
0.6280620751571123
0.6010965756060029
0.6557650378350651
0.6530716942413755
0.71271001667308
0.7040528408362197
0.757086058740542
0.6995639348467363
0.7572143131973844
0.6883096062588179
0.7863280749006033
0.6507631140182125
0.8650763114018213
0.6481018340387332
0.9549826856483263
0.647268180069258
0.9996152366294736
0.6244068231371044
1.0
0.5348210850327053
0.9492112350904194
0.5701872515069902
0.8694369629344618
0.5988200589970505
0.7772220084647947
0.5715659869180458
0.6937283570604087
0.4840002565089139
0.5956136975759914
0.5031422341926386
0.4269590868282677
0.4969218930357834
0.300628446838528
0.5487046299858922
0.284724894190073
0.5146851353084522
0.33346158779017604
0.39431832756188323
0.3937411825060923
0.3195139156085676
0.4568423752725414
0.30165448249326676
0.5151981531358214
0.32400282159805077
0.5391817365653458
0.3572207259202261
0.5222521482621527
0.280332179043222
0.516865461074772
0.2390342439399772
0.48813646274208045
0.3245479030396309
0.42195716301141495
0.5004809542131593
0.3494933948954731
0.4518083878414779
0.32307297678594343
0.3216621777606774
0.3311530075670132
0.33708477619597327
0.40605361036296056
0.3136783378222396
0.5821469796075415
0.47483006284468404
0.7238681544183666
0.5606322944722335
0.9071437732461208
0.5961908426317818
0.8418622547133519
0.5302359882005904
0.6531999486982178
0.437059125304605
0.6515326407592672
0.3005643196101066
0.6980890085930492
0.24227266897524716
0.6766705143003725
0.29626779530588715
0.6348595613697577
0.34853148646915516
0.5690650250096198
0.2990252661279982
0.46966782095677845
0.27132230345004504
0.40336026676927067
0.36507631140182134
0.3170450173143519
0.31021546748749546
0.27074515839425445
0.16727587533666802
0.31204309349749926
0.06803898935488017
0.352956265230217
0.07906887264332445
0.3465435423880984
0.10423880979864059
0.29280492497114285
0.16342824163139674
0.15095549570347563
0.21825702193151228
0.06104912145697072
0.26285750929844837
0.11478773887392595
0.3138386558932925
0.1707066820572013
0.40265486725663774
0.4124663332050792
0.4431512120046174
0.7404129793510332
0.4247466974477365
0.7422085417468263
0.3900218032576634
0.39258689239451106
0.4374118250609211
0.27484930101321037
0.5975054508144162
0.7179684494036174
0.5765679107348984
0.8870078235218681
0.5115429011158139
0.5191740412979358
0.6043029370270621
0.28382711299217694
0.7271386430678471
0.2915223804027195
0.7825125048095427
0.1990509170193668
0.7885404642811343
0.0
0.747595228934206
0.2998589200974735
0.761574964730025
0.47441323585994677
0.7931896883416707
0.5640631011927664
0.8169167628575096
0.6457611902013601
0.8247723483391053
0.6920610491214568
0.8383352571501865
0.7129665255867642
0.8463511607028349
0.735282801077338
0.8255098114659487
0.7348980377068106
0.7847248941900736
0.7245094267025785