0001000000
0.6229360110919712
0.9657577412713749
0.6614007814797697
0.9799588252594426
0.648523171295324
0.922314188479476
0.6611696987521533
0.8987857653039782
0.6835427082895676
0.8704676274106131
0.6110667619007605
0.7971933952354942
0.6443006596361497
0.7390445779589089
0.7444645182975501
0.6156043863703209
0.7423007436662324
0.6145119952943153
0.7793790176883326
0.8613083483887224
0.7884962816688376
0.8973572538968946
0.7339397504306544
0.7926557707659337
0.6715053989328182
0.7366917356413598
0.6225158606781227
0.7245914037225328
0.708751733120457
0.5935044746019075
0.8408260157136253
0.4780471408764336
0.971219696651401
0.2794840552917944
0.9943699844544344
0.2794840552917944
0.9980463005756064
0.33973362463762014
1.0
0.3382210831477671
0.9247720684004874
0.4559472291080211
0.9050249989496241
0.4898953825469519
0.8389143313306168
0.4977101802445273
0.6998025293054912
0.5493046510650813
0.48426536700138656
0.6824923322549475
0.3018990798705936
0.7487920675601861
0.17234569976051428
0.8162682240242005
0.21665056090080217
0.8120667198857195
0.21667156842149488
0.8262678038737866
0.22782656190916314
0.703835973278434
0.21990672660812569
0.550397042141086
0.21499096676610224
0.5155245577916895
0.23854039746229116
0.46342590647451737
0.33515398512667527
0.4635099365572876
0.3863703205747656
0.4203184740136967
0.36487962690643266
0.4656106886265284
0.32670896180832726
0.48905508171925527
0.3107222385614049
0.5194739716818622
0.3298810974328812
0.475442208310575
0.3382210831477668
0.38880719297508526
0.34242258728624836
0.39309272719633614
0.3368555943027603
0.4477122809965969
0.3991849081971344
0.22646107306415664
0.40510902903239343
0.43477164825007364
0.3491870089492037
0.6903911600352929
0.3289147514810301
0.5425822444435108
0.2629721440275615
0.4782152010419722
0.20646191336498465
0.5561951178521908
0.2704088063526742
0.6155203562875512
0.2909751691105415
0.6500567203058691
0.25755220368892057
0.903575480021847
0.2603251964203184
0.9287004747699674
0.2795260703331792
0.7944204025040957
0.3289567665224149
0.6033359942859541
0.3806982899878155
0.5447670265955203
0.4332801142809127
0.5474559892441494
0.43983446073694366
0.35217007688752594
0.4861560438637036
0.33973362463762014
0.48918112684341003
0.46678710978530324
0.4894332170917186
0.7095500189067683
0.49090374354018745
0.6175370782740218
0.38340826015713614
0.45435065753539716
0.3568757615226253
0.37973194403596505
0.4154447292130584
0.20721818410991102
0.3921894038065626
0.14554010335700124
0.3724633418763913
0.10865089702113363
0.4721230200411745
0.2523423385572037
0.49300449560942794
0.2441914205285495
0.5675181715053993
0.23402378051342348
0.6608755934624595
0.20696609386160184
0.6460232763329271
0.17629511365068726
0.6037771522204949
0.12402840216797605
0.5385277929498755
0.08218142094869942
0.5087601361287342
0.34973320448720663
0.60085710684425
0.3673795218688286
0.7199907566908953
0.36553086004789764
0.696924498970632
0.44863661190706317
0.620057980757111
0.3698163942691479
0.5826225788832402
0.366287130792824
0.5822654510314693
0.38284105709844174
0.535481702449477
0.4874585101466326
0.5075206924078821
0.45645140960463765
0.4883618335364061
0.4357800092433089
0.5137599260535273
0.31116339649594577
0.5053779252972564
0.07041720936095132
0.46390907945044335
0.018486618209318923
0.46550565102306607
0.0
0.4399184908197133
0.10369312213772523
0.4621864627536659
0.18242930969286944
0.5097474896012774
0.19251291962522524