0001000000
0.6458654566280453
0.5691880699590293
0.7104938543548176
0.5255738138243975
0.7529186307766865
0.5018723291774969
0.7802766641702279
0.5007269042689105
0.8296180448477908
0.49041808009163385
0.8304991409313187
0.47032908938719753
0.8178333847306052
0.4185206396757567
0.8628133397947049
0.3436274725758845
0.8445085686594125
0.2766641702277634
0.8036257103837176
0.22009780166527174
0.7697695933741576
0.16925855764571132
0.6808669985461915
0.1367461121635315
0.6615489669148421
0.12758271289484124
0.7614212079827307
0.15956650072690431
0.8711837525882199
0.15912595268514038
0.9468038239570029
0.15110797832503642
0.9586545662804531
0.20926031983787846
0.8881448521961323
0.3507643508524604
0.9561654698444869
0.34160095158377035
0.9194678179655492
0.25578219304815203
0.9626194986563288
0.29322877659808805
0.9952861359531257
0.3839816732014625
1.0
0.42891757346138604
0.9659456363716467
0.47024097977884516
0.9050839244019563
0.5550024230142299
0.8868452354729284
0.5757081809771357
0.8888717564650428
0.5775584827525443
0.9558570862152521
0.5854002378959426
0.9092471033966258
0.5809947574783032
0.9217366403806339
0.5752676329353715
0.9159214062293496
0.6007313097493283
0.922992202299661
0.6161504912110667
0.9126613507202963
0.6563284726199394
0.8996431560861716
0.6781796554914317
0.9038944446891936
0.7059341821225604
0.8623067095466765
0.681704039825543
0.833847306048725
0.7079607031146746
0.8450592537116174
0.7199436098506542
0.861689942288207
0.704083880347152
0.8679016696770787
0.679853738050134
0.8568218864267151
0.654654390061236
0.7273668443543769
0.6517467729855942
0.7177849244460109
0.6153575047358916
0.814044671571435
0.6024053923080314
0.7925459271333544
0.5978236926736863
0.7878320630864798
0.6211727388871757
0.8097713555663248
0.6473412925679549
0.8126128904357023
0.6306004669809244
0.7713115115203315
0.6096303801929602
0.8236926736860656
0.5820520727785365
0.8293977708269091
0.5304198422838012
0.8500594739856385
0.481078461606238
0.8461165690118512
0.3952597030706199
0.8682320807084012
0.4351733556544341
0.8292435790122914
0.4834574210317634
0.8708092867527208
0.429270011894797
0.9288294638530336
0.3682100533063132
0.9341821225604656
0.4040706639058991
0.9042028283184286
0.412969734349531
0.8706330675360152
0.423895325785277
0.9507467289307902
0.441957795497599
0.9253931891272748
0.43684743821313693
0.9336754923124371
0.41887307810916785
0.9320234371558223
0.41076699414071105
0.8339133882549895
0.4180800916339927
0.7921053790915901
0.4342041499625537
0.8516013921318123
0.41799198202564014
0.8895986607339533
0.35428873518657233
0.9012731838406979
0.3726155337239527
0.9125512137098555
0.5020485483942021
0.9470901801841493
0.6377373452575003
0.9910789021542801
0.7541301378915372
0.9512753865809072
0.8760738358517999
0.9224855720516323
0.7848803912066614
0.9257015727565093
0.5412573241111942
0.9075289660337463
0.3433631437508262
0.8812723027446144
0.26450504427507837
0.886558879245782
0.16035948720207946
0.8012908057623687
0.09559892506277817
0.7805630203973747
0.057006916604255796
0.7946165029296447
0.041499625534164516
0.7464425745627563
0.029869157231596173
0.6468126349178378
0.0263447728974845
0.5929776642142826
0.025816115247367755
0.56282215075554
0.025816115247367755
0.5291642803647739
0.02299660778007847
0.4723556103793119
0.01568351028679677
0.4176395435922289
0.012687783602801905
0.36140358606106
0.009692056918807057
0.2959381470549365
0.0