0001000000
0.4984189723320156
0.5832674571805008
0.577206851119894
0.6262187088274036
0.6554347826086955
0.7295125164690376
0.6605731225296443
0.9083003952569166
0.6906785243741765
0.7086956521739127
0.6446310935441366
0.8762845849802371
0.6633399209486164
0.7044795783926221
0.6058300395256916
0.4440052700922267
0.6146245059288533
0.27733860342556027
0.6288866930171276
0.213702239789196
0.6019762845849801
0.2222661396574432
0.6012187088274041
0.23109354413702207
0.5013504611330698
0.22859025032938018
0.4557312252964425
0.20210803689064577
0.45823451910408414
0.19960474308300344
0.5042490118577073
0.13570487483530944
0.5695322793148879
0.07220026350461099
0.5823122529644266
0.10039525691699615
0.5782938076416336
0.1959156785243739
0.593379446640316
0.3945981554677206
0.4785902503293806
0.6283267457180499
0.43069828722002645
0.7982872200263496
0.5262845849802371
0.4795783926218707
0.4892292490118575
0.9051383399209485
0.44324769433465094
0.7470355731225293
0.4448945981554678
0.6117259552042161
0.5094532279314888
0.5528326745718047
0.5011528326745713
0.342555994729908
0.41047430830039516
0.3389986824769433
0.43313570487483516
0.19130434782608693
0.40895915678524364
0.17812911725955227
0.4052042160737812
0.13148880105401825
0.4314229249011854
0.12806324110671943
0.5477272727272726
0.23544137022397882
0.5134387351778651
0.23610013175230532
0.4583003952569168
0.23675889328063254
0.4587285902503292
0.4001317523056655
0.41327404479578383
0.4511198945981553
0.44845191040843224
0.2785243741765484
0.5344861660079051
0.4372859025032939
0.4104743083003954
0.5544137022397891
0.34838603425559944
0.37509881422924896
0.327635046113307
0.22226613965744393
0.32397891963109354
0.21014492753623207
0.2760869565217392
0.22108036890645555
0.23023715415019755
0.26732542819499255
0.2514163372859026
0.30342555994729936
0.25892621870882726
0.22727272727272743
0.29667325428194996
0.1856389986824769
0.21218708827404473
0.1778656126482211
0.19914361001317518
0.3762845849802371
0.2225955204216073
0.48274044795783905
0.2157773386034255
0.4748353096179181
0.10704874835309626
0.2835309617918312
0.1810276679841897
0.0
0.157444005270092
0.2811594202898547
0.19762845849802368
0.3855072463768115
0.20836627140974961
0.34374176548089563
0.17684453227931463
0.2552042160737809
0.1615612648221344
0.22134387351778648
0.17282608695652174
0.5399209486166
0.12717391304347808
0.6538866930171271
0.18168642951251646
0.6699604743082996
0.15586297760210782
0.6039525691699605
0.17994071146245033
0.43425559947299086
0.17358366271409748
0.6504611330698286
0.1305006587615284
0.7300395256916988
0.13824110671936762
0.5119894598155468
0.20286561264822128
0.38708827404479573
0.160375494071146
0.6890645586297748
0.2296772068511198
0.8469038208168638
0.08079710144927525
1.0
0.04973649538866935
0.9313570487483529
0.08817523056653478
0.9555994729907766
0.11571146245059272
0.8169960474308301
0.033728590250329454
0.5914361001317517
0.15968379446640318
0.6953886693017123
0.20859683794466374
0.617127799736495
0.21436100131752298
0.6259552042160739
0.22786561264822103
0.7028985507246374
0.2972661396574438
0.8239789196310933
0.2909749670619234
0.9873517786561266
0.24305006587615272
0.9318840579710144
0.33353096179183134
0.8839262187088266
0.519071146245059
0.8459815546772066
0.6157114624505925
0.8067193675889328
0.5773056653491435
0.8148880105401832
0.6130434782608697
0.786561264822134
0.7258563899868249
0.7559947299077725
0.8013504611330694
0.8198945981554677