0001000000
0.8622819026535785
1.0
0.7750429640849378
0.8873904051731674
0.7150971425242493
0.7775771168914389
0.7236025749322772
0.6876292563572278
0.7327488275902247
0.6418397366811336
0.7547988698261047
0.6435874282718241
0.7582505607177189
0.6578602429291314
0.7921703416737061
0.6562873204975096
0.7590661501267081
0.6208091812064899
0.6311059974949756
0.6490052722029653
0.5930937053974545
0.7160583728991293
0.6635984969852321
0.712796015263173
0.7090093501500104
0.7325449302379775
0.7166263726661035
0.6208091812064899
0.6766624916256447
0.6065946229355395
0.6534473216626375
0.5597564883050302
0.6788179779208297
0.5368617284669835
0.7223937549153826
0.5807287873933181
0.7822958841863039
0.5945355509597743
0.7966269552299673
0.5830590428475725
0.788529317526434
0.7212431912848448
0.7854126008563691
0.7681978386880661
0.7460458477760624
0.7797326031866243
0.6825900789374035
0.746934257667997
0.5999825230840932
0.7687221461652731
0.5663103317701205
0.7351082112376571
0.580583146427427
0.5695435612128977
0.5444933150796658
0.5242783490140104
0.5227345547755675
0.5844571961201248
0.577772275785733
0.608575340071655
0.6262124610410418
0.5373277795578342
0.4714252424922085
0.7432058489411904
0.2723194780227783
0.9867175439107508
0.1551076286737933
0.6307710232734267
0.1410678395619119
0.5135591739244413
0.1232413853368675
0.394075325507559
0.09497247385744649
0.3203227403804141
0.11142990300311667
0.38551163671317484
0.14355830007864617
0.4761585738836623
0.14494188925460957
0.5297544493315082
0.15644752555998953
0.489441029972911
0.15133552765721936
0.32381812356179523
0.08217063295563774
0.19588709912324137
0.03112347441088232
0.04995485130057373
0.029273834144067964
0.027467886167021036
0.023462759605021734
0.011680405464449031
0.0
0.10856077597506623
0.00672861262415897
0.16495295796801726
0.06017884710611401
0.21027642655326098
0.08731175905158611
0.27033876088666214
0.04779936500538873
0.3459555503772099
0.015889429378695627
0.40922198596021103
0.051921004340100795
0.39489091491654776
0.06443156331012777
0.377821793714136
0.07261658559319564
0.4904313885409688
0.08301535055780498
0.4611284262037226
0.09270047478954878
0.5005679997669746
0.13237307389822603
0.6126532871166003
0.18483294981212325
0.5984387288456499
0.18733797442544628
0.5337741399900966
0.17669161981882264
0.4412047420698496
0.14623809385103845
0.4289709009350151
0.11205615915644748
0.49462584835862633
0.05397454195916228
0.5222393754915384
0.06064489819696484
0.4589146835221813
0.19673181672540851
0.4153389065276282
0.244502053537619
0.3672191313972792
0.254696921149981
0.45629314613614524
0.3046517724505549
0.4931694386997177
0.3433922693775305
0.3933762488712824
0.3668550289825524
0.30546736185954354
0.39221112114415546
0.3443243715592322
0.3575776994553029
0.5184527103783753
0.35979144213684433
0.5521831580787043
0.3954880428767005
0.6082258017535174
0.3968425038594856
0.6577437301564183
0.452652121988873
0.6276251784101831
0.5074568174536134
0.5723398677580032
0.5174186595205499
0.480236520928607
0.4550843261192508
0.419416853572573
0.5015001019486761
0.48594564679152974
0.592059654539629
0.4600798112493083
0.5922781159884654
0.5140834814016486
0.663380035536396
0.6934548949928638
0.6471410678395622
0.7060382744458361
0.5070053304593516
0.5782237627799949
0.49258687483615415
0.8042585418426494
0.5418426495004515
0.7835775246861442
0.6082112376569281
0.677259619585797
0.6159884652355015
0.6202266173429265