0001000000
0.5226975191464289
0.4015186227662497
0.4874320874517249
0.37317536165477533
0.45036656411599135
0.3392681809255746
0.45097204948615577
0.3112522092033778
0.4707075996596192
0.30424821627282866
0.4840446422726976
0.31000850952412096
0.45722327682136554
0.34947960987104815
0.39610198337369906
0.4100936047653334
0.35047784250834585
0.4407278916017545
0.3554690056948353
0.4453099430516464
0.39516920861425664
0.4233815539700203
0.4374713621784382
0.3829285854552596
0.49635072330955027
0.35307979315310606
0.5688616875040913
0.3835177063559597
0.5850134188649605
0.49394514629835706
0.5450841133730446
0.6138639785298161
0.4853865287687374
0.7080578647640243
0.44421352359756505
0.781108856450874
0.4284381750343655
0.7985206519604638
0.42724356876350095
0.7701119329711328
0.42575440204228593
0.7274988544871375
0.4311219480264449
0.6767689991490476
0.41343195653596926
0.6516331740524975
0.3502814688747791
0.7490344963016301
0.3045918701315706
0.9044314983308245
0.33015317143418205
0.9891339922759711
0.3672514237088433
1.0
0.4310073967401978
0.9617071414544739
0.46121620737055713
0.9573869215160047
0.4720822150945866
0.9691693395300125
0.46278719643909166
0.9355894481900897
0.492635988741245
0.898278457812398
0.418668586764417
0.8569745368855145
0.3189762387903385
0.6924788898343915
0.3181580153171433
0.4417097597695885
0.32825489297636956
0.25541663939255116
0.31945080840479134
0.20828696733651877
0.3329024023041174
0.21928389081625954
0.30014073443738964
0.282188911435491
0.2710447077305754
0.35249067225240566
0.2561203115794986
0.3603456175950775
0.24702166655757035
0.31027034103554385
0.22679518230018963
0.35785821823656505
0.2547947895529226
0.36630228447993707
0.27420305033710807
0.2960659815408782
0.2855763566145187
0.2645152844144793
0.2605059893958239
0.3208090593702953
0.24576160240884995
0.34057733848268656
0.3111049289782025
0.42691627937422294
0.38535052693591676
0.4485173790665709
0.38505596648556667
0.5057930221902205
0.3141159913595601
0.7619951561170388
0.2800615304051843
0.8904235124697261
0.33563526870458865
0.8377953786738235
0.3984584669765005
0.671990574065589
0.44938469594815744
0.3181907442560713
0.45179027295935087
0.0
0.39711658048046083
0.12980297178765476
0.33556981082673293
0.44256071218171106
0.3374353603456178
0.7490344963016301
0.3574491064999673
0.7980624468154747
0.3820776330431367
0.5664070170845062
0.3698697388230674
0.29370949793807694
0.4030405184263925
0.5456568698042809
0.4204359494665184
0.8154087844472083
0.4173267002683773
0.6101328794920465
0.44941742488708514
0.5050729855338093
0.43701315703344895
0.5035674543431303
0.38931072854618054
0.40551155331544164
0.3564345093932053
0.3757282188911436
0.310712181711069
0.34758133141323566
0.2672808797538784
0.21247627151927753
0.27739412188256846
0.13530143352752505
0.25222556784709055
0.12947568239837665
0.2527165019310073
0.18760227793414933
0.3204981344504813
0.36224389605289015
0.3548307913857432
0.4614125810041239
0.3735681089219088
0.4135628722916803
0.3274530339726389
0.3161615500425477
0.29658964456372333
0.24062315899718534
0.29573869215160054
0.18779865156771625
0.30297178765464444
0.24435425803495453
0.3277475944229887
0.41042089415461164
0.3384335929829155
0.4911959154284221
0.34342475616940504
0.5673888852523404
0.3182889310728547
0.4683511160568175
0.2500818223473195
0.33134777770504675
0.23574654709694315
0.28657458925181645
0.2759704130392094
0.25600576029325145
0.2728611638410682
0.28159979053479084