0001000000
0.8674423190692175
0.8460264247682909
0.8727272727272728
0.8056399132321046
0.878229146125025
0.7506606192072575
0.8756458292250053
0.7391441530270165
0.8822914612502468
0.7620193255768095
0.9065667521198978
0.8013015184381778
0.933977519226977
0.8595937684874785
0.9596726483928223
0.8746598304082042
0.9887793334647998
0.8456320252415701
1.0
0.8252810096627883
0.9691382370341162
0.826543088148294
0.9225596529284168
0.8470518635377642
0.8727667126799452
0.862906724511931
0.8390061131926643
0.8698481561822123
0.819128377045948
0.9163084204298961
0.8163281404062314
0.9465194241766913
0.8487872214553347
0.9166239400512717
0.8800631039242751
0.8554131335042396
0.8727469927036091
0.812896864523763
0.8605008873989353
0.772589232892921
0.8503253796095449
0.7520804575034509
0.8422204693354369
0.7811082626700853
0.8298166042200751
0.7646223624531652
0.8155787813054626
0.7322816012620781
0.8187931374482355
0.7550778939065269
0.8026030368763559
0.7930980082823907
0.7941826069808721
0.8294616446460266
0.8026621968053642
0.8602248077302306
0.7964504042595151
0.8319069217116941
0.8010057187931379
0.7632025241569712
0.807533030960363
0.7445868664957607
0.776572668112799
0.760993886807336
0.7221849733780324
0.746795503845395
0.7329126405048316
0.7006507592190895
0.7283573259712091
0.5887201735357912
0.6265233681719587
0.519936896075725
0.4544862946164467
0.5271938473673834
0.3797870242555709
0.5177282587260897
0.33224216130940665
0.486649576020509
0.30096627884046545
0.4831788601853679
0.2695326365608362
0.4842042989548416
0.22317097219483334
0.4828633405639913
0.16976927627686864
0.4901991717609941
0.11622954052455144
0.4732399921120097
0.0855255373693551
0.47734174718990346
0.05791757049891536
0.4946164464602643
0.03865115361861577
0.5045553145336228
0.0060343127588248285
0.5114967462039047
0.026306448432262007
0.49083021100374685
0.04995070005916004
0.47174127391047166
0.04788010254387677
0.429777164267403
0.08586077696706758
0.451311378426346
0.06698875961348856
0.4139223032932362
0.03709327548806953
0.3318872017353578
0.01218694537566554
0.2701242358509174
0.0
0.19526720567935305
0.032518240978110804
0.16197988562413743
0.04166830999802812
0.22248077302307234
0.04147111023466769
0.3292841648590025
0.12244133307040037
0.30972194833366234
0.1972589232892922
0.38102938276474085
0.21303490435811503
0.4367974758430294
0.2902188917373303
0.4655097613882867
0.41516466180240613
0.38521001774797886
0.4667323999211203
0.4640110431867484
0.46138828633405665
0.5418655097613884
0.48708341549990175
0.408164070203116
0.5507197791362654
0.2976533228160127
0.5609741668310001
0.45091697889962545
0.5645632025241573
0.5111023466771842
0.6084204298954844
0.514573062512325
0.6716426740287914
0.5292447249063301
0.7877144547426544
0.5280615263261684
0.8557089331492806
0.5002957996450407
0.8484914218102939
0.47316111220666557
0.8396963123644253
0.4220469335436796
0.8479787024255575
0.43979491224610556
0.8532636560836131
0.5184381778741869
0.8606980871622961
0.47584302898836545
0.861033326760008
0.3960165647801224
0.8360283967659243
0.32044961546046163
0.8370932754880692
0.27312167225399353
0.8543482547820944
0.31800433839479414
0.8750739499112602
0.3402484717018343
0.8908893709327552
0.2847170183395781
0.891599290080852
0.24204298954841236
0.875389469532637
0.3111417866298561
0.8463222244133308
0.37290475251429717
0.837882074541511
0.4261486886215738
0.8497929402484721
0.41163478603825715