0001000000
0.5838840634441087
0.9523225075528698
0.523673527190332
0.9621412386706942
0.5369382552870088
0.7962613293051356
0.5670317220543805
0.426453927492447
0.563538519637462
0.37188444108761326
0.542225264350453
0.5914841389728094
0.5382364048338367
0.6549282477341388
0.5946941087613289
0.5156722054380661
0.691984516616314
0.3624433534743202
0.7661678625377636
0.35951661631419884
0.7854748867069483
0.11319864048338367
0.7556882552870086
0.0
0.7431552114803623
0.07297960725075534
0.7343277945619332
0.09884818731117825
0.765152945619335
0.011234894259819056
0.7515341767371597
0.029739425981872975
0.7917296072507549
0.1985460725075526
0.7601491691842895
0.3227907854984893
0.691583270392749
0.3610271903323263
0.6559195619335342
0.7124244712990934
0.6595307779456191
0.8334592145015098
0.5788094788519635
0.9598753776435043
0.5520203927492445
0.8080626888217523
0.5536253776435044
0.6476586102719032
0.5477483006042293
0.5378587613293051
0.5312027945619334
0.37556646525679754
0.5221629531722052
0.24527945619335315
0.5046733383685797
0.3824584592145013
0.48859988670694876
0.33572507552870073
0.5285120845921447
0.42343277945619306
0.5179144637462233
0.44779078549848944
0.5343183534743201
0.449490181268882
0.5505334214501507
0.42834214501510576
0.5339407099697884
0.32250755287009053
0.4764444864048338
0.40653323262839886
0.3812547205438066
0.5008496978851961
0.3241361404833834
0.44939577039274925
0.35212896525679743
0.5997922960725076
0.36079116314199394
0.5869524169184283
0.35923338368580077
0.44911253776435045
0.3794609138972809
0.5012273413897278
0.411537009063444
0.5659932024169181
0.4271148036253775
0.6251888217522658
0.3992871978851961
0.5677870090634436
0.35611782477341386
0.5498489425981875
0.3771006419939578
0.5718466767371599
0.43308629154078554
0.5885574018126886
0.5369618580060418
0.5203927492447126
0.5305419184290027
0.6687122356495466
0.41857061933534734
0.8419561933534739
0.28438916163141986
0.828172205438066
0.23510668429003007
0.7237537764350448
0.2722101586102717
0.6136706948640482
0.4041729607250754
0.5065143504531716
0.3450953549848941
0.32411253776435034
0.2966389728096676
0.3576283987915404
0.3343561178247734
0.4065332326283987
0.1741644637462236
0.468655589123867
0.12240370090634455
0.5661820241691843
0.13290691087613313
0.8541351963746219
0.13609327794561946
0.919089879154078
0.25691559667673713
0.8862348942598183
0.5154125755287008
0.8980362537764345
0.6128682024169182
0.7491503021148033
0.5662292296072505
0.49801737160120857
0.378894448640483
0.19505287009063435
0.16545506042296088
0.04493957703927502
0.1579966012084593
0.17333836858006055
0.22422583081570985
0.4059667673716013
0.26118768882175225
0.5521148036253771
0.2833978474320241
0.6003587613293047
0.2959780966767371
0.6224509063444102
0.3463226963746222
0.6576661631419936
0.4369571374622355
0.6199018126888209
0.48654645015105735
0.4551548338368577
0.47460347432024164
0.28361027190332305
0.5617447129909362
0.3101397280966768
0.651623867069486
0.5076472809667668
0.6452747356495466
0.6613481873111775
0.6139067220543802
0.6654078549848942
0.5603285498489424
0.581570996978852
0.5443023036253773
0.6063066465256793
0.5971015861027188
0.7123300604229607
0.7271997734138969
0.677964501510574
0.8329163519637458
0.6503965256797579
0.7993060800604226
0.8023036253776431
0.7154220166163139
1.0
0.6748725453172205
0.9076661631419934
0.6059998111782471
0.6453927492447123
0.5634205060422959
0.5344599697885196