0001000000
0.07850327037970382
0.728459382167228
0.08529886456947089
0.6897811252371383
0.10344876405130662
0.6796443639040689
0.129625959169805
0.6632216779454654
0.12336834952006114
0.6363790808958862
0.08880992156751706
0.6028541495597022
0.03928702890959031
0.5811082481524483
0.006328397089220485
0.5751054732848206
0.0
0.5594189766967748
0.01292578644845263
0.5728969051731463
0.04387405498768291
0.5960585553699352
0.07530367811535521
0.6161621881813294
0.12423195628167726
0.585412124472634
0.17686949627658072
0.5349548376136142
0.2112438768864853
0.48092986380496655
0.22241413483591474
0.403573349944786
0.2367273550981115
0.3240648979245123
0.24585893479061074
0.2772885579182829
0.26511311832828394
0.29467395305377003
0.29480137044482835
0.2955800322790726
0.2910637936404566
0.2548630970920519
0.30912874819492026
0.20010193391284642
0.2754622419797832
0.16578418325452307
0.2568026729337147
0.17450519579805765
0.2709601608290625
0.16368887504601198
0.2881331936461195
0.11158931959113164
0.30172438202565355
0.06039584336155394
0.29919019169238625
0.08027295636662231
0.22021972421213581
0.11464733697652676
0.22044624401846138
0.10841804230257392
0.1973695387490444
0.10536002491717868
0.17160291077951134
0.16323583543336087
0.20265028173400915
0.14839878811903623
0.19463714358524237
0.08961689837755178
0.1428915253277459
0.17677039386131307
0.14811563836112926
0.2994308689866072
0.15986635331426796
0.37372936546139246
0.15006937169068715
0.3929835489990654
0.21985162952685677
0.42480958178780764
0.2424045077441458
0.49429453237817494
0.27122915309907397
0.5484893960415664
0.2766939434266786
0.4800804145312459
0.25568423138998214
0.5919811988560753
0.2689497975479231
0.8927995016564265
0.21910128266840345
1.0
0.17109324121527872
0.9983011014525589
0.22629328651924013
0.9067870996970299
0.2957357646459212
0.9132995441288896
0.28157827675057345
0.9929778860039075
0.25351813574199406
0.9911657275533029
0.24064897924512274
0.9228700059461453
0.22232918990854264
0.8161791771668037
0.22603845173712378
0.8016819095619676
0.25508961689837756
0.8400770167341512
0.35464507177846377
0.8715632698134048
0.3602089645213354
0.9010108446357281
0.4088682504176462
0.8568394824022428
0.4445875923776086
0.8632952968825217
0.3971458504402981
0.6879123368349526
0.25959169804909804
0.5612877650989613
0.15930005379845397
0.5485460259931478
0.2197666845994846
0.48829175751054743
0.28115355211371273
0.3651782427726027
0.3639465413257072
0.23407990486168134
0.409958376985588
0.18152730979414997
0.4295664977206444
0.2042359203782881
0.5088059574709066
0.23679814253758824
0.5066257043350229
0.23175807684684452
0.5357901293994395
0.29710904097177016
0.5693575331993092
0.3768440127983694
0.6119432567885157
0.46229860973468884
0.6159639833507943
0.5217034289435684
0.6206076393804686
0.5083953903219414
0.5745391737690067
0.5017130560353372
0.6358835688195487
0.48364810148087334
0.6920463233003937
0.4535209672395732
0.751875867146134
0.4300195373332957
0.7569442478126684
0.3977970948834843
0.8049098168021072
0.35719341959962647
0.8450746099612088
0.3378259761587905
0.833635359741768
0.3654613925305095
0.8233853385055359
0.39111476059687983
0.7783503695104342
0.4370416513293882
0.7061471812441604
0.44310105614859707
0.6815273097941508
0.4989381884078492
0.681060112693604
0.6016082906249114
0.6621740238412103
0.6062519466545856
0.6044114732281909
0.5896593708412384
0.5914432143160522
0.5419203216581253
0.5711980066257046
0.47730554690375754