0001000000
0.5920834320929127
0.688077743541123
0.5609445366200521
0.781227779094572
0.5925574780753732
0.8516236074899263
0.7112467409338705
0.9213083669115897
0.7349786679307888
0.9412182981749222
0.717024176345105
0.9085091253851616
0.6811448210476414
0.8779331595164724
0.6476653235363826
0.912301493244844
0.6486430433752074
0.954491585683811
0.632051433989097
0.9874377814648008
0.5747511258592081
0.9725053330173022
0.5141028679781936
0.9349371889073246
0.5434640910168286
0.8766295330647075
0.5420715809433515
0.8383503199810375
0.5362052619104053
0.8646598720075837
0.5500414790234652
0.8983171367622657
0.4866378288694003
0.8644228490163535
0.4481512206684047
0.7908272102393935
0.45600260725290337
0.7396302441336808
0.47674211898554164
0.7032472149798534
0.38717705617444886
0.6618867030101918
0.3667930789286556
0.6469542545626926
0.4094868452239868
0.6308366911590423
0.4650391087935528
0.6109267598957093
0.5202358378762736
0.7139132495852093
0.4896894998814881
0.7327565773880057
0.41049419293671474
0.7303863474757037
0.3342616733823181
0.7252903531642559
0.26511021569092214
0.7623844512917748
0.28599786679307876
0.7057359563877686
0.35366793078928654
0.5881725527376153
0.34880895946906826
0.5027257643991467
0.31085565299834067
0.49691870111400804
0.32543256695899525
0.45259540175396956
0.35159397961602273
0.37651102156909216
0.38726593979616014
0.3135814173974871
0.4074721497985306
0.27945010666034614
0.39251007347712696
0.24460772694951421
0.36593387058544674
0.1894998814885039
0.3382318084854233
0.21296515762028867
0.3353579047167575
0.21948328987911842
0.3998874140791658
0.22991230149324476
0.4309374259303151
0.2613178478312393
0.4508473571936472
0.23844512917753014
0.4509658686892627
0.15797582365489476
0.4335150509599425
0.06008532827684278
0.4178419056648496
0.0
0.40350201469542535
0.07904716757525491
0.4520621000237021
0.25290353164256946
0.39221379473808976
0.33680967053804217
0.4110274946669828
0.3715335387532588
0.5376273998577862
0.5948091964920597
0.523050485897132
0.6827447262384451
0.49155605593742596
0.6213557715098366
0.5958757999525951
0.6482578810144585
0.6756636643754447
0.6911590424271146
0.5834320929130127
0.6727897606067786
0.48560085328276825
0.6897369044797349
0.4589061388954727
0.736430433752073
0.44056648494904016
0.8362171130599662
0.4561507466224222
0.8500829580469295
0.4268191514576913
0.8637117800426635
0.37289642095283215
0.8528087224460766
0.3391799004503437
0.8439203602749464
0.33796515762028895
0.8586157857312157
0.3570455084143159
0.8518606304811556
0.3518013747333489
0.875088883621711
0.32211424508177317
0.9185826025124434
0.3094038871770562
0.8913249585209763
0.2732282531405547
0.8648968949988151
0.2995970609149088
0.8519791419767706
0.28490163545863956
0.843801848779331
0.13933989096942406
0.9421663901398424
0.19489215453899025
0.9927707987674792
0.2249644465513152
1.0
0.23219364778383472
0.9704906375918461
0.24697795686181548
0.9120644702536138
0.197766058307656
0.831950699217823
0.21127636880777428
0.7756577388006636
0.1868037449632612
0.818677411708936
0.22760132732875102
0.8716520502488738
0.2873607489926521
0.7979378999762967
0.40255392273050455
0.6947143872955668
0.4745496563166625
0.6225408864659868
0.3899620763214031
0.6307181796634271
0.4243007821758709
0.768428537568144
0.36474875562929643
0.8538753259066119
0.2879829343446315
0.8759184640910161
0.33183218772220907
0.8227068025598481
0.3705558189144347
0.7672434226119924