0001000000
0.3226942071542983
0.42772290443139416
0.2728910838227448
0.35564602242391896
0.2325814201815271
0.32614789108382286
0.2608449012279769
0.3593166043780038
0.2714895888948218
0.4289909236518958
0.30452482648158086
0.4651628403630541
0.31478577148958925
0.36485584623598577
0.3538774693005878
0.3164041644420719
0.36020088093966957
0.28143352909770497
0.32658168713294217
0.28336892685531284
0.2929458088627875
0.26101174586225323
0.36267018152696234
0.2619460758142023
0.41792912439935964
0.23204751735184237
0.42975840896956813
0.32327816337426624
0.3657401227976513
0.3502402562733585
0.3674419380672719
0.3954885210891621
0.39628937533368996
0.40856914041644465
0.37521689802456
0.45995728777362577
0.4170114789108387
0.48398291510945074
0.4751067805659376
0.4555525894287245
0.5087426588360924
0.38607848371596415
0.5156833956219972
0.4546182594767758
0.4594734383342238
0.42845702082221093
0.4395688734650298
0.34850507207688214
0.4113053924185804
0.37406567004805175
0.37172984516817975
0.5199546182594774
0.5019520822210363
0.5897624132407906
0.46931727175654087
0.5313000533902832
0.27639482114255254
0.3620528563801394
0.14070008008542476
0.25674052322477336
0.16127202349172481
0.27209022957821727
0.2638981580352381
0.30672717565403135
0.2685531233315543
0.4540843566470907
0.2667678857447948
0.5490523224773095
0.25193539775760854
0.6494260544580888
0.3315036038441007
0.6971436198611861
0.42128270154831865
0.6263347570742128
0.40196209289909285
0.45094767752269166
0.34239855846236045
0.4016284036305398
0.3284336625734121
0.3844767752269093
0.32414575547250435
0.3318206086492263
0.2549052322477313
0.03643886812600142
0.30319006940736826
0.19113721302722958
0.3476875333689272
0.49292578750667443
0.3796049119060337
0.3642552055525899
0.3424819807794985
0.06767218366257376
0.3073611852642824
0.04664975974372687
0.3057261078483721
0.162907100907635
0.32948478376935436
0.2967164975974374
0.286322076882008
0.24065670048051271
0.3152362520021361
0.18806727175654062
0.32049185798184765
0.27843032568072623
0.28442004805125504
0.515549919914576
0.216731179925254
0.5919647624132411
0.2038340896956758
0.6439535504538183
0.22250400427122305
0.6399492792311805
0.2707721569674323
0.5510544580886283
0.28652229044314
0.5876268019220506
0.26977108916177295
0.6595034703683931
0.24284236518953578
0.6097837693539785
0.28455352375867654
0.5744127068873469
0.2648491724506144
0.5925654030966365
0.3075113454351313
0.5964361986118528
0.38521089161772604
0.5692071542979187
0.33610851575013395
0.5661372130272292
0.2487319807794985
1.0
0.2575413774693011
0.9032968499733058
0.309413374265884
0.8083288841430868
0.3269654297917781
0.7113587827015484
0.4017618793379611
0.6516951414842507
0.4802956486919385
0.6125867592098244
0.32838360918312914
0.3288841430859586
0.30105445808862813
0.27696209289909285
0.323928857447945
0.28997597437266454
0.32087560064068377
0.46316070475173576
0.27217365189535553
0.6304725040042716
0.27254071009076414
0.5613988254137751
0.22292111585691446
0.4317271756540314
0.16661105178857466
0.4321276027762953
0.22767618793379632
0.44233849439402095
0.2955986385477848
0.5323678590496531
0.3317705552589432
0.6062466631073143
0.3922851041110521
0.2942471970101447
0.4089862520021362
0.2914442071542983
0.3840096102509348
0.3006540309663646
0.4419714361986124
0.4253870795515222
0.337076214628938
0.439468766684464
0.18531433529097735
0.23218099305926312
0.1625400427122269
0.03850774159103066
0.198778697277096
0.0