0001000000
0.6171499858770361
0.0
0.6532106204688826
0.025609641276715923
0.7135392147632053
0.09095188776951325
0.7337821297429623
0.2198474719894547
0.7303220035778176
0.40815365784766044
0.7347471989454855
0.559834290556445
0.7321815271631675
0.5085208549100837
0.7190236324263253
0.562564730251389
0.702688070803126
0.64428961491385
0.6931786084172865
0.6921193861218342
0.6834102250258924
0.7342058186611431
0.6656388287355242
0.7332642877318523
0.6693107993597591
0.6663214386592603
0.6486912720082856
0.6035213256755481
0.625411919781565
0.5010827605686847
0.6394642689012338
0.4227473872516714
0.6837868373976086
0.33452593917710216
0.7132567554844181
0.25091799265605874
0.7354768854156861
0.19452028999152635
0.7486818566989928
0.16316731004613508
0.7946991808680917
0.13350908577346757
0.8007485170887865
0.09132850014122941
0.7783165426984274
0.04585255625647291
0.7584502400903872
0.01101591187270501
0.7259674230298465
0.016665097448451086
0.706265888334432
0.04293381037567047
0.6821391582713493
0.07673477073721859
0.6805856322380194
0.11599661048865448
0.7245080500894454
0.4183221918840034
0.8216740419922796
0.48451181621316236
0.9216410884097547
0.57819414367762
0.9399067884380006
0.5774409189341871
0.9184163449769329
0.5463703982675833
0.9011627906976748
0.5650127106675457
0.8766594482628756
0.6654740608228984
0.7851426419357878
0.6892947933339613
0.7702899915262217
0.7067131155258455
0.7342058186611434
0.803690801242821
0.7234723660672255
0.9528293004425196
0.7125976838339141
0.8864513699275025
0.691060163826382
0.6040862442331231
0.6754542886733832
0.5144524997646175
0.6448545334714247
0.37924865831842575
0.6225873269936921
0.42293569343752957
0.6038508615008005
0.44741549759909627
0.5897749741078995
0.49420958478486027
0.6334620092270031
0.5528669616796912
0.6987101026268716
0.6754542886733832
0.7645701911307787
0.7158459655399679
0.6876471142077022
0.7246022031823748
0.6465728274173809
0.7381602485641657
0.6818331607193298
0.8492608982205063
0.7029940683551459
0.9208172488466246
0.7347942754919502
0.9121551642971468
0.7092552490349311
0.8691272008285473
0.7277798700687319
0.8262875435458052
0.7177290273985503
0.7159401186328971
0.7419969871010262
0.646549289144148
0.7399256190565863
0.5998493550513134
0.6884709537708315
0.5812070426513513
0.6997693249223238
0.5486300724978818
0.7059834290556448
0.542227662178703
0.6810799359758968
0.5202899915262217
0.7096083231334153
0.4762263440354015
0.6898126353450712
0.48394689765558807
0.7294746257414555
0.5505131343564633
0.7783871575181246
0.5712268148008665
0.7996186799736376
0.6457019113077864
0.8176254589963285
0.7791168439883251
0.8205912814235949
0.8373034554185109
0.8370916109594201
0.8351379342811416
0.8483899821109128
0.7343941248470015
0.8309481216457966
0.6646266829865359
0.7794699180868097
0.6596365690612939
0.8076687694190755
0.6255531494209585
0.8084455324357407
0.5247151868938897
0.7472930985782885
0.52885792298277
0.692966763958196
0.46426890123340564
0.6272008285472179
0.4847001223990209
0.6242114678467191
0.46822333113642794
0.5029893607004993
0.5909989643159778
0.4358817437152813
0.7379719423783074
0.4623858393748236
0.81536578476603
0.4507343941248471
1.0
0.39727897561434894
0.8119762734205817
0.41330853968552866
0.5850673194614445
0.4599849355051313
0.4540062141041333
0.36670275868562285
0.4388475661425479
0.33391394407306285
0.5476885415685904
0.39372469635627544
0.5622822709726013