0001000000
0.2526191111704258
0.4558254370746029
0.21973842252769238
0.34312024556252474
0.2039570265581209
0.3523955691979181
0.1966835713332445
0.43206993193647414
0.17486320565861485
0.4675030028026159
0.1766648872280797
0.4420125450420393
0.17414586947817978
0.44661684238622723
0.1471706926464701
0.4469504871213132
0.14161550780728688
0.4232617109302015
0.1950820766048313
0.4624316028293075
0.26162751901774994
0.5356999866542105
0.29163886293874286
0.5751367943413851
0.3317763245695984
0.6209128519951953
0.3561824369411451
0.6550113439209928
0.3802549045776058
0.6165087414920595
0.4065294274656346
0.6103696783664756
0.4691211797677833
0.5810756706259178
0.49886560790070744
0.6036300547177363
0.47012211397304154
0.6098358467903374
0.4469171226478047
0.5683971706926465
0.4208427866008275
0.5884825837448283
0.4132857333511277
0.5811423995729346
0.39415120779394114
0.5565194181235823
0.3874783130922194
0.5038035499799814
0.3781362605098093
0.39256639530228216
0.42259442146002957
0.3504604297344187
0.4618143600693983
0.3272387561724276
0.44474843186974505
0.2898038168957695
0.4477679167222742
0.3461230481782998
0.3833744828506609
0.4147871346590152
0.25176831709595626
0.4527559055118111
0.21621847057253446
0.3445882823969037
0.18085212865341
0.30461764313359146
0.14253303082877358
0.2389563592686508
0.16755638596022945
0.12778593353796885
0.16251835046043003
0.10643267049245975
0.11258841585479792
0.09342052582410262
0.13202322167356195
0.04884558921660235
0.19174562925397062
0.0010009342052582399
0.21169758441211808
0.004604297344188025
0.26961831042306156
0.0
0.23877285466435358
0.028960363005471737
0.24536233818230366
0.10396369945282238
0.2358534632323504
0.1557453623381826
0.2794608301081009
0.16308554651007612
0.3226511410649941
0.15040704657680495
0.26291205124783135
0.10643267049245975
0.31989857200053395
0.0912184705725345
0.36829374082476957
0.05411717603096204
0.2903209662351528
0.015681302549045758
0.2793941011610837
0.6014279994661687
0.29961297210730015
1.0
0.34635659949285985
0.46109702388896295
0.3428700120112103
0.19017749899906594
0.4040938208995061
0.12518350460429756
0.4145535833444548
0.16141732283464572
0.3399673028159615
0.189310022687842
0.32552048578673426
0.21500066728947004
0.3968704123848927
0.21006272521019606
0.40249232617109304
0.14360069398104905
0.41650540504470823
0.1474709729080477
0.4080308287735219
0.17282797277458978
0.3646903776858402
0.12151341251835068
0.3276224476177767
0.057520352328840424
0.3413686107033232
0.012011210463099121
0.32121646870412396
0.12264780461764323
0.3528626718270386
0.3361137061257174
0.36762645135459765
0.3856265848124918
0.3176798345122116
0.4359402108634727
0.3893467236087015
0.5625917523021482
0.3881456025623917
0.5724676364606966
0.3837248098225009
0.5808754837848659
0.3912651808354464
0.6093687441612167
0.3889296676898436
0.6424663018817562
0.3502936073668758
0.6447350860803416
0.3391331909782463
0.6303883624716404
0.33391165087414915
0.6021620178833573
0.3702121980515149
0.616041638862939
0.37231415988255695
0.6103029494194576
0.30748698785533163
0.5880822100627248
0.2422928066195115
0.6123715467769913
0.24162551714933944
0.6490724676364609
0.21289870545842784
0.5344321366608833
0.1759975977579073
0.3042172694514879
0.1638529294007741
0.11684238622714543
0.16914119845188857
0.03349793140264243
0.14346723608701462
0.026691578806886274
0.12488322434271996
0.003336447350860678
0.09762444948618723
0.03930334979314034
0.0942212731883091
0.08074202589083158