0001000000
0.2472571890518536
0.18246910728721566
0.2528500486694274
0.16055961592397666
0.2920330622143764
0.14386352762608673
0.30102453269100693
0.10057248445053035
0.3113523501559071
0.041773216966657346
0.2893108739049379
0.02619900021447546
0.2600432250507317
0.04322505073169122
0.25181066767855076
0.057149456387243676
0.28236516918812793
0.07140382426212195
0.24945143781037074
0.09780080180819291
0.2587233761734281
0.1387821094484682
0.30808572418458086
0.14346757296289572
0.3188589906455711
0.113045056341049
0.342170821440945
0.0974048471450019
0.3631729167010378
0.05147410621483839
0.4186395657697194
0.032006335274611004
0.42098229752693306
0.03708775345222969
0.42080081830630384
0.02342731757213792
0.38335010641281575
0.0029696599739329815
0.3621665319320938
0.0
0.36442677313447597
0.01722402784881131
0.41680827545246074
0.07523138600630228
0.4597198620757923
0.13231484994968082
0.4961971854222692
0.1672248527543595
0.533185950208701
0.20167290845198227
0.4789896556844242
0.2505073169122135
0.4440961509907116
0.2947882467457476
0.48547341329417776
0.3081187204065133
0.42515631960140554
0.25974625905333837
0.4145150380281457
0.27862009799877924
0.5209278537607444
0.28337155395707186
0.6504215267351888
0.25869037995149535
0.7011367198455777
0.2863412139310048
0.7265603088446372
0.34368864764984425
0.6102321284212957
0.37384719449623016
0.5110949796248329
0.3731872700575783
0.4783297312457723
0.33682543348786564
0.49339250655799916
0.30442314355006345
0.5386633230495107
0.30072756669361367
0.5052216521208321
0.28673716859419596
0.4538300364608252
0.3155098741194132
0.40748684275650443
0.40130005114414397
0.38254169897546725
0.4536320591292297
0.40743734842360546
0.5205483972085196
0.41388810981142665
0.5528846947024566
0.42108128619273083
0.5008826489366968
0.43592958606239585
0.4306006962202828
0.4024219226898521
0.3519377031329913
0.3365779618233712
0.39826439872634584
0.382195238645175
0.4604292808473431
0.41126491016778594
0.5053701351195287
0.37915958622737683
0.47976506689983994
0.3818322802039166
0.5357266592975103
0.39214359955785055
0.5960437529902828
0.3962186329665253
0.5543365284674906
0.36069820005609354
0.637157045518288
0.3205088017422005
0.6044907858050254
0.34391962120337227
0.3948987840892218
0.3533400425651262
0.31564185900714353
0.39458531998086216
0.3200633527461105
0.383647072410209
0.3209872469602231
0.4783462293567386
0.3134641083595929
0.577070925379044
0.289376866348803
0.46595614802105156
0.3068648639730751
0.45237820269579143
0.3611766452741162
0.46721000445448996
0.4010360813686834
0.44536650553511625
0.4364080312804183
0.3835480837444112
0.3793905597809051
0.4424793361160146
0.3260026726939766
0.5303812713444311
0.34870407338359743
0.5205318990975534
0.26918317852605883
0.5260422681602956
0.2080081830630393
0.5702902017718972
0.21632323099005166
0.5754376123933809
0.27670631712668897
0.703677428934387
0.36269447148301515
0.8657218748453301
0.4335703561942158
1.0
0.5398841832610166
0.9439229208255654
0.6607823404220218
0.908699453912527
0.6735848745318663
0.859881543563262
0.6305578011317704
0.8642700410802961
0.574332238958639
0.7734314420998796
0.54859518585122
0.6736178707537985
0.42769702869021475
0.6079388909969808
0.2754524606932505
0.6369755662976591
0.3120122745945588
0.6270272053849834
0.2906967152261066
0.5930575949053833
0.34606437562899045
0.6172273274710045
0.40189398313893054
0.6877402537409466
0.5320310824410607
0.7286225727154242
0.6807780509131705