0001000000
0.34802158273381323
0.10991207034372488
0.8087529976019187
0.4821476152411408
0.6620037303490542
0.31801225686117807
0.6020183852917669
0.2809752198241413
0.5509925393018921
0.26938449240607554
0.5420996536104451
0.17399413802291552
0.5270783373301364
0.13815614175326388
0.49870103916866493
0.20436983746336312
0.5083599786837201
0.3144151345590198
0.5892619237942982
0.581667998934186
0.6262323474553693
0.4914734878763657
0.6425193178790305
0.3242739142019716
0.6137423394617639
0.3899547029043434
0.6390887290167868
0.40474287236877216
0.7262856381561419
0.36530775379696245
0.8046895816679992
0.451105782041034
0.7432054356514791
0.5227817745803358
0.6774247268851584
0.8731681321609384
0.726851851851852
0.6999733546496133
0.810318411937117
0.5683453237410078
0.7698507860378366
0.5538236077804422
0.7249866773248071
0.6207034372501996
0.7493338662403412
0.7159605648814283
0.8042565947242208
0.9259259259259263
0.6877498001598725
1.0
0.6157407407407405
0.9690913935518259
0.6083133493205438
0.7280841993072212
0.6175059952038372
0.344391153743672
0.5061284305888626
0.23541167066346944
0.40977218225419687
0.2319477751132427
0.3897548627764458
0.2950972555289103
0.5135891286970428
0.38755662136957125
0.7100985877964296
0.5282440714095387
0.7816746602717828
0.6260325073274718
0.8401278976818545
0.6773248068212101
0.8806621369571012
0.6882494004796169
0.8532840394351188
0.7218225419664267
0.728717026378897
0.7316813216093797
0.4705568878230748
0.7708499866773248
0.3836264321875835
0.7773780975219827
0.500099920063949
0.7583266719957366
0.4537037037037041
0.7368771649347192
0.46572741806554774
0.6909139355182512
0.5375699440447645
0.6703970157207569
0.651978417266187
0.6453503863575804
0.7174926725286439
0.596589395150546
0.6571742605915267
0.5618172128963493
0.6392885691446842
0.5582200905941913
0.662669864108713
0.5587529976019185
0.6185051958433255
0.5843325339728215
0.6843858246735945
0.6253663735678131
0.6711630695443647
0.6254996003197437
0.5782374100719425
0.5791366906474823
0.5464961364241943
0.523181454836131
0.5201838529176662
0.48587796429523084
0.5805022648547834
0.4621636024513724
0.4750532907007731
0.44431121769251286
0.40367705835331735
0.40327737809752223
0.46229682920330445
0.41833200106581425
0.590560884625633
0.5267785771382895
0.4887090327737811
0.544364508393285
0.38585798028244095
0.5913935518252068
0.2962629896083132
0.5851318944844127
0.336730615507594
0.5382360778044227
0.4345523581135096
0.5091926458832935
0.5127897681854517
0.4852118305355717
0.46249666933120187
0.4929389821476154
0.44637623234745555
0.7271516120436985
0.5294764188649081
0.769650945909938
0.5731081801225686
0.6549427124966698
0.5423328004263261
0.41673328004263305
0.64884758859579
0.14561683986144425
0.6373900879296567
0.12136957100985887
0.6095790034638958
0.11430855315747364
0.49716893152144964
0.22049027444710873
0.46616040500932604
0.5614175326405543
0.46129762856381556
0.3509192645883296
0.44874100719424453
0.17599253930189232
0.4269251265654148
0.0680788702371439
0.39395150546229707
0.17292832400746097
0.4068411937116975
0.17119637623234749
0.4608313349320545
0.2511324273914206
0.44031441513455943
0.46416200373034944
0.3231081801225687
0.21516120436983768
0.2475353050892621
0.06648014921396257
0.23677724487077048
0.03956834532374132
0.30732081001865186
0.0508926192379434
0.4305555555555555
0.12017053024247303
0.5617505995203838
0.39448441247002447
0.011091127098321694
0.0