0001000000
0.0002957218899914491
0.0
0.09604389827166972
0.09279095748176372
0.17881316948150075
0.1717815600972595
0.5206348163238478
0.4769665505684427
0.9917197870802393
0.8911086285075902
0.9998685680488927
0.8982059538673851
0.9998357100611157
0.8980745219162776
0.9998357100611157
0.8980745219162776
0.9998357100611157
0.8980745219162776
0.9998357100611157
0.8980745219162776
0.515944338568706
0.5023657751199315
0.23933758296641908
0.279391470066373
0.2702569494644147
0.29920483669580067
0.2742656239731879
0.30209633962016164
0.2781264375369652
0.3038049549845567
0.2820036800946309
0.30561214431228223
0.2880002628639021
0.3074850496155615
0.2954754550831306
0.3090622330288492
0.2992212656896891
0.3112637182098968
0.31030262206742454
0.3139909311953736
0.323092593809555
0.31688243411973444
0.337090096602484
0.31987251100742575
0.3454770979825194
0.3448117237300385
0.34992114082933556
0.4541631070513242
0.3519911940592757
0.516494709863968
0.3526647828087007
0.524873496747059
0.35705132417690727
0.5226062955904579
0.3566816718144179
0.530820792534665
0.35670631530525065
0.5686731944535713
0.35286193073536176
0.5704803837812971
0.35677203128080426
0.5427811000854308
0.3525004928698166
0.5251363606492737
0.35236906091870934
0.48554248537819533
0.3706134586317933
0.43132680554642816
0.39009824538345267
0.39784451600184
0.38625386081356367
0.3675165932838271
0.37822008280212904
0.3471446408621934
0.3575031215088387
0.3397187356246303
0.35398731681671813
0.33597292501807186
0.3657833344285995
0.33281855819149625
0.3697427219557073
0.33018991916935
0.35641059341525927
0.3272327002694354
0.34402313202339485
0.32480120917395017
0.336810803706381
0.3235197476506538
0.3431359663534204
0.3214168364329368
0.35131760530985084
0.3171781560097259
0.3536587369389498
0.3150752447920089
0.3535601629756193
0.315798120523099
0.3514572517579022
0.31862390747190644
0.3386837090096601
0.32562265886837083
0.32370868108037054
0.3377143983702437
0.34224058618650177
0.3495761319576787
0.3386590655188275
0.3646250903594664
0.3204639547874088
0.37533679437471246
0.3115758690937766
0.37760399553131363
0.3359236380364066
0.3784583032135112
0.35472662154169665
0.3801997765656828
0.36515903266083977
0.37770256949464387
0.3495104159821252
0.37760399553131363
0.3528455017414733
0.38151409607675624
0.3610928566734573
0.3881185516198988
0.33267891174344466
0.39649733850299
0.28060721561411567
0.40178747453505936
0.254279752907932
0.41519353354800537
0.24760958138923567
0.4417756456594598
0.24250837878688303
0.511631727672997
0.24866925149503838
0.5807977919432215
0.263208911086285
0.5500427153841099
0.2732305973582177
0.5088059407241898
0.26307747913517776
0.5067030295064727
0.25096109614247214
0.5251035026614966
0.24655812578037714
0.5067687454820267
0.2505750147860944
0.4733850299007688
0.24548202668068597
0.48255240849050396
0.23734967470592097
0.49139120720247087
0.2345731747387789
0.4817638167838601
0.24199907997634226
0.48715252677926
0.2605638430702504
0.48373529605046983
0.2822090425182361
0.47078924886639933
0.8000427153841098
0.7723598606821316
0.9998357100611157
0.8980745219162776
0.9998357100611157
0.8980745219162776
0.9998357100611157
0.8980745219162776
0.9998357100611157
0.8980745219162776
0.9998357100611157
0.8980745219162776
1.0
0.8992574094762437
0.7236314648090945
0.6545311165144243
0.17473877899717408
0.16810146546625476
0.09604389827166972
0.09279095748176372
0.0002957218899914491
0.0