0001000000
0.6239680490952926
0.5496919367800697
0.5803277890071354
0.5696612522221952
0.5419477388403185
0.5387818717580304
0.5323527262986144
0.4418576333925918
0.5326206073594234
0.32856829749409455
0.564547159243114
0.2893115456737209
0.5727540608333538
0.24128777731777984
0.5230255948177192
0.19102354918052744
0.4838906071158952
0.15527360397438086
0.4264666488079293
0.13160265932834908
0.3732800818254877
0.18839344421985726
0.322017387916129
0.2684655285780386
0.35518593380902513
0.46046319070696223
0.41845456980736917
0.5614787034556658
0.4078854443172686
0.5879745756520469
0.3603000267881061
0.6392129167376959
0.3178043494143146
0.7221099286462263
0.3029004213038502
0.8426077003628568
0.3140296617392786
0.7475342765993719
0.3356306163699681
0.4755619414071059
0.33709178579256266
0.2855125051749752
0.3287144144363539
0.2777196015878042
0.32671748289214136
0.4085429705574361
0.3338041545917249
0.5483281786523146
0.35243406472980543
0.6184643109368533
0.4255412415069529
0.6981467501156755
0.412317658232472
0.7676984146311764
0.44210116162969093
0.7911745366875286
0.4194286827557655
0.7869858510094244
0.42193702359788615
0.7492876799064851
0.52818839344422
0.7642890193117893
0.6269877992353213
0.780361882960329
0.6839977595402188
0.7049655407544502
0.7054769500523587
0.6146652704381073
0.7018727321432919
0.6514867398874903
0.6620315125538807
0.6586951757056232
0.6341475294060348
0.6034629715315489
0.6621289238487204
0.5946959549959819
0.6923264252490077
0.5886564547159243
0.7422740666780315
0.6377517473151013
0.7215498137008987
0.7228892190049433
0.7311448262426029
0.7700362857073277
0.7554732971288023
0.7912719479823688
0.7163139566032682
0.6862625721452403
0.69166889900884
0.6424274894674039
0.6835350558897305
0.5994691084431242
0.6740861602902859
0.5168643304191124
0.7187979446216788
0.486082361249787
0.798407325329372
0.40678956725032284
0.8482332026398459
0.4288045198840807
0.891167230840416
0.3914959939604998
0.8557338723424982
0.28210310985558773
0.8602878503762512
0.23018288970606138
0.9011762413851887
0.31200837737135634
0.8860044322139153
0.3211650390862822
0.8742663711857391
0.2579451087353579
0.8165258261695444
0.2114799210968512
0.8745098994228382
0.16842412877773186
0.9762316440591287
0.12566057034313127
0.9666366315174245
0.16608625770158036
0.9547768063706987
0.3137617806784697
0.8532011786766676
0.27557655310133206
0.7825292842705112
0.21040839685361507
0.7070111779460829
0.214694493826559
0.6823904731753646
0.11971848135791344
0.7425419477388404
0.02980785622092877
0.8116065557801427
0.0
0.8396123030465382
0.015293573289822941
0.8704429778632835
0.08192289896013444
0.9182475708058352
0.16491732216350488
0.8577064510630007
0.23865767235710977
0.8456518033265958
0.2881426101356453
0.8781384701556146
0.31668411952365855
0.8133356062635464
0.32213915203467836
0.7669191242724595
0.3470764435136255
0.7696953461753893
0.37142926722353464
0.8078805737525266
0.39889925236831214
0.8573411587073524
0.43854564936804435
0.8504493095974479
0.5008888780654116
0.8798918734627281
0.5925529065095094
0.8499866059469595
0.6446679492487154
0.794121228356428
0.6449601831332342
0.7307795338869543
0.6455446509022719
0.6334412975184475
0.6575262401675476
0.5882911623602757
0.6457394734919515
0.6314443659742348
0.6246012225117504
0.6981954557630958
0.6157367946813435
0.8297737622677349
0.6856781043762021
0.9444512091176974
0.7570805834936563
1.0
0.7468523975354942