0001000000
0.49048846615405123
0.10836037157206949
0.530556913640606
0.14471754300191125
0.5942708564825101
0.2245433130361349
0.6639850660029332
0.4139739543979733
0.6833637050535578
0.4657984799324412
0.6413618383039243
0.4629539090626245
0.6445397573225472
0.5475798924396639
0.6152717898573268
0.5740699586648292
0.6002044535312681
0.33672607671452043
0.6297168763056131
0.42553002355660235
0.7430330236899412
0.6254500200008882
0.7320992044090848
0.4987777234543755
0.7288990621805408
0.4727321214276191
0.6833414818436372
0.43753055691363996
0.7139206186941638
0.4265967376327837
0.7253433485932704
0.3342370772034312
0.7466554069069733
0.2514778434597091
0.771234277078981
0.28223476598959957
0.7865682919240852
0.2599226632294766
0.799568869727543
0.3172585448242144
0.795279790212898
0.347482110316014
0.818369705320236
0.0
0.7656784745988707
0.005422463220587494
0.8113471709853767
0.06364727321214268
0.8574825547802123
0.08667051868971935
0.8681941419618648
0.13013911729410155
0.8388595048668829
0.08275923374372192
0.8157695897595445
0.18143028579047943
0.7541224054402415
0.38926174496644284
0.7278990177341214
0.3540601804524642
0.711253833503711
0.4052624561091603
0.7119871994310853
0.5252677896795407
0.6749188852837904
0.5370016445175336
0.7154095737588334
0.46695408684830386
0.7061869416418503
0.5592248544379746
0.7100093337481664
0.4897106538068355
0.6113827281212496
0.3521934308191473
0.5114449531090268
0.30045779812436096
0.5273123249922218
0.41992977465665077
0.48651051157829217
0.46126494510867116
0.42935241566291804
0.1464953997955462
0.41737410551580056
0.15902929019067502
0.4239299524423306
0.33254811324947775
0.37119427530112425
0.3263256144717541
0.376727854571314
0.216542957464776
0.38586159384861524
0.3438375038890617
0.41328503489043944
0.3415262900573357
0.40504022400995554
0.4909551535623802
0.4871327614560645
0.2989466198497706
0.4834881550291122
0.4387750566691853
0.35359349304413507
0.4753100137783901
0.32992577447886523
0.37681674741099597
0.37194986443841926
0.2780568025245564
0.41926307835903787
0.3663273923285479
0.47226543401928955
0.4488199475532246
0.4706209164851769
0.3729943553046801
0.48144361971643146
0.32241432952575655
0.5060447130983596
0.41450731143606323
0.510200453353482
0.4828659051513397
0.5436019378639046
0.5239343970843142
0.48144361971643146
0.4569091959642652
0.5047335437130538
0.37032757011422723
0.559180408018134
0.384639317302991
0.6008711498288809
0.3312147206542513
0.6666296279834659
0.36606071380950256
0.6237166096270944
0.41112938352815653
0.6513400595582023
0.43273034357082507
0.6458953731276943
0.5238455042446325
0.6332281434730428
0.7033201475621135
0.6097826570069779
0.7947908795946486
0.6947642117427438
0.7718565269567533
0.6884750433352592
0.7593226365616249
0.7681896973198805
0.7208320369794211
0.6864082848126578
0.5577136761633844
0.6645850926707852
0.5887372772123202
0.6824747766567402
0.5842926352282322
0.6923863282812569
0.7765678474598867
0.7099426641184049
0.7836792746344281
0.727543446375394
0.7745233121472065
0.7789235077114535
0.8225254455753588
0.878839059513756
0.8643939730654694
0.8411262722787678
0.8592381883639272
0.8968176363393927
0.9480421352060086
1.0
0.942619671985421
0.9609760433797052
0.8413707275878927
0.8895950931152494
0.872305435797146
0.8476598959953777
0.7674118849726651
0.9118627494555311
0.8206586959420414
0.9157295879816881
0.8334592648562157
0.9113293924174406
0.8564825103337925