0001000000
0.832801359641851
0.9756259326811481
0.6292281545349032
0.8409882274912953
0.6669913778809488
0.8421488973636212
0.6160877134803517
0.7806333941303264
0.5465511523793736
0.7444868181064501
0.4892016249378215
0.7424970983253196
0.4439976786602556
0.7167965511523795
0.4598118056707016
0.7102470568728243
0.4867144752114078
0.7303929696567738
0.5023213397446527
0.763306251036313
0.4915851434256343
0.7867683634554806
0.49291162327972166
0.8197645498259001
0.4820510694743823
0.7972143923064171
0.4814292820427792
0.6876968993533412
0.49832117393467096
0.5697230973304597
0.5384264632730891
0.5457635549660091
0.5298872492124028
0.5077101641518822
0.5951956557784782
0.5760238766373739
0.6354667550986572
0.8272259990051406
0.6069059857403417
0.9806831371248556
0.5330998176090205
1.0
0.4960827391808989
0.9842480517327149
0.48951251865362316
0.9633559940308407
0.4953987730061352
0.9343392472226831
0.5437323826894381
0.880616813132151
0.5921488973636218
0.8894047421654787
0.6311764218205941
0.8877466423478697
0.6720693085723763
0.8519316862875149
0.6607735035649149
0.8780467584148571
0.6519855745315871
0.843392472226828
0.6485035649146081
0.8266456640689774
0.638741502238435
0.7810479190847295
0.5974755430276905
0.686370419499254
0.5575360636710331
0.6847952246725256
0.5577640523959543
0.5649146078593935
0.5835475045597749
0.48565743657768223
0.570220527275742
0.42364450339910475
0.5765420328303765
0.3549991709500913
0.5733709169291995
0.360056375393799
0.5304468579008457
0.3080749461117558
0.5052644669209089
0.2382689437904163
0.5225294312717629
0.2110761067816284
0.5467998673520148
0.22599900514010948
0.5241046260984915
0.33311225335765243
0.5456184712319685
0.3538385010777649
0.5387995357320514
0.3343558282208589
0.49181313215055583
0.3848449676670535
0.38521804012601574
0.45290996517990406
0.3678494445365612
0.5698060023213396
0.38517658763057566
0.5920245398773006
0.4100066323992707
0.5162493782125688
0.43164483501906825
0.44503399104626107
0.478631238600564
0.35358978610512337
0.4412410877134805
0.3274747139777816
0.40484579671696247
0.3216713646161499
0.3026446692090864
0.2982092521969823
0.27771099320179077
0.309401425965843
0.272923229978445
0.2590780965014095
0.3297753274747141
0.23047587464765398
0.3893840159177584
0.20402918255678998
0.3592687779804347
0.21074448681810634
0.3116813132150557
0.20618471231968177
0.2507668711656442
0.15445199801028037
0.1728361797380203
0.12112419167633887
0.129041618305422
0.08041784115403729
0.07268695075443539
0.10984911291659745
0.06503896534571386
0.06781628254020888
0.10429447852760738
0.05612667882606538
0.1329588791245234
0.11639860719615301
0.18504393964516663
0.10885425302603197
0.2312634720610182
0.058945448516000636
0.28641601724423826
0.0
0.2950588625435253
0.0004974299452827058
0.26457055214723935
0.016000663239927035
0.2461656441717791
0.05007461449179238
0.22618554136959057
0.06151550323329454
0.221853755596087
0.0878792903332781
0.22309733045929378
0.19341734372409233
0.24144005969159354
0.22981263472061036
0.2850895373901509
0.25269441220361494
0.34488476206267615
0.2765710495771844
0.42090863870004985
0.2501243574863207
0.4049494279555632
0.29315204775327475
0.32511192173768877
0.3125518156193001
0.25967915768529276
0.282540208920577
0.1976454982589954
0.25020726247720126
0.15486652296468248
0.3031835516498095
0.14232714309401434
0.3004476869507546
0.09486403581495602
0.2943127176256009
0.084749626927541
0.2805504891394462