0001000000
0.6797892720306514
0.4463601532567044
0.6625478927203065
0.5747126436781609
0.6732758620689652
0.6430395913154529
0.6767560664112386
0.6607918263090679
0.6915708812260535
0.6681992337164745
0.6681353767560663
0.6914431673052364
0.6686781609195399
0.6872286079182627
0.6766922094508295
0.6983397190293741
0.6545338441890165
0.6775223499361427
0.6721583652618134
0.6390804597701144
0.6504469987228605
0.5928480204342266
0.6144316730523627
0.5524904214559387
0.5636653895274583
0.5195402298850575
0.5402298850574708
0.5186462324393357
0.5342273307790547
0.5601532567049811
0.5515644955300125
0.6255427841634733
0.5957215836526178
0.6699872286079184
0.6206257982120046
0.6694763729246489
0.5131864623243931
0.6669220945083006
0.4563218390804594
0.6461047254150704
0.5440613026819922
0.645338441890166
0.5944125159642398
0.6250319284802041
0.6247126436781604
0.6173690932311618
0.7175925925925927
0.61749680715198
0.6535440613026816
0.6131545338441887
0.6318326947637287
0.605619412515964
0.6854725415070244
0.5985951468710091
0.7146232439335886
0.6366538952745846
0.6174648786717747
0.6928480204342274
0.5334291187739462
0.741507024265645
0.4971583652618136
0.8719029374201787
0.5474457215836523
0.9809706257982114
0.5272349936143037
1.0
0.4249999999999999
0.8968071519795654
0.43128991060025534
0.8707535121328217
0.43952745849297586
0.8121328224776501
0.45980204342273273
0.7427841634738177
0.5070881226053638
0.6578544061302679
0.5179118773946358
0.6646232439335882
0.5230842911877392
0.688888888888889
0.4992337164750954
0.5550446998722859
0.42225415070242645
0.5440613026819926
0.41232439335887605
0.6904214559386965
0.489846743295019
0.6667943805874842
0.5146551724137929
0.5305236270753507
0.48310983397190277
0.5553001277139208
0.5078224776500637
0.6911877394636011
0.5438378033205615
0.8720306513409956
0.5663154533844187
0.8883780332056193
0.5729565772669218
0.7261813537675602
0.5647509578544061
0.707151979565772
0.6200191570881225
0.7407407407407398
0.5318646232439336
0.7561941251596425
0.3692848020434227
0.7602809706257985
0.46673052362707496
0.7629629629629625
0.46998722860791786
0.7902937420178795
0.5199553001277137
0.7911877394636015
0.4802681992337161
0.8102171136653895
0.31401660280970606
0.8349936143039586
0.354501915708812
0.8346104725415068
0.26973180076628334
0.8056194125159643
0.18694125159642394
0.8694763729246484
0.0690932311621965
0.9360153256704982
0.0
0.8879948914431672
0.0019476372924647604
0.8879948914431672
0.012962962962962949
0.8763729246487866
0.08199233716475088
0.8097062579821196
0.153735632183908
0.6282247765006385
0.1534482758620687
0.4445721583652617
0.1494572158365259
0.38339719029374175
0.1402937420178797
0.25287356321839044
0.15673690932311618
0.15887611749680663
0.29910600255427844
0.30446998722860796
0.3537675606641119
0.4367816091954022
0.387228607918263
0.6052362707535112
0.4127713920817366
0.7625798212005106
0.31724137931034463
0.8146871008939977
0.2630906768837802
0.8268199233716472
0.2696998722860788
0.7971902937420181
0.3903895274584929
0.7942528735632179
0.49795657726692166
0.783269476372924
0.6105363984674327
0.7787994891443163
0.6685504469987225
0.7761174968071517
0.6922413793103442
0.766922094508301
0.7801724137931034
0.75095785440613
0.7570242656449548
0.7848020434227329
0.6949233716475092
0.8321839080459772
0.645338441890166
0.8384418901660278
0.6216155810983399
0.7874840357598969
0.6487867177522344
0.706896551724138