0001000000
0.9401390893583512
0.6045925731531293
0.9661461750426447
0.5569347854612247
0.9854612255609493
0.5127411100905389
0.9964571578532997
0.474006035953287
1.0
0.4512268731137639
0.993019288807242
0.4467130297861166
0.9786904605694784
0.4552158509381968
0.9638630101036606
0.464453483794778
0.9446004461356766
0.47421598215457256
0.9277260202073212
0.47768009447578946
0.9082535100380525
0.4754756593622877
0.884398372916939
0.4746358745571448
0.8732712242487853
0.47264138564492814
0.8721427634168739
0.46802256921663793
0.8721165201417127
0.46329877968770394
0.8825875869308484
0.45448103923369565
0.8967851987928087
0.44366880986747154
0.9133184621440753
0.43107203779031594
0.9290119406901979
0.41816034641123223
0.9443904999343912
0.40671827844114883
0.9572234614879934
0.394751344967851
0.9679044744784145
0.386143550715129
0.9724445610812222
0.38057997638105256
0.9723658312557399
0.37249704763154345
0.9676945282771287
0.3671434194987533
0.9591129772995662
0.3638892533788215
0.9472510169269118
0.36378428027817855
0.930717753575646
0.36871801600839765
0.908463456239338
0.38005511087783733
0.8861041858023879
0.39391156016270773
0.8628788872851331
0.40671827844114883
0.8201023487731264
0.42466867865109537
0.6584437737829679
0.44723789528933183
0.4365568822989106
0.467812623015352
0.33990289988190514
0.48796745833879995
0.27080435638367645
0.5027686655294584
0.2177666972838209
0.5143157066001833
0.14286838997506868
0.520404146437475
0.08017320561606076
0.529851725495341
0.09027686655294548
0.5114814328828227
0.12877575121375148
0.5201942002361887
0.10615404802519338
0.5158903031098278
0.02647946463718668
0.529221886891484
0.0
0.5276472903818397
0.04566329877968763
0.5366749770371338
0.10017058128854504
0.5448628788872847
0.14950793859073608
0.5527358614355067
0.239942264794646
0.5579845164676551
0.26776013646503083
0.5606088439837287
0.2392861829156277
0.5677470148274504
0.22671565411363304
0.5749901587718143
0.19294055898176082
0.5828631413200362
0.22123080960503858
0.5906311507676156
0.31880330665267015
0.5950400209946196
0.33827581682193925
0.6001837029261242
0.3337094869439701
0.602598084240912
0.3029786117307439
0.602598084240912
0.2495210602283163
0.592310720377903
0.2280015745965097
0.5838078992258232
0.20002624327516064
0.5753050780737435
0.17110615404802493
0.5680619341293784
0.22674189738879397
0.5631281983991594
0.2684162183440491
0.5641779294055885
0.30673140007872973
0.5613436556882297
0.29723133447054184
0.5585093819708691
0.3210602283164938
0.5525259152342208
0.3589817609237631
0.5418186589686392
0.26644797270699383
0.5152604645059695
0.2765516336438787
0.4631938065870617
0.2835585881117959
0.4574202860516993
0.19149717884791972
0.45374622752919536
0.20740060359532858
0.4486025455976903
0.2138564492848708
0.4301272798845297
0.2231728119669333
0.4372654507282506
0.26618553995538624
0.5326859992127017
0.3456764204172679
0.5638630101036605
0.3954861566723525
0.575724970476315
0.39866159296680204
0.603122949744128
0.4216244587324495
0.5970345099068363
0.4627214276341688
0.6179241569347853
0.491195381183571
0.6291562787035824
0.5142107334995404
0.6183440493373568
0.5297729956698596
0.59504002099462
0.5702401259677199
0.5631281983991594
0.6375278834798581
0.554415431045794
0.6691247867733887
0.4772602020732184
0.6680488124917991
0.40829287495079325
0.7265713161002489
0.35234221230809554
0.7229235008529061
0.3422647946463721
0.6591260989371471
0.353601889515811