0001000000
0.684693346152305
0.23646997556383434
0.6628610343308098
0.2270159836558102
0.6452349477226297
0.2122741657653317
0.6255658374394105
0.20073709089452407
0.599967952569803
0.19496855345911937
0.5801786644233468
0.19096262468453185
0.5718463325722065
0.19032167608059977
0.5489724792693188
0.17702199254897266
0.5240956615791375
0.16660657773504806
0.5105155630332896
0.15202499699555364
0.5142410767936543
0.1521852341465365
0.5273805231742983
0.1585947201858756
0.5321475784160561
0.18823859311781396
0.5407603252814167
0.2204462604654885
0.5447261947682572
0.2869446781236228
0.546568922004567
0.3728317910507549
0.5478107599246882
0.4651283900172255
0.555982854624845
0.5370748708087979
0.573328526218804
0.5660777951368016
0.5994071225413609
0.5385170051676484
0.6326563313704284
0.5258582702399548
0.6537675760124987
0.5665585065897537
0.6711533068942036
0.6077394543925
0.6883788006249245
0.6354604815126383
0.6847734647277973
0.6561310739895035
0.6827304410527583
0.8654007931738974
0.6857348876336975
0.8384809518086775
0.6524456195168846
0.6702319432760487
0.6185154027961385
0.76445138805432
0.5311460962224095
0.842166406281297
0.309618234987782
0.8423266434322805
0.14385290229539682
0.8432880663381807
0.04714978167688147
0.8363978688458921
0.0
0.8195729679926292
0.12410367343668623
0.808035893121821
0.2700797179826141
0.8085166045747701
0.3529223250410606
0.8053118615551005
0.22581420502343455
0.8046709129511679
0.11476985939189994
0.7910507551175747
0.07663341745783755
0.7650923366582549
0.04230260785963194
0.7360894123302489
0.10459480030445023
0.725193286063374
0.2593438288667229
0.7308015863477944
0.27100108160076924
0.7167007170612508
0.21972519328606324
0.553899771662059
0.18158875135200087
0.4095260986259665
0.13059327805151646
0.5688018267035214
0.2688779393502382
0.7844810319272507
0.2772102712013776
0.897287986219605
0.23634979770059675
0.9020951007491087
0.21431718944037162
0.7676561310739902
0.2926731562712816
0.7875255377959381
0.38328726515242567
0.9022553379000922
0.38769378680447036
0.9051396066177956
0.4178984897648517
0.8344750230340894
0.3919000120177864
0.9746825301446135
0.4021551896807272
0.8730921764211033
0.38496975523775223
0.6835316268076761
0.43716700717061224
0.8490566037735856
0.4842366702720023
0.8428073548852296
0.6105436045347116
0.8061130473100183
0.6780435043864916
1.0
0.7284380883707889
0.94904458598726
0.6793254015943604
0.9852581821095221
0.5417618074750633
0.9799703561270693
0.5111565116372234
0.9371870368144843
0.42947562392340666
0.9221247446220406
0.3276048551856749
0.9408724912871055
0.2725233345351118
0.8996915434843575
0.27040019228458073
0.9447181829107084
0.2511316748788208
0.9987181027921329
0.4409726395064696
0.9418339141930046
0.5568240996675076
0.9253294876417103
0.7004366462364301
0.9408724912871055
0.8293073749148747
0.884469014140928
0.6186355806593761
0.8416856948283449
0.3668228978888756
0.8529022953971879
0.3115410807995835
0.836718343147859
0.3629772062652727
0.8452109121499815
0.40111364819933476
0.8097985017826385
0.389856988342747
0.776789648680046
0.36758402435604703
0.7973000040059289
0.375836237631695
0.792813363778391
0.3753955854664905
0.7698994511877586
0.3763169490846451
0.7682970796779223
0.3584104474622445
0.774706565717261
0.39538517005167595
0.7815967632095496
0.7880062492488891
0.7827184232664345
0.5663181508632779
0.7864038777390533
0.31566718743740774
0.7990626126667463