0001000000
0.3970596631458748
0.12366542963174419
0.3869397659149299
0.16808449900085629
0.3802597773337138
0.255952041107622
0.3684127890379674
0.4053097345132743
0.37013988010276905
0.601484441906937
0.3773194404795889
0.7681986868398516
0.3518555523836711
0.8855837853268628
0.33748215815015703
0.9602055381101909
0.37071081929774474
0.9831001998287184
0.39658863831001984
0.9700827861832713
0.4169140736511562
0.9347987439337712
0.38090208392806163
0.8150727947473587
0.3705252640593775
0.6040536682843277
0.40281187553525544
0.429974307736226
0.4633171567228088
0.31869825863545537
0.5329003711104766
0.23534113616899785
0.5659149300599484
0.24892948900942055
0.5962175278332857
0.3776191835569512
0.6002711961176133
0.5831572937482158
0.5843705395375393
0.628889523265772
0.554824436197545
0.5958892377961748
0.594775906365972
0.5828147302312302
0.7006423065943476
0.5753925206965459
0.7085355409648874
0.5213245789323436
0.677804738795318
0.4278047387953182
0.6311590065658007
0.364259206394519
0.6429346274621752
0.23231515843562658
0.6051099057950329
0.19680274050813584
0.549200685127034
0.30648015986297433
0.5307593491293175
0.3672280902083927
0.5195832143876676
0.34770196974022255
0.5110048529831572
0.343362831858407
0.4911361689980016
0.36043391378818157
0.494961461604339
0.3668284327719097
0.4753068798172992
0.3804738795318298
0.4487296602911789
0.3582072509277759
0.46001998287182416
0.3173850984870112
0.474393377105338
0.3996574364830145
0.45605195546674276
0.44852983157293735
0.4564658863831002
0.40473879531829854
0.44666000570939185
0.36248929489009407
0.4560662289466171
0.38024550385383965
0.4405509563231515
0.4203825292606338
0.4284613188695403
0.49797316585783585
0.44016557236654286
0.5023123037396514
0.4320725092777618
0.3775049957179558
0.49580359691692827
0.19668855266914073
0.518255780759349
0.27958892377961736
0.472280902083928
0.3959463317156721
0.3625463888095918
0.3930916357407936
0.32065372537824727
0.3538681130459606
0.30909220667998855
0.2550385383956607
0.330445332572081
0.16237510705109895
0.36631458749643153
0.027804738795318164
0.4557236654296317
0.07427918926634305
0.5257065372537824
0.2560091350271195
0.5090065658007421
0.3206965458178703
0.5110904938624036
0.3528404224950042
0.5441335997716241
0.3351984013702541
0.5821438766771337
0.305224093634028
0.5612903225806452
0.2351127604910077
0.5219954324864401
0.23305737938909502
0.4857265201256065
0.21969740222666267
0.4527690550956321
0.2736511561518699
0.4371681415929203
0.36802740508135884
0.4288324293462745
0.7081358835284043
0.36240365401084773
0.9041393091635742
0.34902940336854127
0.9951470168427062
0.3750071367399371
1.0
0.2815872109620325
0.9165286896945476
0.19704538966600052
0.9109334855837852
0.2064373394233514
0.9355980588067374
0.17390807878960887
0.9120182700542393
0.12770482443619746
0.9741364544675994
0.1477590636597202
0.648187268055952
0.1471881244647445
0.1971453040251213
0.1824436197544961
0.08501284613188692
0.2151441621467313
0.06834142163859537
0.2232372252355124
0.09060805024264906
0.2730088495575221
0.34233514130745074
0.28408506994005134
0.4115329717385099
0.2803311447330858
0.39508992292320855
0.1054952897516414
0.0
0.08210105623751061
0.19177847559234942
0.06801313160148448
0.6196974022266628
0.043277190979160676
0.674050813588353
0.09962888952326572
0.6660576648586927
0.06866971167570647
0.6636026263202969
0.024493291464459034
0.7144162146731372
0.02707679132172421
0.7433628318584067