0001000000
0.3232533023178534
0.23369610368031898
0.740660740494586
0.8317410207416016
0.41305973249148437
0.7653900473539909
0.3468195286754729
0.44659522029298526
0.34427182852870303
0.4318628672703608
0.27000083077178694
0.498546149372767
0.335465647586608
0.42787516269280845
0.3533549333997949
0.33793027055467867
0.4445182908255102
0.3109024950846003
0.5334108720334517
0.20600371078064836
0.48004763091578717
0.17376976544543196
0.3516103126471155
0.3621888067347892
0.3529118551134
0.6221649912768966
0.34225028384702727
0.7019190828279467
0.27127468084517176
0.7476669158982027
0.3167455899864308
0.8692919055135552
0.27720085292570124
0.8764919276674694
0.24064689429813646
0.8271994683060565
0.21763451579850993
0.9363074963307584
0.26465619894215014
0.9165905125861926
0.3274625460386031
0.8314087120268064
0.39865968818365555
0.762288499349229
0.372102683392872
0.8231009941569053
0.2877239622275758
0.9647752762316192
0.19179751322311783
0.9315444047520147
0.11160034338567204
0.9910276647005067
0.04868322671762042
0.954362936501342
0.0
0.9468306056326332
0.020160062030959672
0.9117166514358502
0.0772617761900803
0.8712857578023314
0.18609288028578572
0.8383871950375233
0.2787239345351825
0.8202209852953399
0.2788070117138819
0.7864362659577409
0.26557004790783967
0.6872974993769211
0.3100994156905099
0.574644845061061
0.27373930381324224
0.5180415939741354
0.2504500013846196
0.5040846279527015
0.21071141757359213
0.4677522084683337
0.2564315582509482
0.47949378305779394
0.2511976959929105
0.5696602143391215
0.22051452466007565
0.5396416604358779
0.146105064938661
0.5697709839107189
0.1961452189083661
0.5598017224668388
0.1754313090194122
0.4645398908919719
0.08590180277477788
0.45346293373210395
0.07249868461133699
0.4444905984326105
0.09922184375951916
0.4735122261914647
0.15028661626651144
0.48791227049929353
0.10008030793940914
0.5316662512807728
0.061061726343773305
0.579075627925009
0.03004624629614262
0.5981279942399823
0.04128935781340862
0.5993464595275682
0.010412339730276082
0.5840602586469497
0.028661626651158695
0.565007892331976
0.024341613358810108
0.4331921021295452
0.04081858713411442
0.39719199135997324
0.07526792390130424
0.47461992190745195
0.08028024701614458
0.43629365013430826
0.10024646229680717
0.40195508293871673
0.11315111738805299
0.3924288997812303
0.13923735149954314
0.34291490127661817
0.3159702029852398
0.29938245963833726
0.35410262800808623
0.29949322920993615
0.3412810500955384
0.27711777574700225
0.3632134252720774
0.2630500401539698
0.444989061504805
0.2311484035335495
0.4661737420730527
0.1928221317604054
0.39489352274930056
0.10664340505663104
0.31630251170003626
0.1366619589598736
0.2941762897731992
0.08980643017363142
0.35714879122704996
0.053806319404060055
0.37777962393730424
0.1317880978095316
0.3297610146492757
0.3208717565284815
0.10764033120101897
0.5751986929190548
0.24264074658691234
0.5267923901304317
0.2668162055883244
0.6293650134308101
0.3808811719420677
0.915261277727008
0.49372767300822457
0.6344604137243495
0.6851928775165461
0.464650660463571
0.8689042120129594
0.4279859322644071
0.9674060535570879
0.32541330896402765
1.0
0.2529700091384898
0.9686522112375726
0.31101326465619844
0.9493783057794024
0.38079809476336873
0.8765473124532692
0.4768353133394258
0.8260363878042699
0.476059926338235
0.8694303674780539
0.6233834565644809
0.9532275483924566
0.6911744343828742
0.9646921990529203
0.7462269114674202
0.13433579795630127
0.04815707125252648