0001000000
0.0496362784076112
0.05262244136182915
0.025312939460754504
0.03755273529054333
0.33241896560704176
0.18234691574506498
0.5856525286897343
0.31269640097918366
0.5263112206809146
0.3408218892689106
0.4937238493723849
0.329293911352628
0.546571989097033
0.5499921873643643
0.5257730168926544
0.9038177746141427
0.40323616729457096
0.971110609559194
0.3840344450424487
1.0
0.43585826142814993
0.9322210455042625
0.41707321307661593
0.9436795777704478
0.42960815291932136
0.9874303373322454
0.48400145835865216
0.8988176878070798
0.5002691018941302
0.8685393843643118
0.5007204986197678
0.6179100331602975
0.576555148526884
0.25345926144551084
0.679490963384781
0.25526484834806135
0.7308286602197954
0.19213875240889594
0.7697182242747267
0.1771384919877081
0.7196131877289537
0.2091529366829286
0.7049775169707807
0.27255681522248654
0.5977707946318513
0.21616694734283576
0.47108456744040705
0.17241618778103784
0.4371256445424401
0.1351933193284607
0.3434261011475893
0.17505512248476532
0.3971596729109881
0.163457698918384
0.4740707303946249
0.16811055747495626
0.46749075504783066
0.24234795742981666
0.3620028125488289
0.26394555461032276
0.3043976457924614
0.23679230542196905
0.2575044705637251
0.21616694734283576
0.24694873174881488
0.17498567683466723
0.24543828885918162
0.18720811125193154
0.2974704421951771
0.19074983940693424
0.27085539679508325
0.16831889442525041
0.22505599055539163
0.14241566693866187
0.17788503272626258
0.15151304710151217
0.14113092241184744
0.16304102501779555
0.10303998333304401
0.1858886439000678
0.08383826108092148
0.2319311099151025
0.12670358860396883
0.27359849997395774
0.2612545356690218
0.28866820604524374
0.2924009097380163
0.29137658639906944
0.2285282730602961
0.323460476744388
0.17882254900258682
0.32311324849389755
0.12809250160593055
0.3497109324814669
0.08284866056702365
0.3820726054271776
0.05786558794423509
0.3756836056181531
0.06232747096303775
0.5048525148006043
0.09092171739092697
0.44665706001840333
0.09614750256080826
0.4113786697685725
0.06008784874737403
0.36873904060834345
0.08764041042379213
0.2375562075730478
0.10656435007552205
0.22977829476206163
0.10493237729821689
0.17609680723623683
0.06354276983975411
0.19151374155801312
0.028559523602840427
0.22776437090921697
0.02218788520634024
0.21616694734283587
0.0012326602892411315
0.1917220785083074
0.006250108508828146
0.1542908731054357
0.00442716019375336
0.16040209031406769
0.0
0.14130453653709266
0.01552110279692367
0.09991492907862949
0.00850709213701626
0.1677633292244658
0.020903140679525794
0.14859632979739232
0.0339242000729179
0.17519401378496152
0.043889650861994096
0.1727634160315283
0.07062622614975948
0.16297157936769735
0.10529696696123188
0.12977655862080928
0.11871733884268826
0.11713745030295668
0.205316064515009
0.10005382037882606
0.26328582093439123
0.08463688605704965
0.2057327384155973
0.09984548342853178
0.19198249969617523
0.09810934217607949
0.1963228528273061
0.09665098352401943
0.17590583169846696
0.09172034236705504
0.06192815847497359
0.08977586416430833
0.05564332714109615
0.11658188510217193
0.07585201131964102
0.12755429781767033
0.1100539939929513
0.08915085331342562
0.08446327193180429
0.07887289709890802
0.06984496258615595
0.121165298008646
0.08640775013455088
0.16151322071563728
0.12762374346776842
0.16512439452073832
0.13238077049948785
0.1664438618726018
0.16411743259431572
0.20380562162537552
0.12580079515269352
0.14901300369798073
0.04677164534106503
0.04324727859858674
0.056945433080435245
0.05144186531016146