0001000000
0.5458016574207246
0.5598931580028763
0.604941442366961
0.6420793096363259
0.4989897952195054
0.46900897198821995
0.5784877748099444
0.4985959865762617
0.5082528593931922
0.5459900006848848
0.42462845010615685
0.595096226285871
0.29309636326279026
0.5625642079309636
0.27951852612834743
0.46455722210807476
0.34817820697212504
0.5905074994863364
0.3203890144510651
0.6297513868913087
0.3623724402438186
0.72296418053558
0.41197520717759034
0.6392712827888499
0.4512019724676392
0.47017327580302726
0.47549825354427777
0.5429765084583249
0.5923909321279364
0.46976234504486003
0.5772549825354427
0.3603177864529824
0.5241593041572495
0.4484624340798574
0.5379083624409289
0.4759947948770632
0.496763920279433
0.5281145127046093
0.44981508115882474
0.6178343949044582
0.37894664748989804
0.738990480104102
0.334942812136155
0.7526881720430103
0.21614957879597285
0.6685843435381137
0.21510512978563096
0.6368741866995408
0.1684816108485719
0.5772892267652903
0.0716218067255666
0.4271625231148548
0.07347099513731947
0.3815492089582907
0.07917265940688979
0.3560030134922264
0.05446544757208411
0.36737209780152025
0.09576398876789258
0.48421341004040824
0.08944592836107101
0.5511951236216697
0.0809191151291006
0.6114649681528663
0.1311725224299705
0.600027395383878
0.18320662968289844
0.570851311554003
0.22007054311348523
0.5514005890007535
0.2767447435107185
0.5818094651051297
0.2432538867200875
0.695089377439901
0.2518149441819053
0.8373399082254642
0.2583898363125813
0.9398671323881926
0.22613177179645214
0.7437846722827204
0.24462365591397844
0.8587083076501614
0.26633449763714795
1.0
0.25042805287309083
0.7257722073830563
0.2635435929045955
0.5423601123210736
0.2692452571741661
0.24655845490034922
0.2766420108211767
0.14183960002739554
0.26909115813985346
0.1099239778097389
0.31915622217656325
0.07807684405177713
0.3490171906033833
0.26498185055818074
0.36658448051503306
0.4910622560098624
0.3694952400520513
0.4267515923566879
0.3512773097733032
0.42093007328265153
0.28520306828299424
0.6077665913293614
0.26443394288062466
0.5563317580987603
0.30852338880898583
0.35155126361208155
0.3293610026710502
0.3235394835970138
0.32559413738785004
0.36209848640504055
0.2966577631669063
0.28299431545784526
0.27994657900143816
0.25347578932949794
0.26559824669543186
0.34531881377987816
0.29081912197794674
0.3557290596534486
0.35461612218341193
0.33497705636600217
0.36610506129717135
0.33833299089103497
0.26527292651188267
0.3766865283199783
0.263338127525512
0.3845627011848503
0.1501609478802821
0.2231354016848162
0.15925279090473257
0.18895966029723954
0.17914868844599685
0.18176837202931306
0.18979864392849793
0.21745085953016927
0.3393089514416818
0.16190671871789605
0.32148482980617754
0.06252996370111637
0.2877028970618452
0.060817752208752705
0.3000308198068624
0.0452708718580918
0.32158756249571935
0.0570508869255528
0.28628176152318313
0.0
0.301794397643997
0.06663927128278872
0.2975309910280118
0.05718786384494201
0.2781830011643036
0.284638038490514
0.2501712211492363
0.31641668378878174
0.20026025614683923
0.34435997534415436
0.25503390178754887
0.3862749126772139
0.3032326552975825
0.46811862201219107
0.27162523114855125
0.45044859941099935
0.21842682008081635
0.31169098006985785
0.20609889733579903
0.21532771727963848
0.20572221080747904
0.3690843092938842
0.40036641325936556
0.611191014314088
0.4855831792342992
0.5754400383535376
0.4388911718375452
0.2442983357304295
0.423412779946579
0.20299979453462078