0001000000
0.5848501694672095
0.9073399924681238
0.6763445295267473
0.9188888689632917
0.7690762692107671
0.8635833796603488
0.8176389362121841
0.7433602926671812
0.8577192762225849
0.6127360436131486
0.880171439843624
0.5022685293115511
0.9289313702634366
0.44990405824650764
0.9568889765615198
0.46618725678317174
1.0
0.5269443896490508
0.8770152251492929
0.5704140738482506
0.8020192600828507
0.5782328784319356
0.9414844968886179
0.5667557340889118
0.9426142782848845
0.5418646772949809
0.7868658429424531
0.5033445115937089
0.8045298854078874
0.4656133995660207
0.7843910836934888
0.462600649175977
0.7036924125316072
0.49595609992288814
0.6906550938794545
0.5448056955328805
0.6255581658088697
0.6017610243351323
0.5251331528074171
0.6793752129548271
0.5975826264727507
0.7696142603518467
0.6414289044707063
0.8422071983214677
0.5917543891110596
0.9056901529688147
0.5801696465398206
0.9460753546258271
0.6341122249520293
0.928716173807005
0.6342915553323891
0.9033947241002099
0.6111938023420549
0.8310887147391642
0.6057600918171552
0.7379803812563891
0.6017968904112047
0.6717716048275739
0.5453974857880678
0.5519789107472697
0.6091853020820261
0.4273801624733247
0.6299338270896473
0.34180370496565815
0.598963470401521
0.3866363000555926
0.5766009719706617
0.42859960905977107
0.5960403852016571
0.3828344959919656
0.619317468572351
0.4365618779477431
0.7068486272259386
0.44516973620501044
0.7136273156035363
0.457220737765185
0.7362946756810076
0.4946649211842976
0.7048939260800173
0.4386421103599162
0.7127665297778097
0.4065061061994515
0.7491526639528006
0.35392643867797646
0.776823341642308
0.3309721499919302
0.7822749852052437
0.30321180711224294
0.7883004859853311
0.2608181051952011
0.7333895235191797
0.25995731936947447
0.6817961730896833
0.19382027509280353
0.6089880386636303
0.1077416925201297
0.5053709448917745
0.10630704947725193
0.4195075587755323
0.07589261696824054
0.34738087979484605
0.07187561644818251
0.3334110431648226
0.07051270555744851
0.3792658214228074
0.0674999551674048
0.41421731255492006
0.08019654609687403
0.47275074870433836
0.08894786865842937
0.4990585155031113
0.08041174255330584
0.48221939278733233
0.06204831160446887
0.5350501228413106
0.04239370191704161
0.6050069042196441
0.03364237935548646
0.6463963560066712
0.027832075031831188
0.6285350501228415
0.02022846690457829
0.6054731632085795
0.009109983322274686
0.6243028531463518
0.0
0.7152592220648102
0.011333680038735354
0.7576349909438163
0.041748112547746685
0.7282068755267833
0.07546222405537717
0.7317396840198701
0.11333680038735341
0.7539945842225132
0.15415239495722954
0.7698473898463143
0.1979090077650056
0.7990603088069154
0.22882556533902412
0.7784373150655454
0.2525689076986535
0.6721481986263297
0.2762405179061384
0.5809049010992952
0.28900884098775154
0.6329465774796911
0.28176389362121845
0.6079658554955798
0.2425981385506519
0.61192905690153
0.19661782902641536
0.643186342198232
0.1613256101716192
0.6736007747072433
0.1456880010042501
0.6889873213421087
0.13772573211627787
0.6695837741871852
0.12918960601115445
0.6600613309900832
0.13126983842332715
0.6464322220827431
0.12961999892401757
0.6762548643365675
0.12940480246758596
0.693739576421642
0.12294890877463549
0.7156178828255297
0.12438355181751339
0.7689686709825516
0.13313487437906854
0.8315370406900636
0.1651991463873895
0.8689094919570328
0.20293025841507803
0.8831303911195596
0.234420673206248
0.9002385094058788
0.277890357405448