0001000000
0.0
0.2863174054883903
0.05653905200537353
0.29620034542314316
0.13761753981961253
0.3295912492803686
0.22191038188447523
0.2843024371521786
0.3076904624832089
0.197754749568221
0.33973805411629276
0.17165611207062034
0.2442429476108235
0.22001535213970472
0.1672663596238729
0.3091537132987915
0.1948042602187683
0.34292842064862766
0.3227067741316449
0.30493187488006124
0.43861542890040317
0.39762041834580647
0.411341393206678
0.4775474956822103
0.44127806563039756
0.44003070427940894
0.45128094415659215
0.3019573978123199
0.45272020725388634
0.24448282479370567
0.5079639224716945
0.30003838034926117
0.49704951065054703
0.3519478027250051
0.5154720782959127
0.2935137209748612
0.6067693341009408
0.31193628862022643
0.6908462867012092
0.3815966225292651
0.738533870658223
0.45557474573018664
0.6493955094991365
0.5555555555555554
0.6075129533678759
0.5222606025714837
0.6885674534638268
0.39637305699481884
0.7404049126847059
0.3528113605833821
0.7694780272500482
0.41642678948378464
0.7417962003454235
0.4425254269813857
0.6985703319900212
0.4409902130109389
0.6759499136442141
0.46181155248512706
0.6709844559585495
0.5179428132796015
0.7058625983496448
0.5871233928228752
0.7784734216081366
0.6861446939167147
0.7316973709460758
0.5789675686048741
0.7120274419497218
0.3698906160046057
0.6136298215313759
0.3144310113222032
0.4940270581462294
0.3820763768950296
0.4423095375167916
0.41153329495298424
0.46152369986566893
0.3153905200537323
0.529289004029937
0.2790251391287661
0.6119266935329113
0.32229898292074505
0.5886106313567453
0.38879293801573633
0.5213490692765307
0.4106697370946079
0.5135290731145654
0.4188255613126083
0.5329351372097488
0.4936672423719057
0.5080838610631357
0.5904816733832281
0.45595854922279827
0.6199385914411822
0.505876990980618
0.5229322586835541
0.5800470159278449
0.40827096526578377
0.553636538092497
0.3503166378814053
0.5328151986183075
0.39541354826328956
0.49102859336019966
0.35741700249472313
0.46725676453655757
0.39263097294185345
0.5011753981961237
0.46987142582997515
0.4858952216465171
0.3564574937631935
0.5498224908846673
0.2513912876607181
0.5302005373248896
0.30320475916330836
0.4989445403953179
0.46085204375359884
0.5040539243907121
0.5512377662636728
0.5079639224716945
0.6723277681826905
0.5646469007867975
0.8505085396277098
0.5649347534062563
0.9794665131452697
0.5107225100748417
1.0
0.5087075417386301
0.9175781999616194
0.5647428516599504
0.7999424294761078
0.5787756668585686
0.8098253694108619
0.5438015735943197
0.8838994434849355
0.4383035885626561
0.8401458453271923
0.41901746305891385
0.6371137977355597
0.4163308386106319
0.5674534638265212
0.44833045480713907
0.6073690270581463
0.6099597006332759
0.5048934945308
0.7141863365956633
0.5557474573018615
0.8187967760506623
0.4917482249088464
0.8757676069852237
0.4429092304739973
0.7871809633467663
0.49539435808865906
0.5450249472270198
0.4891575513337167
0.39721262713490696
0.36374976012281734
0.3609192093648055
0.3240260986374974
0.40184225676453694
0.2222222222222225
0.4188495490308964
0.3094415659182497
0.4326424870466321
0.3219151794281333
0.41417194396469065
0.272404528881213
0.46927173287276924
0.29140280176549604
0.5094751487238535
0.3360199577816161
0.5097150259067358
0.32277873728650963
0.5430099788908079
0.2557090769526003
0.6017079255421227
0.31289579735175604
0.6023316062176169
0.22183841872961052
0.49438687392055275
0.17664555747457333
0.3751439263097295
0.26089042410285956