0001000000
0.9943236167749081
0.9315813321250563
0.980214469113427
0.904093037305543
0.9170945979962746
0.8528419674772191
0.8659190454614107
0.7785832955746865
0.8558752454312039
0.7580929366158187
0.885188541509339
0.7653425967879971
0.6330866435080302
0.6065549010723454
0.7518375874741982
0.7179680813572971
0.7998414136837336
0.7422846498514829
0.8095579721089465
0.7596536273473293
0.8242334994713788
0.7749081206262901
0.83456678245985
0.7874943362029901
0.9142752857070936
0.8885364748527413
0.9951794794341241
0.9821779187433922
0.9998993102753868
1.0
0.9832225746362587
0.7259729144640786
0.8563786940542722
0.3187333232643604
0.7590998338619547
0.12389870613703853
0.6859361627145948
0.0971655842521271
0.646528721743946
0.17565322458843063
0.579230227055329
0.13170215979459296
0.5228943261340179
0.1946332376780949
0.47949705482555516
0.10869455772038465
0.48685999093792454
0.0
0.5117177667019079
0.005336555404520507
0.5212329456778937
0.11483663092181444
0.4990434476161707
0.13663595630065922
0.40567890046820704
0.17736494990686177
0.2725167396667169
0.39384785782610865
0.2710693248753962
0.5874741982580678
0.294139858027488
0.4808437798922619
0.2625862155767003
0.5993555857624723
0.31578814881941264
0.6433066505563105
0.2771232945677892
0.5459900317172633
0.18689271509842406
0.5595831445400995
0.17560287972612365
0.4433872023360012
0.14315561596939022
0.41061269697427377
0.08938730302572598
0.5071237980164125
0.08658057695212179
0.4742989477923777
0.07827367467149962
0.39440165131148386
0.04702210139455256
0.38659819765392905
0.06495745859135044
0.3703871519911393
0.06922418567185204
0.37436439611337624
0.0512510698283238
0.39510647938377885
0.04198761516387231
0.42395408548557617
0.026506570004530744
0.4091526959673763
0.02558777626743171
0.4632230780848814
0.01738156371142296
0.4636258369833356
0.02770226048431737
0.4960479283089162
0.04755072244877379
0.5998086895232342
0.06796556411418192
0.835019886220611
0.1036852439208577
0.8008357247142924
0.10481800332276066
0.7367467149977343
0.07667522529325858
0.6883653023208979
0.0867567839701956
0.6674721844635758
0.12686905301313983
0.6656597694205301
0.11902784070885539
0.6705935659265974
0.11502542415546457
0.6641997684136334
0.11561697628756977
0.6371142324925736
0.10596334894024056
0.6022252429139603
0.09161506318280203
0.6133011126214565
0.093502995519307
0.6328852640588027
0.10841766097769696
0.6595176962191003
0.11735387403715443
0.6378190605648691
0.12702008760006014
0.6017217942908925
0.14075164879424035
0.6020742083270397
0.18549564516941033
0.6414438906509586
0.19996979308261587
0.6624880430952019
0.22870412324422276
0.6744197754619137
0.26076121431807875
0.6773901223380153
0.28731812918491656
0.7458591350752657
0.305454865830942
0.7685646679756329
0.3036802094346271
0.7814529527261743
0.3384181644263201
0.8187584956955145
0.4064592458339624
0.8696571514876907
0.43436288576750737
0.8816392287167095
0.4562880733021193
0.9140613200422898
0.45193324271258095
0.9560489352061623
0.5067965564114181
0.975482052056588
0.4644816996425514
0.9739717061873836
0.5122589739717063
0.9737199818758496
0.6158057695212203
0.9756330866435085
0.6493732064642803
0.9801137793888137
0.6785480541710717
0.9862558525902432
0.8690026682777023
0.9836882646125963
0.9664954941348236
0.9857524039671756
0.9703217036701405
0.9889241302925037
0.9752932588229372
0.989075164879424
0.979346020238635
0.9944620651462518
0.9824674017016567
0.9937572370739566