0001000000
0.6028756002744111
0.24228218614223634
0.6491824834209923
0.5644866224559796
0.7010919277383945
0.8921792819574659
0.8193174022410241
0.8695403613080261
0.8801737937342784
0.48822318774296825
0.9540361308026523
0.3147724674136748
1.0
0.26686485250400177
0.9715584267093529
0.38017379373427834
0.9080436771095358
0.46146809970272107
0.8455865538531899
0.5806082780699748
0.8030528241481818
0.620740910130345
0.8204321975760345
0.6540132632060369
0.8479304825062882
0.6852275325863249
0.8437285616281726
0.6918591356048479
0.8382117539446601
0.7451406357191858
0.8388691973473587
0.8218614223645093
0.8240338440429907
0.775097187285616
0.8087411388063112
0.7382803567345071
0.7476274868511319
0.733706837411388
0.7706094214498055
0.7445689458037958
0.883632517722387
0.7590898696546992
0.904013263206037
0.780471072490281
0.8758575348730845
0.7715527098101987
0.9098445003430138
0.7307340498513605
0.8850617425108619
0.7540589983992682
0.9160759204207636
0.7294763320375027
0.9241653327235305
0.716899153898925
0.8039389435170362
0.7118682826434941
0.7085524811342327
0.7093528470157784
0.643608506745941
0.7143837182712097
0.6230276697919047
0.7330208095129201
0.6294305968442716
0.7047793276926594
0.6694488909215638
0.6509261376629316
0.7051223416418934
0.5758060827806994
0.7170706608735419
0.5120054882231876
0.6902584038417561
0.4484335696318317
0.6652755545392175
0.3793734278527327
0.6318602789846786
0.3371827120969585
0.586811113651955
0.308369540361308
0.516235993597073
0.29087582895037734
0.5165504230505372
0.23222044363137412
0.5293562771552709
0.16647610336153665
0.5383032243311228
0.10942144980562539
0.5338726274868509
0.06883146581294305
0.5386176537845871
0.05556825977589756
0.6070203521609877
0.05831237136976899
0.6262863023096271
0.0541962039789618
0.6406071346901439
0.046764235078893227
0.6368339812485705
0.04070432197576035
0.6368625657443401
0.03853190029727876
0.6608449576949461
0.02904184770180653
0.7058941230276696
0.028698833752572622
0.6971472673222042
0.027326777955636802
0.7073519323119137
0.02584038417562311
0.7363080265264119
0.024925680310999256
0.7460553395838095
0.017493711410930715
0.7519151612165559
0.007889320832380507
0.7374799908529615
0.0
0.7539446604161901
0.035787788703407306
0.7956494397438826
0.06608735421907154
0.7915904413446143
0.0824376857992225
0.7905042305053737
0.11571003887491421
0.8192888177452547
0.12119826206265721
0.7776697919048707
0.11959753029956548
0.8357534873084838
0.10816373199176768
0.8552766979190486
0.10667733821175394
0.8085124628401553
0.1173107706380059
0.8000800365881544
0.11776812257031781
0.7937056940315569
0.0986736793962954
0.7901326320603704
0.1392636633889777
0.7524010976446374
0.12920192087811572
0.7976503544477471
0.05911273725131486
0.8327521152526869
0.043905785501943746
0.8971815687171274
0.02526869426023327
0.8649096729933681
0.08769723302080942
0.8489023553624513
0.15161216556139948
0.8272638920649437
0.058083695403613037
0.7508575348730846
0.053853190029727833
0.7011776812257032
0.08380974159615824
0.6992339355133774
0.07603475874685568
0.6552709810198946
0.030413903498742244
0.6305739766750513
0.039103590212668654
0.6128515892979646
0.07843585639149324
0.5676023324948546
0.040818659958838356
0.5574262520009146
0.005259547221587018
0.5523382117539445
0.033844042991081624
0.5192945346444088
0.033501029041847714
0.48759432883603926
0.05602561170820947
0.48716556139949685
0.02766979190487079
0.4858506745941001
0.012691516121655625