0001000000
0.0
0.003292158676606629
0.3838221690156174
0.2653588725036731
0.9844914839201178
0.7243021167764053
0.9141317951787561
0.6883876584861509
0.9052620122979811
0.6894759754040377
0.9296403112586386
0.7135277792893292
0.9304565489470534
0.72713174076291
0.9085269630516405
0.728111225989008
0.9034934973064157
0.7238667900092505
0.9126897752625563
0.7165750666594112
0.9340207868531317
0.7130924525221742
0.937421777221527
0.7300701964412037
0.9311911628666266
0.7535778418675518
0.9361430048430104
0.8013549545627687
0.9345377373891278
0.856750285683191
0.9041464874571477
0.8784077923491321
0.8852097730859225
0.8617565435054688
0.8782717527343962
0.811802796974479
0.8707351580780324
0.8094084997551287
0.8790607824998641
0.8300865211949722
0.9037383686129402
0.8539206616966862
0.9413125102029711
0.8599064047450617
0.9832671273874951
0.8537029983131088
0.9782336616422701
0.829760026119606
0.9506176198509007
0.8274745605920446
0.9043369429177778
0.8235566196876531
0.825053055449747
0.8059258856178921
0.7881046960875007
0.7803504380475594
0.7724329324699353
0.7616313870599118
0.7377700386352506
0.7477009305109646
0.7596724166077161
0.7391032268596615
0.8228220057680796
0.7410621973118571
0.8838221690156175
0.7297437013658377
0.9225662512923765
0.732355661968765
0.862110246503782
0.7435653262229962
0.8834956739402515
0.7462861185177121
0.8558252163029875
0.7259345921532351
0.8320454916471677
0.6960058769113566
0.8935353975077543
0.6858845295750123
0.9030853784622083
0.6827284105131415
0.8924470805898679
0.6769603308483431
0.9392175001360397
0.6469227839146757
0.9550253033683409
0.5947924035479132
0.9148936170212769
0.5617075692441638
0.8521249387821733
0.5608369157098547
0.8316917886488546
0.576291015943843
0.8037220438591718
0.6042607607335257
0.8418131359851989
0.6386515753387384
0.8577841867551831
0.6582412798606955
0.8422212548294062
0.6755455188550905
0.8190401044784242
0.6877346683354193
0.8005115089514067
0.6809871034445233
0.8334058877945258
0.666403656744844
0.8440441856668662
0.669886270882081
0.8319094520324318
0.6787016379169616
0.839636502149426
0.7018827882679437
0.8443162648963378
0.7276758992218536
0.8895086249115743
0.7679436251836536
0.8745442672906351
0.7865538444795126
0.8494857702562988
0.7914512706100016
0.8349023235566198
0.7775208140610544
0.8820536540240517
0.7616313870599118
0.9797028894814173
0.7701202590194265
0.9383740545246776
0.7837242204930077
0.9278445883441256
0.7843772106437392
0.9172607063176798
0.777411982369266
0.8814822876421615
0.7805681014311366
0.8865429613103337
0.7770854872939001
0.9231376176742668
0.7759971703760136
0.9650378190128968
0.7592370898405614
0.9795940577896284
0.7124394623714427
1.0
0.6420253577841866
0.9751319584262937
0.6076345431789738
0.8317734124176961
0.5685639658268488
0.791015943842847
0.5612722424770094
0.7881046960875009
0.6134026228437721
0.8229036295369212
0.6909996190890785
0.7435653262229962
0.7488980791206401
0.7335256026554934
0.791668933993579
0.7422321379985852
0.8170267181803343
0.7310224737443544
0.830413016270338
0.6908091636284487
0.8300865211949721
0.6798443706807422
0.8146324209609839
0.6103825433966373
0.7955868748979704
0.5605920444033303
0.7675082984164987
0.5802905806170757
0.7189693638787615
0.6073080481036078
0.667383141970942
0.6209120095771887
0.6514937149697991
0.6181912172824727
0.6372367633454863
0.09013984872394841
0.09514610654622628