0001000000
0.5073545741863843
0.46643888271974004
0.4847014606645596
0.5783035790552663
0.48767404117194824
0.652652259332023
0.4753395404458869
0.6523789185957118
0.4602374647646708
0.6253181857008626
0.4409156914666439
0.5949773639702741
0.41776714786025443
0.5964807380199879
0.40095669257709055
0.5928589732638594
0.3881609293585034
0.6031775860596226
0.37548475271205256
0.602152558298454
0.34975655590672244
0.6109677970445032
0.35122576236439745
0.6046126249252586
0.3777568975826428
0.5306739557529684
0.3932006491842487
0.48659776202272126
0.40907149568634144
0.5247971299222688
0.4097035961390619
0.5732467754335012
0.41973178440249415
0.5403775518920304
0.4110361322285811
0.5819253438113948
0.37902109848808396
0.5440676518322373
0.3427692833347568
0.3989237208507731
0.2931237721021611
0.37562142308020785
0.263449218416332
0.4980097377637309
0.26474758691381217
0.4743657640727771
0.2703339882121807
0.4095840095669258
0.2982830785000427
0.4383531220637227
0.3307252071410267
0.4446399589988897
0.34627146151874943
0.45386520884940607
0.33386862560860997
0.4963696933458615
0.31478602545485607
0.5309472964892796
0.30351072008200225
0.5695566754932946
0.2780387802169641
0.5317673186982148
0.25832407961048953
0.4447766293670456
0.30706414965405315
0.45106346630221195
0.37601435038865644
0.4524301699837705
0.3970445032886308
0.450721790381823
0.37939694200051244
0.4738874177842316
0.3467156402152559
0.4590586828393266
0.3545058512001366
0.436029725805074
0.3738276244981634
0.38744340992568554
0.33872042367814126
0.3574442641154862
0.28642692406252673
0.31808319808661445
0.27342615529170583
0.30263944648500896
0.30424532331083953
0.34227385325019216
0.32573673870333975
0.3517724438370208
0.32442128640984014
0.3040744853506448
0.29363628598274527
0.2742803450926795
0.27250363030665403
0.3069445630819169
0.2917229008285642
0.3219099683949771
0.3016144187238403
0.36789954727940544
0.26350046980439057
0.39578030238318956
0.28386435465960524
0.4411548646109164
0.3016144187238403
0.3559408900657727
0.3109250875544546
0.21756214230802093
0.3105663278380457
0.1643973690954129
0.30344238489792436
0.14587853421030156
0.28012300333134016
0.2334842401981721
0.3015289997437432
0.22890578286495267
0.2505851200136671
0.20635517211924462
0.19152643717434015
0.2798154950029897
0.09920560348509436
0.33058853677287053
0.021337661228324974
0.36366276586657525
0.008661484581874084
0.35956265482190114
0.021816007516870163
0.36783121209532726
0.024908174596395296
0.40459554112923884
0.0
0.40227214487059026
0.031058341163406417
0.4095156743828475
0.11821986845477059
0.4222260186213379
0.21057486973605533
0.42530110190484277
0.24286324421286404
0.3967369949602802
0.2665413854958572
0.44074485350644915
0.2612966601178781
0.47163235670966125
0.2685743572221748
0.48591441018194226
0.26341505082429306
0.4718373622618948
0.2528743486802768
0.6221064320492012
0.2684718544460578
0.8960621850175108
0.2636713077645852
0.9418467583497057
0.2487571538395831
0.8782267019731781
0.24378576919791572
0.8193901084821047
0.2305458272828222
0.808524814213718
0.20676518322371204
0.8410523618348001
0.18525668403519274
0.8597078670880671
0.1792773554283762
0.8761083112667631
0.19268813530366447
0.9289997437430598
0.2097548475271205
0.9357649269667724
0.2372768429144957
0.9082258477833776
0.2693943794311096
0.9301614418723841
0.2943196378235244
0.9335098658922013
0.31965490732040636
0.943486802767575
0.36118561544375155
0.9645340394635691
0.39933373195524036
1.0