0001000000
1.0
0.9266503961431645
0.9999879774456881
0.6739843947245027
0.9991463986438557
0.5011962441540331
0.9996994361422025
0.3679382521610542
0.9559613835555499
0.27728819264941046
0.9015352801856283
0.14152950935955863
0.8469408610553398
0.10243216273729512
0.7896533897591883
0.18394508097190307
0.7458191567380406
0.13917308871442835
0.6900345047308751
0.09690178775382624
0.6731788835856065
0.019428447768012856
0.6612885773711482
0.0
0.638421679069935
0.06795147697079722
0.6222753886290681
0.0718467845678492
0.6125611647450617
0.08175336932084606
0.640922370366808
0.25333926446012706
0.6957572405833342
0.34163290332664037
0.7019127883910214
0.42290537047501114
0.6750664246125733
0.5378890799139183
0.6386020173846133
0.5469300407564586
0.5633768950551232
0.591413491710449
0.5446457554372002
0.6506606393594381
0.47477066977650084
0.6763408153696335
0.38985536867162784
0.6946631881409523
0.3745987472498406
0.4639744160044244
0.3935102251824421
0.3004195871454849
0.37088377796746685
0.2328047416954205
0.3314377772701588
0.23227574930569755
0.27322456929199196
0.24675090469721184
0.21751205261069767
0.2501172199045406
0.21168111376943147
0.14667516260504707
0.19662887577094632
0.08617766930762126
0.18503913341428524
0.13224809743078014
0.15238587590319455
0.22919797540185413
0.11920362600238049
0.37034276302343205
0.09411255515346796
0.40722795965230774
0.09173208939971383
0.4300227226276496
0.10266059126922111
0.5040816571888864
0.0929944576024622
0.5345708549238369
0.11149716868845967
0.42454043786142803
0.1192998064368757
0.4115079889873399
0.10734938745085786
0.4411796530290825
0.08873847337605355
0.582661072171393
0.07122161174363105
0.9640164949445158
0.09681762987364284
0.9226108178943697
0.10208350866225052
0.8375392235834426
0.20078867956285987
0.7749257607271238
0.2531108359282013
0.7210647174098606
0.2420260408526396
0.6687906512617673
0.23512509467761528
0.6178631111966051
0.19150726763408157
0.5185568125804009
0.15917861908941172
0.5230292027844237
0.12461377544273067
0.5836709667335922
0.1686523918871804
0.5443331690250911
0.20490039313752575
0.5397165081693257
0.22987123844331955
0.5144210538971107
0.24570494247207766
0.4541640116859229
0.2450196568762998
0.37356480757901833
0.23340586941101496
0.30979717950875857
0.21295550452649162
0.29262897195138093
0.19886507087295768
0.27796145569087627
0.20642725753513602
0.31003763059499617
0.21202976784447633
0.3598590956634649
0.24453875470382425
0.3256188609832044
0.2413768229197976
0.3432198804958101
0.2188225110306935
0.49186674200800695
0.24426223595465096
0.3661589141228945
0.26252449595441035
0.45214422256152537
0.23764983108311197
0.494896425694603
0.275352561405196
0.48051745073758384
0.3072724431032617
0.5157675799800424
0.3464058573884607
0.5354364788342931
0.3847938733063227
0.5841999591233148
0.39733339745362284
0.5954049797419959
0.41771162701227504
0.5512581603087392
0.43401421065919665
0.5918463036656765
0.4728590836409101
0.5964148743041945
0.5137838585185809
0.6548925784772235
0.5553578513290931
0.6685502001755294
0.5975329718552004
0.712264207653558
0.635379972829027
0.7544393281796649
0.6733832670089086
0.7599697031631336
0.6534618945141085
0.8382605768421559
0.6546521273909855
0.9268908472294024
0.6917417074431632
0.966805727544874
0.7244190100628779
0.9917164600791083
0.7659569352104547
0.9981605491902807
0.8474818759993746
0.9991223535352319
0.9561777895331641
0.9990742633179845
0.9971626771823942
0.9997475263594502