0001000000
0.8912659530354923
0.6798795939366944
0.9203077726414078
0.7244175510266762
0.9155775344401272
0.8238139849185262
0.9032912014497871
0.8088246586703116
0.8829112466020612
0.8389876061615962
0.8706863452766725
0.8310629213828261
0.9032144118685977
0.8797782316895243
0.9071153225930302
0.8931703346489948
0.9287853424047424
0.8977162778554205
0.9299525440388247
0.8739422235191127
0.9179580114570052
0.8717921152458036
0.8958426120743936
0.8936617879686083
0.888363306866524
0.9197088139081289
0.8903291201449784
0.8984534578348402
0.8920031330149124
0.8456836576413311
0.8682597945110807
0.822831078279299
0.900833934851719
0.8125105585674136
0.8857063873573633
0.9137499424078139
0.8814676024756962
1.0
0.8390643957427856
0.9872836453549982
0.8648810529387374
0.9711271174727011
0.8996820911338749
0.941578486630934
0.9304593552746762
0.9883279836591774
0.9139342374026689
0.9538033879563221
0.8779199238247352
0.842857801053553
0.8581235697940502
0.8158893001397568
0.6651206364320488
0.8835255632515779
0.5081013008155054
0.8647889054413096
0.4558997435227987
0.873512201864451
0.3618632223979849
0.9466773148219247
0.3001704728702408
0.9609908927556707
0.32982660912567363
0.9651682459723863
0.20759295378802997
0.9386911983782039
0.10656858077496038
0.9211831738669696
0.04800884615975288
0.9288007003209805
0.0
0.9640624760032557
0.0129927971372844
0.9118455607943113
0.00568242900803224
0.7612151183327442
0.019980649025540136
0.6263726137637643
0.05161795647566527
0.5226145316603444
0.06163131786279225
0.4258596593614176
0.056302120928232335
0.37554712576597593
0.04963678528097296
0.32111867061877014
0.08557430927771716
0.2833996283384269
0.09664736688526096
0.24623347104264884
0.13389031376222865
0.18289742447744686
0.175510266767005
0.09640164022545404
0.16431434582955784
0.09517300692642017
0.15678896687297456
0.07963079569363991
0.13086480426335756
0.10647643327753262
0.16784666656428054
0.16065916176493183
0.1690599419470766
0.133383502526377
0.15820189516686364
0.1242916161135254
0.18999278177936813
0.12195721284536083
0.1681845407215149
0.2784850951422911
0.21519512232580265
0.6292599020164942
0.2404128207884753
0.7475772887134672
0.20696327922227506
0.7313593291662184
0.23399321180102275
0.7494816703269699
0.23239598851227855
0.833458756315943
0.2696696512217221
0.9080367975673059
0.33742877766344653
0.8993749328091166
0.3829957151413696
0.9140571007325725
0.43075883464131587
0.9765945356534026
0.44763718458679513
0.9464930198270697
0.4600310229908006
0.9567521078740034
0.5061354875370511
0.970758527482991
0.5559872836453548
0.8787338933853454
0.6044875831247218
0.7296392425475712
0.6473668852610077
0.8194523367069556
0.6812618063981078
0.8621473438483865
0.705128008231843
0.8842627432309981
0.7807811036198606
0.8661404020702468
0.8433185385406909
0.837943267857417
0.8930167554866157
0.884385606560901
0.9218742800976762
0.8398476494709193
0.9114923287208393
0.7599864850337107
0.9230721975642345
0.8090089536651662
0.8813293812295547
0.8748636984933881
0.8763841322009431
0.8698263019673486
0.8715924623347103
0.7914394974889809
0.8835102053353397
0.7517546419301829
0.8691659115691185
0.8455607943114277
0.8434106860381183
0.8771366700966012
0.8283292122924764
0.8909587947107338
0.8610722897117319
0.8684748053384116
0.8446393193371521
0.8561270406831198
0.8209881283307481
0.8596286455853669
0.8720531998218484
0.9243776204444581
0.873281833120882
0.9584107628276998