0001000000
0.7839716194348783
0.6438322061325256
0.7661092900709514
0.642338492178748
0.7549479274718893
0.6366125886892658
0.7628314177834945
0.6630015352060081
0.7539728641965064
0.614455831708228
0.757831625243766
0.5891456786025475
0.757499688809593
0.609061864652919
0.7660055599352725
0.6386042072943034
0.7457159453964568
0.6254927181444753
0.7449275963652963
0.625326749927389
0.7488693415210989
0.653624330940625
0.7466910086718396
0.6450769677606738
0.7405501846396415
0.6420895398531182
0.7461723579934445
0.650885855358699
0.7570225301854696
0.6516327123355878
0.7719596697232481
0.6480643956682298
0.7557362765030498
0.6727106759055644
0.7334135513049254
0.6619227417949465
0.7261109497531225
0.6663208995477364
0.7321065515953696
0.6729596282311937
0.7143479523671216
0.6560308700883782
0.6971909879258122
0.6688104228040328
0.6877100535247501
0.6569436952823536
0.6594747105929217
0.663333471640181
0.6603045516783537
0.6797643251317376
0.6840794987759846
0.7349487573129749
0.7212771254304802
0.7455707232065059
0.7646155761171739
0.6271524003153395
0.7865856188539896
0.6481473797767731
0.7557362765030498
0.6609269324924276
0.7483091987884322
0.6152856727936603
0.7225633791129001
0.6950334011036886
0.695531305754948
0.7578523712709017
0.6458445707646987
0.7634123065432973
0.6351188747354882
0.7460686278577654
0.643085349155637
0.7765237956931249
0.6624413924733414
0.8486369860171779
0.7408613750466787
0.9313721422347623
0.6539355213476621
1.0
0.5880046471100786
0.9548566449524915
0.5873615202688687
0.9311231899091326
0.5596240819882994
0.8707937429982161
0.542550101655533
0.737023360026555
0.5450811169661012
0.7629973860005811
0.5614082403219783
0.7884735073233478
0.5914692336417577
0.8283888635326337
0.6444960790008712
0.8357744491929797
0.7217957761088752
0.7912949670138169
0.7067341604082821
0.7825816356167794
0.672005310982947
0.7704659557694703
0.7097630803701094
0.6934567030413676
0.7321272976225054
0.6985187336625038
0.8122692004481143
0.7079789220364301
0.8236380233185348
0.7096386042072945
0.769988797145347
0.6605120119497118
0.7474586116758641
0.597361105348326
0.6746400564291939
0.6314675739595869
0.6411352226048714
0.6614248371436873
0.6829799593377869
0.6941205759097135
0.724264553338036
0.6756981038131199
0.7083108584706032
0.6700551844321814
0.7619600846437907
0.6779386747437866
0.7736608439483841
0.6678975976100576
0.8118335338782624
0.6367785569063527
0.8286585618853992
0.6226712584540062
0.7838886353263351
0.6267374797726235
0.6356375254138834
0.6422555080702044
0.580245632961288
0.6183560848097588
0.5605783992365462
0.6203477034147964
0.5583585743330154
0.6260736069042778
0.5624870337330403
0.614123895274055
0.5219907887639518
0.6251607817103026
0.5125720924442971
0.6265715115555369
0.518712916476495
0.6055765320941038
0.5231318202564209
0.6025891041865485
0.4393178706277749
0.6039168499232397
0.46105970706609695
0.6067383096137091
0.49211650968839493
0.5559520351852623
0.5029874279075558
0.5415128002987428
0.42960872992821886
0.5199369320775074
0.406144973237625
0.47479357702999886
0.2904858719555206
0.3813534708103398
0.1457408406290196
0.3560433177046596
0.07144931745570725
0.3604414754574501
0.06364881125264511
0.3741338533670804
0.044520974233434284
0.4065806398074769
0.03717688062735989
0.45653707315049163
0.022198249035309703
0.5286502634745447
0.010704950002074595
0.5781087921663002
0.0
0.6144558317082277