0001000000
0.8902214729098014
0.9380029121005439
0.8621925051728099
0.8757759215265539
0.8649704958234341
0.8141620047513217
0.8589738677293276
0.8414437887960763
0.8162119702659205
0.7871101233811018
0.7485439497279484
0.7951567169898066
0.7075254808797602
0.7807494827189824
0.6607786037244228
0.8937083301402405
0.5896620430684338
0.905356732316651
0.594815694689248
0.9190742585638736
0.5443712161851476
0.9185378189899608
0.5053643957391367
0.9431374051651454
0.49591922752701323
0.9772396352210893
0.4440953329757067
0.9423710629166976
0.44386543030117254
0.9505709249750929
0.4619319488083375
0.9150892788719429
0.4614146677906353
0.8957774542110497
0.4578703348915623
0.9241321174036323
0.3747030423787265
0.9547858073415588
0.3789179247451913
0.9516438041229205
0.3055789715687025
0.9665108437428147
0.27948501800904285
0.9767798298720203
0.2595218024369684
0.9795386619664337
0.24988504866273253
0.9957851176335337
0.2421449919534063
0.961146448003678
0.26682121235343703
0.9700360180856757
0.256034945206529
0.9545559046670236
0.18859682734309127
0.9667407464173486
0.17850026821978682
0.9834470074335199
0.1567361483638592
0.9586175185837993
0.1293968886504714
0.9486550693539733
0.1301632308989194
0.9376963752011643
0.09374281554142093
0.9435972105142152
0.04076940761744189
1.0
0.01933098321710459
0.994635604260863
0.019158556211204034
0.932945053260785
0.03437044984289993
0.9090351751092036
0.0
0.8744731397041915
0.005383554295348434
0.8732469921066744
0.01894781209288079
0.8067284849413748
0.014273124377346902
0.8330906582879911
0.024542110506552188
0.7940838378419794
0.05092344240937995
0.7897156870258257
0.08031266763736686
0.7255728408307148
0.08650088129358573
0.6923902214729094
0.075331443022454
0.693922905969806
0.05640278948578426
0.6343014790405395
0.06270595447927048
0.591999386926201
0.10778603724423352
0.5774388842056858
0.16495516897846596
0.5132194037857304
0.2542148823664648
0.5065522262242317
0.292091347996015
0.5340639129435204
0.2662272971108897
0.4808797609012184
0.27959996934630976
0.42164150509617543
0.2876848800674381
0.4415664035558275
0.3390872863820981
0.4017932408613682
0.33523641658364617
0.37083301402406244
0.3426507778373818
0.3725189669706487
0.3860640662119701
0.39420645260173176
0.41292436202007793
0.3896083991110431
0.4170242930492756
0.3288374588091035
0.43221702812476
0.32148057322400203
0.41093187217411276
0.3446241091271358
0.43717909418346235
0.4417196720055177
0.46835006513909083
0.4584259330216872
0.4628515595064753
0.5031036861062149
0.4791746493984213
0.619127902521266
0.4938117863437808
0.6408153881523485
0.5448118629780055
0.6401256801287449
0.6364663958924053
0.6898612920530308
0.678155414207985
0.7410529542493673
0.7065867116254115
0.7819756303164989
0.7785462487546934
0.7771476741512761
0.8578243543566554
0.7180626867959229
0.9368917158402935
0.6526170587784501
0.9385201931182464
0.622346539964748
0.9456663345850252
0.7276419649015249
0.9412790252126598
0.7243466932331978
0.9198406008123223
0.6054103762740435
0.919457429688098
0.4991187064142843
0.9402253046210433
0.4324469307992947
0.9716261782512068
0.2866886351444555
0.9350716530002294
0.44194957468005186
0.9246493984213342
0.6605103839374662
0.927159169285002
0.7272587937773005
0.9417196720055172
0.695149053567323
0.9641926584412593
0.6321557207448844
0.9899609165453289
0.5857920147137713
0.97597517051115
0.5981301249137863
0.9488466549160848
0.5886274810330285