0001000000
0.03517137836316177
0.07907802023441896
0.050142459863852754
0.08474229266544969
0.08063057683449064
0.08283145377305372
0.12180744885946801
0.07941924146520389
0.15731151792264508
0.07593878491119714
0.1839267739238735
0.07532458669578418
0.21735792401003187
0.07805435654206401
0.25931107433504513
0.08119359186528585
0.30324330779861125
0.08504939177315608
0.34863426202378306
0.0897241226349103
0.389887908825687
0.10132564448159961
0.4238906044734103
0.11432617337450737
0.43927968198181294
0.12388036783648682
0.44763107160527527
0.13166021189838423
0.45548769044409926
0.135072424206234
0.46557077781379563
0.13411700476003613
0.48549809769163815
0.1303976933444799
0.503813147254022
0.12067288826710798
0.49656219609984115
0.11702182109770867
0.4653233924214763
0.11217647962056197
0.41512121884223635
0.10139388872775668
0.4256308327504137
0.086346032450139
0.43928821251258243
0.07146878678791395
0.44740074727449536
0.06478085066452835
0.4371897019432548
0.060686195895108576
0.43823042669714884
0.05887772337194818
0.4360807329432037
0.06092505075665807
0.42625356149659627
0.06768123112620066
0.4381707129817616
0.07153703103407094
0.4402692235510892
0.07034275672632355
0.4315339600429937
0.06652107894153178
0.4527067374132018
0.06024260829508813
0.46179175268285183
0.055158411956391956
0.4705355467217169
0.0625970347875045
0.47026256973708896
0.07679183798815963
0.43376042857386576
0.08320679712691723
0.3614983024243768
0.07706481497278754
0.31087813283742516
0.061880470202856044
0.25191510415778057
0.039666968078753834
0.20695920700185963
0.02966918601675398
0.18441301417774206
0.0965144251275314
0.19210755293194337
0.21863750362547543
0.18536843362394004
0.3459812669544296
0.20264275843242963
0.4426492416358145
0.2180233054100626
0.5845631515192875
0.23161244092607433
0.7126576015559687
0.2656151365737975
0.7895006227287462
0.2865319980209168
0.8366915189463088
0.28661730332861307
0.8888642451333318
0.2820022861822462
0.9330865166430655
0.2760053230512001
0.9518195622131607
0.28480883080545266
0.9498404790746079
0.3116458806066913
0.9424018562434953
0.34941907085458856
0.9724634466756521
0.3720420384556325
0.9977138177537405
0.35019534915462436
1.0
0.34394247010048956
0.9993175575384299
0.3436524320543224
0.9962124443382862
0.3491119717468819
0.9483049835360757
0.36341767184754226
0.8342006039615785
0.3688942726016413
0.7118727927251632
0.3780219405251394
0.6119290942282426
0.38477812089468194
0.5174790575469604
0.36927814648627433
0.4646921331445241
0.3627096377936634
0.5524201115793423
0.34485523689283937
0.6565267090918396
0.34716701073140765
0.701909132786242
0.3646375377475985
0.7202327128793953
0.36361387405524365
0.7603262074966303
0.322215208230256
0.7962226809752103
0.240731578318803
0.7262040844181323
0.2152082302560865
0.6195724497978264
0.255497927081023
0.5912852097657516
0.28733386791326154
0.5864739904116831
0.28850255062870006
0.5488714107791783
0.2853889068977871
0.4822309044068721
0.23481138996468356
0.4241550509272684
0.19645812362445186
0.3083104430757681
0.1795420811082865
0.15656936174568772
0.1775203453158855
0.0691484824185761
0.17567775066964664
0.04669612543292445
0.13944858649105143
0.05021070411000972
0.10673400098954156
0.05625031989490387
0.10227253339702796
0.06112978349512904
0.08953645095797859
0.06481497278760685
0.047301793117567784
0.060515585279716115
0.01078259089280536
0.050586047463873164
0.001288110146213319
0.038131472540221416
0.0
0.029805674509067955
0.0024056096770341097
0.029259720539812004