0001000000
0.6533944064980617
0.7136791582056489
0.6616208233339489
0.7409082517998896
0.6543058888683776
0.7202787520767955
0.6549520029536646
0.7118331179619718
0.6319111131622672
0.6786043935757805
0.6341032859516338
0.6528982831825733
0.6759968617315861
0.5539966771275615
0.6449949233893303
0.5308750230755032
0.6552981354993541
0.5346594055750419
0.6588748384714791
0.5551966032859516
0.6273998523167807
0.6901421450987635
0.6143968063503785
0.6377146021783275
0.5747761676204544
0.6221617131253465
0.5494277275244603
0.766798966217464
0.5746377146021785
0.8641314380653502
0.6344494184973233
0.9389422189403733
0.6216079010522431
0.9468801919881855
0.5730455048920069
0.9360808565626731
0.5985900867638917
1.0
0.600343824995385
0.9558796381761124
0.6210771644821861
0.884807088794536
0.6133699464648332
0.8649621561750047
0.614189126822965
0.8165497507845676
0.6295689496031016
0.758445634114824
0.6452487539228358
0.8025659959387116
0.6186426989108366
0.7386930035074768
0.57920666420528
0.7380930404282817
0.5515852870592582
0.7288628392098946
0.6004592025106148
0.7092948126269156
0.6019475724570796
0.7002030644268049
0.5935134760937791
0.7545689496031015
0.6205464279121289
0.8004430496584827
0.5644268045043384
0.7249861546981727
0.45617961971571
0.6881576518368104
0.395098763153037
0.6531751892191251
0.42340086763891477
0.6628207494923394
0.45516429758168747
0.7018645006461145
0.43130422743215807
0.7120177219863392
0.41498984677866
0.6911113162266941
0.40490585194757267
0.6868654236662363
0.4064172973970835
0.6712663836071631
0.4518414251430683
0.7067565072918595
0.4383999446187927
0.6426989108362563
0.45647960125530757
0.6061473140114455
0.45464509876315323
0.6566365146760204
0.478932065719033
0.6550212294628022
0.4453456710356288
0.6506368838840689
0.4360347055565812
0.65114454495108
0.48160882407236494
0.6640668266568214
0.5170643345024923
0.6396067934280967
0.4747669374192359
0.6476832194941852
0.4891083625623044
0.6089625253830534
0.5222563226878347
0.6446372530921178
0.501638360716264
0.6365608270260295
0.4744784936311615
0.6117777367546613
0.4700941480524277
0.6719124976924502
0.5048920066457452
0.7386007014952928
0.5292366623592396
0.6909728632084183
0.5689842163559166
0.7262783828687469
0.5767606608824075
0.7194480339671409
0.5835679342809676
0.651236846963264
0.59019060365516
0.6900959940926714
0.5780875023075506
0.6764352962894592
0.656013476093779
0.6644360347055567
0.6945380284290201
0.67597378622854
0.6924496954033602
0.639052981354994
0.7023490862100796
0.6513752999815399
0.7318049658482558
0.6925419974155437
0.7621492523537017
0.6776813734539416
0.7732370315672885
0.6851116854347427
0.7498500092302015
0.6831733431788812
0.7410928558242573
0.626684511722356
0.7479001292228172
0.6965571349455417
0.740619808011815
0.7229555104301275
0.7334317888129964
0.702741369761861
0.7343317334317891
0.7353701310688576
0.7839786782351859
0.614916005168913
0.7802289089902164
0.5226601439911391
0.8083694849547723
0.683588702233709
0.7931973417020494
0.7010799335425516
0.11786966955879646
0.2729370500276908
0.0
0.28932065719032696
0.0815026767583534
0.3457171866346686
0.09370961786966962
0.3645467971201773
0.051885268598855505
0.2936588517629685
0.015552889052981387
0.28424404652021434
0.6728355178142887
0.6682665682111872
0.779686634668636
0.781798043197342
0.7895398744692635
0.6802196787889978
0.7895860254753557
0.6466217463540709