0001000000
0.7107415270897223
0.6134308406070615
0.670545988309612
0.5872716311499041
0.6525254908128229
0.5712301119236716
0.6771251081229849
0.6192498230714792
0.6464968152866242
0.6287908573825062
0.6282273072789706
0.6036801132342535
0.6302324971822495
0.6006395638384315
0.5813215905218736
0.6888154963172655
0.5828287594034233
0.6787502293517864
0.6036276899688081
0.5818720348090483
0.5513223768708552
0.5480590285968912
0.5156614505517549
0.569238027836754
0.5165133286152396
0.5695001441639802
0.5177845928022855
0.5724882702943562
0.4692537548163874
0.6168907761264449
0.4595554507090246
0.6669025713611703
0.5137086839139211
0.6258551545175749
0.5213362690361983
0.5953972372939113
0.5031716075594348
0.6098136352913422
0.46000104846530887
0.6024219548635683
0.42461534428979586
0.6205604047076094
0.3639485203533329
0.6298917459568556
0.3235695001441639
0.6672171109538414
0.31790778747608184
0.636864040261068
0.29946790385573124
0.6752902938324029
0.2931902178186679
0.6827868207910672
0.2561531807816309
0.7082121045319916
0.259508269770124
0.7654583103981549
0.24109459778249578
0.7473198605541139
0.24994102382637404
0.6877670310083618
0.26629708264527785
0.620245865114938
0.2677518282613824
0.6045713087468221
0.2592199418101753
0.6125396450944931
0.30768525071426706
0.620036172053157
0.296414248643548
0.6283190479934995
0.250150716888155
0.6523289035674028
0.2480275746376243
0.6643862546197998
0.23130455296060404
0.6595108909333965
0.182223270687531
0.6420539435401432
0.21100364341694838
0.645094492935965
0.2411208094152185
0.6449372231396295
0.1833372650782416
0.6449372231396293
0.054389137899399656
0.7115671935204843
0.007116458284186468
0.7255642053943543
0.0
0.6817907787476081
0.04733820869701964
0.6708343162695606
0.05898927944221645
0.7468480511651071
0.08636732982097442
0.7545542711855522
0.12816177819716393
0.7501507168881546
0.18307514875101566
0.8299913501612017
0.18812088805011662
0.900867605043118
0.20507981442164028
0.9251395769442478
0.22948284448638306
0.9084165552672276
0.2212523918114858
0.9279180100128436
0.227477654583104
0.95386752640822
0.2238997667164686
0.9645618725590417
0.1486461691698774
0.9908259285470894
0.12976068779324257
1.0
0.17091295116772823
0.9176430499855831
0.17113575004587034
0.9061099315876383
0.166116222379492
0.9611543603051036
0.16977274514429502
0.9876805326203771
0.15293177112002307
0.9641424864354803
0.17092605698408952
0.9091504809834602
0.18086026578595576
0.863175277188016
0.21981075201174274
0.8493355351104818
0.2796519095174438
0.8056669549946266
0.26682131529973
0.8101229325574688
0.27897040706665616
0.7681843202013053
0.2805168933972896
0.7284999082592856
0.30894340908495194
0.763256533249456
0.35427642787869246
0.8210269717700716
0.4044061754606695
0.8363345652800714
0.4330292783937511
0.7632041099840108
0.46377552357736357
0.7684464365285314
0.46032869387434155
0.8841445833660978
0.4578648003984166
0.9140782679353094
0.4663180519514562
0.9079971691436655
0.4476684752693247
0.911090141804933
0.42124714948494146
0.9583235039710623
0.38402663101884615
0.9016539540247961
0.3129668947078712
0.8386936122251059
0.25935099997378835
0.8388508820214413
0.23425336164189658
0.8999764095305496
0.2123797541348851
0.8185106550287019
0.24616654871431942
0.8627034677990093
0.22304788865298403
0.9285995124636313
0.18721658672118674
0.9789258472910279
0.20091216481874652
0.9986369950984246
0.19084689785326714
0.9917171240596578