0001000000
0.8220060877009414
0.23504232854561008
0.7589888709217157
0.2429373157043659
0.7083135165984968
0.1969941976600397
0.6722866926662224
0.10453723960810418
0.738395320079901
0.0803766764957671
0.6919528203177017
0.1409683249310376
0.606606106725007
0.08056691715019496
0.6290069437838864
0.0
0.7286454865404737
0.1679824978597925
0.9979311328830966
0.5741462950632548
0.9880623989346522
0.6742128792923048
0.7984875867972985
0.4454484923428132
0.7941120517454577
0.249405497954913
0.9395034718919432
0.33130409968610286
0.9206220869399788
0.2817464092076475
0.8040045657757063
0.19908684485874634
0.9112765147912106
0.20184533434795
0.9257823646913346
0.31484828307809376
0.7943736326452961
0.6294112051745455
0.7216541424902503
0.7922572053647859
0.7334966232283837
0.5300104632359935
0.7969656615618754
0.5068962237230095
0.7395129839246645
0.446970417578236
0.7527347094074001
0.4270902691905261
0.8009369352230572
0.32816512888804344
0.8132074574336534
0.43203652620564986
0.7509274231903357
0.6204698944164365
0.884928184152953
0.69542471226101
0.9428089032626269
0.7774184343194138
0.8500190240654427
0.4108246932369448
0.6701464853039093
0.38114715114619974
0.5292495006182819
0.559783125653952
0.5381908113763911
0.46875297251022496
0.5604251878626462
0.45182155426614656
0.5223057167316654
0.4612384666603252
0.5156235137448869
0.42404641871968013
0.5349805003329211
0.4880623989346522
0.5521021592314276
0.6813469038333488
0.5450870350994005
0.8144202416056304
0.5425187862646247
0.6198991724531533
0.5700799010748594
0.6616569961000665
0.590007609626177
0.7231047274802623
0.6405402834585749
0.739465423761057
0.6744506801103396
0.6087700941691235
0.7046513840007606
0.5348615999239034
0.7236516693617422
0.5783315894606673
0.7480500332921148
0.4818795776657472
0.7500475601636067
0.25539807856939034
0.6944021687434605
0.16341672215352407
0.837938742509274
0.218681632264815
0.7215828022448396
0.2907828402929704
0.6223485208789119
0.1642728050984495
0.642609150575478
0.14030248264054027
0.660016170455626
0.12508323028631183
0.680799961951869
0.12318082374203358
0.7203937981546656
0.10415675829924849
0.7343051460097022
0.40331018738704455
0.707029392181109
0.5653001046323595
0.6649386473889468
0.6329306572814609
0.6771378293541328
0.6453914201464853
0.6891229905830872
0.533054313706839
0.6497907352801292
0.7247217730428991
0.7207504993817179
0.7437458384856844
0.8428374393607913
0.6623228383905639
0.8422429373157043
0.5789974317511651
0.9442119280890323
0.7692380861790163
0.8704461143346331
0.7680015219252349
0.8549415009987632
0.7358508513269282
0.8646437743745838
0.9035479882050792
0.8045515076571862
1.0
0.7658137543993149
0.5281080566917145
0.7795348615999235
0.31199467326167574
0.8505184057833158
0.2988680681061543
0.8038381052030816
0.5274422144012173
0.8227194901550462
0.5109863977932081
0.796537620089413
0.5574051174736037
0.6259868733948444
0.5937410824693236
0.4636164748406733
0.4153904689432129
0.38271663654522964
0.5124132027014169
0.30635879387425075
0.555883192238181
0.331755921240369
0.5398078569390278
0.330828498050033
0.7228193664986206
0.37463140873204587
0.7826500523161793
0.4617378483781983
0.7831256539522493
0.5610434699895367
0.6709787881670312
0.5988538000570719
0.765147912108817
0.5781175687244363
0.7911157614382187
0.6055835632074571
0.7163511842480738
0.6279368401027297
0.5321031104346997
0.7222248644535336
0.6526205650147433