0001000000
0.15461233729485005
0.49050367855121674
0.14123372948500285
0.6479683078664401
0.1517826825127334
0.6845500848896434
0.15314091680814937
0.5934578381437465
0.14838709677419357
0.5191171477079795
0.1606112054329372
0.4661460101867573
0.18512733446519522
0.4665987549518959
0.17765704584040745
0.5374080362195813
0.17530277306168646
0.5067119411431805
0.18435766836445955
0.32579513299377477
0.1993208828522921
0.2740011318619127
0.21580079230333898
0.26349745331069613
0.2153933220147142
0.24067911714770795
0.2251726089417091
0.279977362761743
0.25546123372948504
0.3894510469722695
0.19481607243916244
0.45573288058856826
0.13652518392756086
0.5478211658177703
0.14050933786078096
0.599343520090549
0.14512733446519527
0.6572948500282966
0.1528239954725524
0.7377023203169213
0.1542501414827391
0.7041992076966611
0.14956423316355405
0.5962648556876062
0.15529145444255799
0.40565930956423324
0.18173174872665537
0.2541709111488399
0.1891114883984154
0.20101867572156198
0.20174306734578382
0.2442105263157894
0.24104131295981895
0.43363893604980197
0.2918619128466327
0.6565704584040749
0.3487945670628184
0.8084210526315789
0.4314883984153932
0.8574985851726086
0.461867572156197
0.8651046972269385
0.4752235427277872
0.8569552914544427
0.5366157328805885
0.8964346349745329
0.6029202037351442
0.8254442558007926
0.6226146010186757
0.7353480475382002
0.7881833616298812
0.660464063384267
0.7604980192416526
0.5853084323712504
0.8179060554612337
0.527719298245614
0.9785398981324278
0.4549179400113187
1.0
0.3995019807583474
0.9776117713638937
0.3474363327674023
0.9194793435200906
0.3051499717034522
0.8289983022071308
0.21903791737408032
0.835653650254669
0.16325976230899836
0.7646406338426711
0.12658743633276742
0.7153367289190719
0.08882852292020368
0.6712620260328238
0.06954159592529709
0.6976570458404076
0.05306168647425017
0.7348047538200341
0.036762874929258636
0.6793661573288059
0.013220147142048678
0.6275268817204304
0.0
0.5580758347481608
0.0016298811544991649
0.5782229767968309
0.005342388228636091
0.5642331635540463
0.008964346349745312
0.5487719298245615
0.0035314091680815007
0.6894397283531407
0.010775325410299953
0.6972495755517827
0.018290888511601586
0.5131861912846633
0.01530277306168649
0.4733220147142049
0.017566496887379754
0.6133559705715903
0.010594227504244493
0.62184493491794
0.011318619128466326
0.6222524052065649
0.009054895302773043
0.7520543293718167
0.012676853423882263
0.7853537068477646
0.014306734578381433
0.8365817770232031
0.013220147142048678
0.8555970571590268
0.012857951329937755
0.6670288624787776
0.011590265987549518
0.4935370684776457
0.0156649688737974
0.40914544425580074
0.01702320316921335
0.3510356536502547
0.021097906055461232
0.3472099603848331
0.02417657045840409
0.3296661007357103
0.022999434069043586
0.31431805319750994
0.019830220713073006
0.35345783814374643
0.01566496887379739
0.3990492359932089
0.015574419920769671
0.46157328805885683
0.022818336162988093
0.5816185625353708
0.02562535370684775
0.47608375778155065
0.026983588002263716
0.395676287492926
0.03232597623089984
0.3353706847764572
0.038664402942840966
0.34490096208262594
0.0497113752122241
0.2547142048670062
0.04572722127900398
0.20108658743633281
0.05188455008488965
0.20885116015846067
0.058585172608941694
0.21969439728353143
0.056502546689303934
0.21584606677985285
0.059037917374080366
0.20914544425580078
0.0686361063950198
0.3474363327674023
0.07325410299943404
0.47400113186191273
0.07415959252971138
0.24588568194680255
0.06872665534804749