0001000000
0.11571346042749854
0.003928365106874653
0.09835355285961872
0.0065087617947236645
0.08082033506643561
0.008626997881763913
0.06742730598883111
0.01024455998459464
0.05736568457538994
0.010629693818601975
0.05248411322934721
0.010360100134796844
0.05452532254958597
0.0098209127671866
0.075736568457539
0.00697092239553245
0.11216060080878104
0.007163489312536113
0.11803389177739264
0.004737146158289997
0.12345465049104569
0.0035432312728673225
0.13651068746389364
0.0026959368380512112
0.15315809743886
0.00030810706720584496
0.1593780088580782
0.0
0.2192278066628153
0.0033506643558636508
0.2801559792027729
0.011862122087425377
0.2982668977469671
0.019218178316965154
0.30630656653186983
0.028846524167148092
0.29160408241864044
0.04217215482380128
0.33342961679183514
0.05445792412863471
0.32202002695936843
0.06173695359137302
0.2694107452339688
0.06250722125938767
0.27105719237435005
0.058309262468707865
0.3344983631812055
0.060080878105141525
0.3467937608318892
0.10818409397265553
0.35685538224533025
0.14284613903331403
0.3936356633930292
0.1458886963219719
0.39627383015597917
0.17797034469478143
0.38916811091854425
0.15586366262276133
0.3331118813787792
0.14373194685153087
0.3348546119776623
0.11161178509532066
0.3402946273830157
0.08561525129982668
0.35414981706142884
0.05572886578085887
0.3415944540727903
0.04775659541690738
0.35573849412670905
0.05707683419988445
0.37714230695166573
0.084421336414404
0.3830637396495283
0.11284421336414403
0.36785095320623923
0.13556710957057577
0.3532158675139611
0.14404005391873673
0.33140766416329676
0.15089543616406703
0.32070094357789336
0.15135759676487576
0.3032351242056614
0.15578663585595992
0.337839399191219
0.15524744848834968
0.3454361640670133
0.15355285961871754
0.34626420181012896
0.1780473714615829
0.3217985750048142
0.22742152898132095
0.29774696707105713
0.26732139418447914
0.31459657230887733
0.31480839591758136
0.32863470055844407
0.38201424995185834
0.3801752358944734
0.3605237820142499
0.3910745233968805
0.3311380704794917
0.3715193529751589
0.381475062584248
0.3351338340073176
0.5096090891584827
0.29502214519545544
0.47587136529944146
0.3033795493934142
0.5282110533410361
0.33552859618717507
0.7116502984787211
0.35690352397458125
0.7636818794531101
0.38690544964375123
0.7486616599268247
0.44381860196418255
0.8020797227036396
0.5396784132486039
0.8430579626420179
0.6193144617754671
0.8760254188330442
0.6255247448488349
0.8620065472751781
0.631898709801656
0.7344502214519545
0.6484209512805701
0.6692855767379164
0.6309551319083382
0.6157904871943003
0.6158675139611016
0.6863470055844406
0.6338051222799924
0.7059118043520125
0.6422588099364529
0.891315232043135
0.5854804544579243
0.8642403235124205
0.5428268823416136
0.7915655690352398
0.5400346620450606
0.9462353167725787
0.537733487386867
0.9755825149239362
0.5387155786635855
0.9537454265357214
0.5440881956479877
0.9503947621798575
0.5339014057384941
0.9240901213171581
0.515414981706143
0.9281340265742347
0.5401694588869632
0.9807433082996345
0.5799922973233198
1.0
0.5931638744463702
0.989948006932409
0.6062391681109185
0.9607163489312533
0.6574908530714424
0.8388985172347392
0.7123242826882341
0.7111111111111108
0.7351530906990179
0.7078374735220487
0.7372424417485076
0.7631812054689004
0.7672539957635279
0.7812439822838437
0.8289524359715001
0.8094357789331794
0.8962160600808782
0.8260735605622954
0.9318890814558058
0.7816676295012518
0.9358752166377817
0.7108415174273062
0.9188234161371078
0.7667244367417677