0001000000
0.2000570233795857
0.7290439080022809
0.2614046759171261
0.8950769815624404
0.36088671355255647
0.9435468542102262
0.4676867515681429
0.972153582969017
0.5558116327694355
1.0
0.6012402585059874
0.8818665652917691
0.6072039536209843
0.6480707089906861
0.6192263828169547
0.5662421592853064
0.6318428055502755
0.5219540011404675
0.6333396692643983
0.4669264398403345
0.6506842805550276
0.4441170880060823
0.6929053411898879
0.42843565862003424
0.7307783691313434
0.4119939175061776
0.7361243109674964
0.2709560919977193
0.7908429956282075
0.13086865614902127
0.787944307165938
0.025660520813533514
0.6954476335297471
0.0
0.6556500665272761
0.04457327504276773
0.6997243869986692
0.27855920927580313
0.6904818475574984
0.46512069948678936
0.7440838243679908
0.5941836152822657
0.7295903820566433
0.7136475955141608
0.6582161186086294
0.7933852879680668
0.6912659190268007
0.853259836532978
0.6044240638661851
0.8808211366660332
0.6526800988405247
0.8787302794145602
0.5535544573275043
0.8742634480136854
0.5105255654818475
0.8916555787873026
0.32016251663181905
0.8787302794145598
0.29431191788633343
0.6953050750807831
0.36159950579737693
0.49743394791864676
0.3182854970537921
0.3529747196350504
0.3285259456377114
0.24396502566052072
0.2811727808401444
0.2789393651397071
0.22277133624786158
0.267534689222581
0.24776658429956283
0.18589621744915433
0.2510691883672306
0.2814103782550845
0.2634004942026231
0.3231324843185708
0.251568142938605
0.24491541532028116
0.23916555787873028
0.35915225242349375
0.24246816194639803
0.4804219730089334
0.2378350123550656
0.5445732750427678
0.2860197681049231
0.5800228093518343
0.2834537160235698
0.6273522144079068
0.2642558448964076
0.737217259076221
0.27083729329024897
0.8413799657859717
0.24137521383767355
0.8785402014826077
0.26387568903250347
0.8567762782740922
0.2739498194259647
0.7738072609770001
0.3329452575555977
0.6882721915985552
0.34099980992206824
0.6785782170689981
0.3352737122220111
0.6969207375023758
0.32322752328454674
0.6751568142938603
0.33845751758220866
0.6491161376164226
0.34116612811252617
0.6496863714122789
0.34964835582588855
0.6472153582969016
0.3987835012355066
0.6276373313058351
0.36293005132104167
0.5927580307926249
0.35765538870937086
0.5245200532218206
0.4009693974529558
0.24101881771526318
0.3773284546664133
0.16470252803649527
0.4160568333016539
0.18437559399353745
0.3872125071279223
0.22799847937654433
0.4120176772476716
0.3392891085344993
0.41745865804980065
0.47738072609770016
0.37359817525185324
0.596464550465691
0.3452765633909903
0.7315149211176581
0.3360815434328075
0.8204713932712404
0.34582303744535253
0.8569663562060447
0.35841570043717935
0.8783501235506559
0.3599838433757841
0.8676107203953619
0.3566099600836342
0.8491731609960083
0.359746245960844
0.7528986884622693
0.38158144839384156
0.5714693024139897
0.42335107394031557
0.3269340429576127
0.4669264398403345
0.1869416460748906
0.47935278464170306
0.13381486409427873
0.48035069378445155
0.09503896597605031
0.4935611100551227
0.12687701957802716
0.48671830450484693
0.18342520433377693
0.4703240828739783
0.21193689412659186
0.45986979661661276
0.2424444022049041
0.4652394981942596
0.27618323512640197
0.4707279984793765
0.29946778179053407
0.46041627067097507
0.3058353925109294
0.4491066337198253
0.32142178293100154
0.425750807831211
0.34993347272381686
0.4101168979281506
0.40372552746626106
0.4122552746626117
0.4631248812012927
0.4313581068237976
0.5108344421212695