0001000000
0.29488236413215807
0.01953199315111927
0.20751157334009776
0.01737586403703462
0.15857061322848628
0.009956243262096424
0.14455577398693642
0.006214725093537863
0.13729469211744563
0.0043756737903481195
0.1369776143065509
0.0013951423679370908
0.14864607774747923
0.0
0.16732196080918257
0.0055171539095694045
0.18901008307438655
0.016424630604350295
0.19902974189866196
0.02917115860232099
0.2001395142367937
0.055869110279662536
0.20801889783752942
0.09353795421396413
0.22139958145728963
0.11357727186251501
0.23985351005136663
0.1650072927896506
0.23438391781343149
0.22613989473016685
0.24624262794089682
0.2679941657682796
0.2588464709239648
0.3130192149153403
0.28113704102986875
0.35918574418162225
0.33662565793645766
0.4150548544612847
0.4459382332424379
0.4615384615384615
0.4808643541124993
0.5006024478407003
0.4466199505358616
0.5111928467245864
0.4048608028410172
0.5203881032405353
0.3417940262540428
0.5545690912549941
0.3102447840700109
0.5709303062971656
0.32259496480436306
0.5929355063732641
0.36067600989282783
0.6075210856744245
0.35463567759528186
0.6182383156826685
0.3709651848563638
0.6342190373517661
0.3614211427484306
0.6551461728708223
0.3340890354492994
0.6710000634155622
0.3424915974380114
0.6855856427167226
0.34875388420318354
0.7046103113704105
0.3694273574735241
0.7376498192656478
0.45240662058469155
0.7510939184475872
0.5071501046356778
0.7505231783879763
0.5019024668653689
0.7618745640180099
0.48187900310736276
0.79478724078889
0.49559261842856245
0.8247828016995374
0.49240598642906974
0.8348658760859918
0.46838734225378914
0.8043629906779123
0.45882744625531113
0.7784260257467184
0.5455957892066714
0.7877481133870256
0.43574418162217016
0.7734796118967598
0.4192085737840067
0.7293423806202042
0.48265584374405485
0.751347580696303
0.5420920793962839
0.7523622296911664
0.5858963789713997
0.7472255691546708
0.5965026317458307
0.8480563130192152
0.5834231720464202
0.810704546895808
0.603414928023337
0.7580062147250934
0.643017946604097
0.7630794596994102
0.6386264189232038
0.7352400279028476
0.6876625023780836
0.7089859851607588
0.7503804933730739
0.8760225759401358
0.7666782928530663
1.0
0.7484938803982499
0.9279599213647032
0.7526634536115164
0.8274462553110536
0.7239520578349932
0.5855158855983261
0.7296118967594649
0.5439152768089293
0.6534973682541698
0.5860866256579368
0.6657207178641641
0.6251506119601749
0.6892637453231025
0.574608408903545
0.7016931955101784
0.3551905637643478
0.7065127782357793
0.13329951170017112
0.7516329507261084
0.12182129494577967
0.7753979326526731
0.14896315555837403
0.7889371551778808
0.15118270023463748
0.8143509417210987
0.1570169319551018
0.8381476314287527
0.1753440294248209
0.850260003804934
0.1882808041093284
0.8652102225886236
0.1958906715708035
0.8072166909759658
0.2105396664341429
0.8095313589954979
0.233432684380747
0.7881603145411885
0.2455450567569281
0.731752171983005
0.25055488616906596
0.6578413342634285
0.25201344409918197
0.7262825797450696
0.24668653687614947
0.7564208256706197
0.25917940262540445
0.7084628067727821
0.29228232608282084
0.588797640941087
0.30883378781152904
0.550684888071533
0.29380429957511567
0.5638436172236667
0.29519944194305286
0.5070391274018647
0.3272877164056061
0.4784387088591541
0.33705371298116577
0.5054220305663012
0.31777538207876227
0.43775762572135213
0.3248779250428056
0.3875483543661616
0.3647663136533707
0.38165070708351834
0.3948887056883759
0.45995307248398776
0.4127718942228423