0001000000
0.5595502364636622
0.07200077212624277
0.5857783997683623
0.097577453913715
0.6026927902712096
0.13261268217353545
0.606456905704083
0.16542804748576406
0.5989286748383365
0.19322459222082797
0.5863092365601777
0.21609883215905812
0.5738587008975972
0.2274876942380081
0.5612151336743559
0.2328925779364929
0.545989769327285
0.22565389441173642
0.5370620596467527
0.22005597915259148
0.5269520316571764
0.21030788533925318
0.5154425248528137
0.20567512788340897
0.518651674548789
0.06678891998841824
0.5308126628703795
0.0055979152591450415
0.5433597143132903
0.0
0.5425634591255671
0.030595502364636686
0.5503329794421389
0.035421291381140876
0.6070842582762284
0.08753981275938619
0.6715567995367245
0.10143808512691818
0.7441125373998653
0.13338480841617623
0.7734774635652931
0.15519737477077483
0.7539571469935337
0.1760447833220733
0.7564424283370333
0.19312807644049806
0.7700028954734103
0.17884374095164565
0.8140140913039283
0.1855998455747517
0.7921050091689996
0.20113888620789494
0.768651674548789
0.22845285204130886
0.7653460090724837
0.26821735353730336
0.8033249686323716
0.3209149695975294
0.7783515104719624
0.3753498697036967
0.7213106842968828
0.42881961200656304
0.6314062349194095
0.4725412604960914
0.5757166296689509
0.5119196988707655
0.5768989479779945
0.550139947881479
0.5478959559888044
0.6037062059646756
0.6005935720490304
0.6732940835826663
0.6837177878583149
0.7358363092365603
0.6530981565485958
0.7959656403822026
0.5842582762281635
0.8619824341279804
0.5565582472734294
0.9272271016311171
0.565244667503137
0.9802142650323336
0.5609014573882833
1.0
0.5695154907827432
0.9967184634687771
0.5978911301997879
0.9818550332979445
0.6298861113792108
0.9584982144580639
0.6652350159251039
0.9391950583920479
0.7186082424476407
0.9418975002412898
0.7530643760254806
0.9635170350352287
0.7694961876266774
0.9687288871730532
0.7044928095743657
0.9461441945758136
0.736318888138211
0.9128462503619346
0.7803300839687292
0.9104333558536825
0.781705433838433
0.9143905028472159
0.7743219766431813
0.9278061963130976
0.7822121416851657
0.949715278448027
0.7508203841328062
0.972879065727246
0.7242061577067853
0.9903484219669919
0.7846974230286656
0.9990348421966995
0.7889682463082714
0.9951742109834961
0.7372357880513467
0.9756780233568192
0.6666344947398901
0.9446964578708623
0.6336743557571665
0.9039667985715665
0.556678891998842
0.8591834764984075
0.5029437313000679
0.8159444069105304
0.4888765563169581
0.7561046231058784
0.3839397741530742
0.6616156741627254
0.3839397741530742
0.5677058199015538
0.3841810636038994
0.4801660071421677
0.38994788147862175
0.3980310780812664
0.40609014573882846
0.3364540102306729
0.42095357590966137
0.29688254029533834
0.40715181932245953
0.25489817585175195
0.4057282115625908
0.21194865360486434
0.4057282115625908
0.17189460476787943
0.4094923269954639
0.13145449280957427
0.4334041115722422
0.11591545217643086
0.4484123154135701
0.11726667310105203
0.4514525624939677
0.12064472541260522
0.44040150564617325
0.1514332593379018
0.426310201717981
0.19052215037158599
0.44488948943152234
0.20113888620789494
0.4632998745294857
0.20451693851944813
0.47862175465688667
0.22082810539523232
0.5111717015732073
0.24862465013029647
0.5580542418685459
0.28597625711803903
0.5575716629668953
0.3216870958401701
0.5777193321108003
0.3435961779750986
0.6040681401409133
0.35151047196216584
0.6298137245439631
0.3444648199980699
0.6516986777338096
0.32738152687964484