0001000000
0.7989090704605523
0.8729685654838892
0.7803239048529494
0.8189281898442334
0.8673171006016982
0.8826407242872405
0.9250970027554407
0.8717314288927627
0.9292723387504919
0.8957993589383122
0.9418264634763539
0.8931001518304004
0.9147359838047574
0.8158915818478324
0.8326632176798068
0.746049597930608
0.8638306247539784
0.7190575268514868
0.9040375639655852
0.8307934544227629
0.9004667378957428
0.8952932576055781
0.9290474048248326
0.9443288533993132
0.8833436428049259
0.9970196254850144
0.8952229657538098
1.0
0.9571079120508351
0.9349378620030365
0.9174914243940844
0.9550132148681322
0.8817972220660181
0.850306472473711
0.9320980711915875
0.7968284316482034
0.8804897936231231
0.7160771523365013
0.8359950514536355
0.7165832536692347
0.8524152280267671
0.8147669122195355
0.8864786593938034
0.8030703480852499
0.8552269020975086
0.6828993983017487
0.854214699432042
0.7091604341224762
0.8316088399032784
0.7598268008772423
0.806598999044031
0.6212112691896755
0.7863971208457515
0.5450711353539894
0.7818000337400889
0.5524939549007479
0.7290811449136813
0.7192824607771467
0.606576505651465
0.7982342686835738
0.5288337175954564
0.8116178372603048
0.5231963110836191
0.5940504976663101
0.45353708598099307
0.47910926165438894
0.31610245740313775
0.3594444132036214
0.3163273913287972
0.15756621492436595
0.27658437833886296
0.05932632289265038
0.2478631277062362
0.1001518303998199
0.23719282460777147
0.11482876904909177
0.24105887645504134
0.0759151999100262
0.26003767643254794
0.045998987797334336
0.23110555024461565
0.07597143339144104
0.23134454254062872
0.17151211831524488
0.19060338525558113
0.299836922903897
0.15856435921947926
0.2306697407636507
0.1250351459258842
0.25709947702862274
0.10300567958162285
0.2894899623235674
0.09881628521621769
0.2978125175729629
0.10902266209301012
0.3407186638924812
0.12416352696395437
0.42090760839003527
0.11596749704774226
0.4687623010740594
0.1297728167350841
0.5068886014733172
0.11778102682337056
0.5784175898329866
0.09420513974020138
0.4590339087892931
0.10338525558117308
0.33003430242366305
0.09435978181409217
0.2351121857954224
0.08503908226958327
0.12376989259405062
0.08957993589383115
0.0
0.12565371422144747
0.016251476128887173
0.07975313501658875
0.056064780970589784
0.050553899791936016
0.12152055333745694
0.07039026036101893
0.1964235505820165
0.052775122307822074
0.23415621661137043
0.07162739695214529
0.2463588820783895
0.07261148287690479
0.353371197210819
0.11343699038407472
0.5209469718270259
0.1723977956475286
0.47146150818197147
0.2241185401788225
0.49339256593375685
0.19962885902266203
0.665017151211831
0.17356464038688632
0.6933588258449084
0.23529494461002062
0.5454085362424786
0.27943822752066577
0.49209919586121587
0.36373221616150253
0.6028791542484393
0.36374627453185626
0.6702468649834107
0.31473879547882805
0.8349547320474612
0.33921441826463467
0.9621548670078167
0.3969099701962549
0.9778440083225557
0.4222993870550523
0.8364730360456617
0.47891244446943704
0.7671371534611711
0.5361018950683237
0.7761345104875446
0.5496682224596523
0.772929202046899
0.6057751785413032
0.920485857279424
0.7401029072709894
0.9538885452398362
0.7510543777765282
0.9472529944328848
0.8044058932688525
0.8605971995726255
0.8450486419614238
0.7954225946128325
0.8083422369678906
0.7420570207501545
0.780731597593207
0.6643985829162685
0.7951836023168194
0.6352696395433841
0.7728729685654842
0.636056908283192
0.6913765956250351
0.5704324354720799