0001000000
0.33412942989214195
0.29214175654853625
0.3816640986132515
0.11063174114021584
0.40698510529019016
0.0845403184386233
0.3712121212121212
0.018798151001540635
0.3903184386235235
0.0
0.4521314843348741
0.16466358500256797
0.3754237288135595
0.4080123266563942
0.2969183359013868
0.39465844889573737
0.303954802259887
0.3367231638418083
0.24853620955315875
0.3972265023112477
0.23320493066255765
0.3985618900873136
0.27991782229070367
0.35017976373908577
0.38410374935798663
0.3300462249614792
0.5347971237801749
0.30724191063174133
0.5329994863893168
0.360657421674371
0.49324601951720626
0.3550077041602465
0.4595531587057012
0.2675911658962507
0.49411915767847997
0.3784283513097074
0.7079866461222397
0.5125834617360042
0.6334360554699542
0.5155624036979972
0.5893168977914747
1.0
0.5400873138161273
0.6932717000513616
0.43181818181818177
0.5989727786337958
0.47272727272727283
0.6224961479198767
0.5727015921931177
0.7118644067796608
0.6425012840267079
0.5675398048279401
0.8282999486389322
0.548536209553159
0.6866974833076528
0.4680020544427325
0.5368002054442735
0.3248073959938367
0.5540318438623526
0.30282485875706217
0.4390857729840782
0.2819722650231125
0.39607087827426846
0.300975860297894
0.36617873651771954
0.25814072932717
0.2623780174627633
0.5216230097586029
0.3325372367745249
0.5395993836671803
0.4068567026194144
0.4648176682074988
0.4274781715459683
0.4677966101694911
0.42891628145865446
0.48310220852593705
0.33387262455059086
0.4254750898818691
0.4235490498202362
0.5039548022598871
0.43798151001540847
0.5902413970210585
0.4222650231124809
0.6521828454031846
0.3645095017976372
0.840164355418593
0.22480739599383653
0.9001540832049311
0.21278890600924488
0.876425269645608
0.2214689265536722
0.9454545454545459
0.13967642526964552
0.9988700564971755
0.05816640986132508
0.8218798151001542
0.02781201848998439
0.7993836671802776
0.0382639958911147
0.8449922958397539
0.08225475089881847
0.8497175141242942
0.10693374422187976
0.8694401643554183
0.10490498202362604
0.8290703646635853
0.19052388289676414
0.8320493066255779
0.1775808936825885
0.8696456086286602
0.24301489470980964
0.8847457627118649
0.2777092963533644
0.650333846944017
0.29976887519260403
0.6695428864920394
0.24863893168977902
0.6737544940934777
0.17691319979455564
0.5544940934771442
0.26327683615819214
0.42280431432973836
0.33181818181818185
0.5966101694915258
0.2955059065228557
0.5113507960965591
0.24506933744221884
0.44129429892141714
0.2774524910118131
0.4520801232665635
0.5848741653826404
0.46019517205957894
0.705546995377504
0.3595274781715461
0.49845916795069345
0.30282485875706217
0.48875192604006157
0.22568053415511066
0.5251412429378534
0.27077555213148435
0.4913713405238832
0.39034411915767847
0.5005649717514126
0.16384180790960443
0.40102722136620417
0.1756548536209552
0.36938880328710855
0.284643040575244
0.45272213662044164
0.2967642526964561
0.5359013867488447
0.16908063687724675
0.6367231638418082
0.09275808936825881
0.534309193631228
0.2738572162300976
0.42519260400616327
0.43163841807909636
0.43582434514637935
0.5829481253210069
0.40272213662044165
0.5216230097586029
0.4472521828454033
0.5137134052388295
0.4849768875192605
0.4010272213662044
0.49517205957883936
0.42362609142270136
0.6762711864406782
0.4313302516692345
0.8110683102208531
0.25002568053415497
0.6682588597842837
0.6734463276836157
0.6526707755521317
0.8846430405752445
0.5791474062660504
0.6307139188495121
0.6286851566512583
0.4398561890087315