0001000000
0.2595920733635502
0.0
0.3800463792558239
0.07262569832402242
0.42502898703488995
0.10530199219985248
0.4336460419521452
0.18267102350585027
0.574075050068515
0.24148835248234446
0.5957889743860021
0.22536102034362834
0.6079635290397388
0.20090650363655532
0.6227996205333615
0.1692842837567198
0.6500474333298201
0.14198376726046189
0.6881522082850217
0.12090228734057143
0.7031727627279436
0.10055865921787714
0.708495836407716
0.08169073468957533
0.6974544112996736
0.07494466111521036
0.6877832823864238
0.0687256245388427
0.6735005797406981
0.06145251396648039
0.6577158216506802
0.06345525455887012
0.6385316749235797
0.06514177295246139
0.6317328976494152
0.07420680931801424
0.6800358385158639
0.08569621587435444
0.7175081690734693
0.09665858543269752
0.7332929271634869
0.110256139981027
0.7403552229366503
0.1312322125013175
0.7496047222515023
0.16854643195952362
0.758880573416254
0.2112364287973017
0.7740855908084749
0.2527669442394857
0.8055233477390115
0.2918730894908823
0.7691314430273005
0.3268683461579001
0.7351902603562771
0.35859597343733557
0.7128438916411933
0.38800463792558243
0.7318699272688945
0.40676715505428496
0.8407557710551282
0.41920522820702033
0.7340834826604831
0.42668915357858134
0.7214082428586488
0.44186781912090245
0.7442552967218301
0.4622114472435968
0.7191683356171604
0.4875092231474651
0.6671761357647307
0.5427427005375778
0.6283335090123329
0.5743649204174135
0.529250553388848
0.5387372193527986
0.3555918625487509
0.6418256561610627
0.36629071360809534
0.7745335722567721
0.3954358595973439
0.7915041635922846
0.46616422472857605
0.8634974175187101
0.6031938442078636
0.7848634974175187
0.6269368609676401
0.5452724781279646
0.6941077263623907
0.4653736692315802
0.7235427427005379
0.4754927795931276
0.660640876989565
0.45957626225361053
0.496363444713819
0.4369136713397284
0.44985242964056094
0.4046590070622958
0.3787024349109308
0.40887530304627406
0.46505744703278185
0.41519974702224116
0.5893064193106358
0.5143881100453255
0.5948930114894068
0.6082006956888375
0.6196373985453779
0.731211131021398
0.6329714345947087
0.789079793401497
0.6782702645725733
0.7911879413934862
0.6994044481922634
0.7617792769052392
0.7155317803309795
0.6858859491936339
0.7447559818699275
0.6476230631390322
0.7989617371139456
0.6488879519342258
0.8169073468957523
0.7456519447665229
0.7480763149573102
0.6845156529988407
0.6887319489828189
0.7463897965637188
0.6974280594497737
0.8241804574681142
0.8960683039949408
0.7294192052282071
0.9603668177506065
0.8088963845261942
0.9169126172657324
0.7822283124275327
0.9886423526931593
0.7331084642141877
1.0
0.6778749868240755
0.8627859175714139
0.6820912828080532
0.8824707494466114
0.6873616527880256
0.9791820385791085
0.6874670601876255
0.9202856540529146
0.6756614314324867
0.8297143459470855
0.6590070622957734
0.838120586065142
0.6338146937915043
0.8628122694213135
0.6040898071044589
0.9049225255612945
0.5776325498049966
0.9870348898492675
0.5498049963107409
0.9908559080847475
0.531674923579635
0.9724623168546432
0.5095393696637507
0.9550173922209342
0.4894065563402552
0.938178560134922
0.4712764836091497
0.9223674501950038
0.4819226309686941
0.9009170443765155
0.5078528512701592
0.8762517128702436
0.519447665226099
0.8701380836934755
0.5370507009592078
0.7298144829767053
0.4944661115210291
0.6773479498260779
0.30715716243280283
0.7019078739327506
0.333825234531464
0.7451512596184254
0.49804996310741023