0001000000
0.4644924050829313
0.4804114753844009
0.4165490062217808
0.40953592651781945
0.3747808412592514
0.32271027602364577
0.40795332888550995
0.27485997114086674
0.45516749158275266
0.2759150362290734
0.47099346790585106
0.29341670416285254
0.47856511148003916
0.29788521512466837
0.5249569440350033
0.2710120867015252
0.576422398411196
0.23036104947944958
0.6096879800158261
0.18480706272982575
0.6054522039999378
0.1519759196909279
0.5836216660718997
0.12541310452902188
0.5513025399140432
0.10207754728398331
0.5257327271880964
0.09345083862158841
0.5397899179221426
0.09289227475136153
0.5828613985818686
0.12001365378349456
0.6122790957471567
0.1718359684101099
0.6733021985694557
0.2214240275558177
0.7097640067648289
0.29658189942747215
0.6859629796279345
0.3547346045833266
0.6397573350297123
0.3798699787435419
0.6417433399016306
0.3856418054025537
0.5939550976710989
0.36298893733223675
0.6209523513987372
0.31557307101518994
0.623202122542707
0.2942235186420692
0.5727296706024732
0.31377325410001394
0.5425672216102154
0.3400257560006827
0.4899225768413213
0.3575274239344616
0.46837132084839656
0.3719880219081164
0.45383314455943274
0.41934182557291544
0.4543141301143504
0.47594296442258477
0.4778824223053172
0.5052365362833782
0.5020403096926346
0.47532233790011014
0.4867884129028256
0.39588214302338226
0.4932118974104359
0.3332609269057113
0.4734604583326869
0.3026640393477215
0.4311026981738066
0.28212130145381764
0.41052892895377885
0.2702052722223082
0.44225845991528434
0.2481730306744658
0.40069199857255905
0.21757614311647605
0.396688957502599
0.19473708708941675
0.3214690229786971
0.1760562287629363
0.29158585592155295
0.18226249398768046
0.3213914446633877
0.19386820995795231
0.34945927914229413
0.20206048005461513
0.3897224247878235
0.22049308777210602
0.3601495709919165
0.30862205396347625
0.26162511054909926
0.5090223580704724
0.22643558672479877
0.6398504290080833
0.23849125692386472
0.7296550868101344
0.24634218243316622
1.0
0.21284386588260848
0.8936866767001285
0.1914322508572404
0.5634513040914805
0.17067229368047046
0.5457013855487116
0.1642177778467363
0.6823012831453348
0.2001675691610681
0.7276690819382167
0.24382864501714477
0.7512528897922452
0.2075530247785139
0.8452778079471227
0.20775472839831807
0.8323687762796542
0.16165769344152925
0.7781260182153886
0.13386914089773644
0.705512715085879
0.12701121782439367
0.5677956897488018
0.10251198584971531
0.6121084234534764
0.12522691657227977
0.6139082403686523
0.19400785092550918
0.6467393834075498
0.20939938868287522
0.6184388139827157
0.20058649206373833
0.43640905494096277
0.24143923290561817
0.2791422941459404
0.23254875797117197
0.24072551240477236
0.2462801197809188
0.2973887139066889
0.2509193030364153
0.3163798854944067
0.20311554514282165
0.2682813300026377
0.1575150114040124
0.28491412080495276
0.13970303020899602
0.28056973514763156
0.1417355820700997
0.24569052458456772
0.10567718111433483
0.22303765651425123
0.07580952972025264
0.2299886735659647
0.1024964701866534
0.25388279468123087
0.18072644334455634
0.3516314719709545
0.20823571395323578
0.58604210950955
0.18753781942871328
0.8293897689717767
0.15402398721509367
0.9180152363811268
0.10317915936137538
0.8877286620843743
0.06840855843974492
0.802020139330654
0.068175823493817
0.7908488619261146
0.06899815363609563
0.7017889559510324
0.044514437324479024
0.653628337807016
0.014724364245706084
0.6563590945059036
0.0
0.710912165831407
0.010162759305518913
0.6438845014041676