0001000000
0.5103527607361963
0.558501314636284
0.5381244522348816
0.6152497808939527
0.5275160677768038
0.6469471224072451
0.4571830265848668
0.6798860648553899
0.40266213847502186
0.6653520303827052
0.38266871165644156
0.5942886356996782
0.3684085597429154
0.32843996494303246
0.34456251825883705
0.22567922874671348
0.3404360210341803
0.46041484078293843
0.41277753432661374
0.5757376570260007
0.4729404031551268
0.4880952380952375
0.4708588957055212
0.27716914986853625
0.4265812153082091
0.10918784691790798
0.3944091440257084
0.14753140520011676
0.41743353783231074
0.29257960853052833
0.43505331580484946
0.36013730645632475
0.3936057551855097
0.3464066608238385
0.3755842827928713
0.41367221735319903
0.4415534618755478
0.5257814782354658
0.5352578147823546
0.4897020157756351
0.5930105170902715
0.4241893076248904
0.6185546304411332
0.425211802512416
0.6019756061933974
0.3833625474729769
0.45789512123867926
0.37058136137890724
0.43209538416593624
0.3813905930470349
0.3623831434414255
0.3720420683610868
0.33327855682150165
0.44237510955302356
0.2409070990359333
0.4828366929593918
0.16575372480280445
0.31587788489629
0.10376497224656732
0.354951796669588
0.07451431492842538
0.30061349693251477
0.08985173824130867
0.13657610283377175
0.08243865030674848
0.12065439672801645
0.07546377446684224
0.1382559158632779
0.09324788197487596
0.042287467134092975
0.11221881390593057
0.0
0.13692302074203908
0.09465381244522349
0.13235831142272855
0.14731229915279
0.11333260297984235
0.10444054922582514
0.13051416885772707
0.053754016944201316
0.1536481156879933
0.08976044405492259
0.18067119485831157
0.12028921998247175
0.18624014022787014
0.12058136137890749
0.18928936605316973
0.13022202746129133
0.1837386795208881
0.15176745544843695
0.12631463628396153
0.14526730937773874
0.16451212386795197
0.12876132047911185
0.19389059304703463
0.19011101373064535
0.2393185801928131
0.2772421852176455
0.2587094653812444
0.34231668127373677
0.2395194274028629
0.31770376862401395
0.21275197195442588
0.36860940695296524
0.16995325737657027
0.45778556821501604
0.1801234297399943
0.5151183172655561
0.1600934852468595
0.4839322231960263
0.14460999123575816
0.3604294478527602
0.205284107508034
0.27103418054338274
0.29214139643587494
0.2275051124744377
0.27605536079462445
0.21435874963482307
0.2501825883727726
0.1654250657318141
0.23097429155711358
0.12854221443178493
0.19597210049664035
0.1890885188431198
0.15275343266140828
0.33676599474145474
0.11877373648846037
0.49496056091148055
0.18240578439964955
0.489921121822962
0.21839395267309386
0.5124890446976336
0.2093923458954136
0.6274466841951505
0.22182661408121537
0.5955302366345306
0.2616126205083258
0.6301489921121823
0.3088482325445515
0.61327782646801
0.3637525562372187
0.6210195734735607
0.382175723049956
0.7884896289804261
0.38482325445515614
0.8675869120654394
0.4273663453111305
0.9156441717791407
0.47158924919661116
0.8819018404907975
0.4778155127081507
0.872918492550394
0.47640958223780333
0.9293017820625181
0.46382924335378295
1.0
0.4214139643587494
0.9325153374233125
0.38089760444054893
0.7700847210049662
0.4093631317557696
0.666739702015775
0.40238825591586325
0.46129126497224654
0.41947852760736176
0.3469909436167104
0.4440001460706984
0.3267601519135262
0.5086364300321354
0.7567192521180247
0.5844836400817994
0.7724948875255616
0.6341841951504525
0.7213701431492844
0.7143404907975456
0.7570844288635697
0.7070734735612032
0.6911335086181706
0.6783705813613786
0.42725679228746694