0001000000
0.5491549237571799
0.19360304144799345
0.5609116079176824
0.18442910864085282
0.546964750609529
0.18194966734162565
0.5378528038348689
0.19112360014876636
0.5540311583123269
0.22691020290094624
0.5993842720773583
0.2505475432869125
0.6197570147526755
0.25112607959006567
0.6330013636927143
0.25368816893260066
0.6496962684408447
0.23013347658994143
0.6811438489193765
0.20781850489689657
0.7534815488243313
0.19368568949130124
0.7573040208273065
0.22071159965287807
0.6543245588660686
0.21897599074341914
0.5980412413736103
0.20228108599528902
0.5384726641596761
0.20161990164882834
0.4496466796148598
0.23980329765692796
0.38429273936939534
0.2841026488697879
0.3648704491921153
0.34493160874416295
0.3836108930121077
0.4504731600479356
0.38910698789206144
0.5608082978635475
0.3741683540642175
0.6425472126947394
0.37323856357700724
0.7169304516715559
0.36042811686433307
0.8070168188768129
0.3724534071655853
0.6839538823918337
0.4102029009463201
0.5340303318318934
0.3835489069796269
0.5663457167651552
0.38201991817843706
0.5696516384974579
0.37296995743625766
0.5166742427373027
0.35821728170585543
0.5217157733790647
0.338505723376999
0.4443572048431752
0.27744948138352815
0.384520021488491
0.275341956279185
0.37377577585850663
0.28866895326253145
0.38823918343733205
0.3335261787677175
0.4217116409768997
0.30166535807264766
0.4281581883548903
0.2579858671845944
0.43030703748088733
0.22881110789702053
0.3962560436381668
0.22135212198851184
0.2589776437042853
0.24658043720814907
0.19947105252283157
0.2639365263027397
0.18955328732592253
0.2617670151659159
0.18013141038885902
0.25449398735484946
0.19566924253068296
0.22124881193437732
0.22005041530641756
0.17488325963882798
0.2672424480350427
0.13913798090830187
0.31302946402743886
0.12882763750568196
0.3406339104921688
0.11116161824868796
0.34840282656308097
0.10868217694946065
0.2981528162320753
0.1097359395016323
0.2676556882515804
0.10056200669449138
0.21153766684573744
0.07545766353981567
0.1437662713335262
0.055518823091863304
0.16756890780610753
0.05473366668044142
0.13789826025868843
0.036261829001198426
0.14732013719575177
0.009359890904582821
0.1780652093061696
0.01683953882391832
0.2617050291334349
0.030641762056283352
0.36716393239390066
0.07686268027604444
0.491631885615108
0.11087235009711152
0.6436216372577374
0.13322864581181038
0.7086656473407987
0.16194884086119246
0.7381709988016031
0.21573205504359677
0.7680069424356375
0.20432662506715155
0.8818132980701681
0.1909376420513245
0.8562750526881272
0.19825199388404469
0.7731311211207075
0.19383032356708965
0.7763543948097025
0.1799661143022438
0.8124715897351127
0.1748419356171741
0.8675151865779577
0.15670069011116147
0.9666101905037386
0.11368238356956899
1.0
0.04713004669614441
0.9408240009917763
0.0
0.8303235670895491
0.007810240092565798
0.7264349766519277
0.05973387330054968
0.6434563411711226
0.09080953758419764
0.5559320633084006
0.10155378321418235
0.5014670027687095
0.08845406834993184
0.5621306665564694
0.06258523079466093
0.6804000165296087
0.049774784081986795
0.7692466630852514
0.04679945452291418
0.725360552088929
0.0947559816521344
0.6527955700648788
0.13636927145749814
0.5506425885367164
0.1364725815116326
0.4447704450597131
0.19085499400801675
0.3733625356419683
0.2773048473077399
0.3005496094879954
0.3555932063308401
0.34633662548039146
0.4336956072564981
0.46096946154799784
0.5154551840985161
0.526096119674366
0.5528947477168475
0.5832885656432084
0.5379561138890037
0.6520517376751102