0001000000
0.1875184550876986
0.4073111675426682
0.19870962026811564
0.3427626528081262
0.18710506112325048
0.2679383452430168
0.16670111616370406
0.18962971712041593
0.15983582353983355
0.0982696509773816
0.1722228784031182
0.02734305793421136
0.2017953109313175
0.0
0.24502450835646383
0.0067914722730763434
0.2863639048012757
0.0390362015000296
0.3370194295163292
0.07517864524892223
0.3706224531978978
0.09720663792594342
0.38686293037264524
0.10825016240477174
0.39090828559617324
0.14297525541841377
0.3769710033662081
0.17982637453493178
0.3619116518041696
0.24053623102816976
0.36281226008386
0.3006555247150535
0.37460875214079026
0.3287663142975258
0.3543524478828325
0.35534164058347606
0.3580877576330244
0.3353806177286954
0.37366385165062316
0.3326640288194651
0.36235457390893544
0.3845154432173864
0.37530266343825675
0.4198310990373827
0.3543524478828325
0.3994566822181539
0.35856020787810805
0.39160219689363984
0.3584716234571549
0.41014586901316974
0.3371965983582355
0.4035315655819996
0.38078013346719425
0.38752731352979397
0.42777416878285013
0.3749483257544441
0.4444428039922047
0.3706962735486919
0.4430402173271129
0.3562865410736432
0.40515561329947447
0.2857733419949212
0.3924880411031714
0.20687415106596593
0.4151213606567059
0.15596763715821188
0.4689806885962323
0.11421484674895184
0.5060680328352922
0.06874151065965874
0.4943453611291561
0.044410323037855116
0.5165948148585603
0.05935156203862284
0.528361778775173
0.13535699521644134
0.5499320852772694
0.2516388117876336
0.5743666213901851
0.34441622866591853
0.6175072343943779
0.44687887556841677
0.6470944309927361
0.5886730053741217
0.6589056871198253
0.7198370046654465
0.6543583535108961
0.7877517273962089
0.6355489281285067
0.825547747002894
0.6353569952164415
0.8585602078781078
0.6566615484556785
0.7676135356995216
0.690574617610583
0.7485383570542731
0.6882271304553241
0.7112738439733068
0.655421366562334
0.6685761530738793
0.6306620209059233
0.6726510364377254
0.6667749365144985
0.677611764011103
0.6733449477351918
0.6391661253174278
0.6425618614539659
0.629126557609402
0.6842260674422729
0.6414102639815746
0.6846542254768797
0.7650150593515622
0.7114953050256896
0.8225358766904866
0.6630543908344653
0.8455087698576746
0.5964536703478416
0.9890155318018073
0.6020935451485266
0.980747652512845
0.6044115041634679
1.0
0.560739384633556
0.9662198074765248
0.5605179235811731
0.9029705309159634
0.5557638929900196
0.7482430756510959
0.5494448709620271
0.780487804878049
0.5532687651331721
0.7216086930845099
0.5195623929604914
0.5281403177227898
0.5521466958010987
0.5091832516388121
0.516417646016654
0.38368865528848994
0.4904771747475344
0.15266048544262695
0.4869633260497256
0.1403767790704542
0.47605267820232705
0.14008149766727693
0.48151538416110556
0.10860450008858452
0.5698045237110967
0.082974074292801
0.6305882005551292
0.06856434181775228
0.6057402704777655
0.04287485974133356
0.5666007204866238
0.02379968109608463
0.5678261383098094
0.02545325695387713
0.5581852004960728
0.04128034016417653
0.5282879584243787
0.045709561211834976
0.42443748892694744
0.04966633201440977
0.34821059469674626
0.04996161341758702
0.2766048544262683
0.04895765664678443
0.21830154136892468
0.04683163054390841
0.2067117462942184
0.04907576920805537
0.19148998996043237
0.055926297761767024
0.1562481544912302
0.0436425913895943
0.14267997401523663
0.5925116636154256
0.13943187858028708
0.8265517037736959
0.09544971357703896
0.17829091123841023