0001000000
0.2817326254826257
0.3507722007722008
0.2695945945945946
0.3749034749034747
0.27258687258687264
0.40955598455598485
0.28262548262548265
0.44555984555984585
0.3042229729729732
0.4841698841698846
0.3236727799227801
0.5148648648648649
0.35381274131274165
0.5466216216216221
0.39647683397683414
0.573938223938224
0.44531853281853295
0.6347490347490351
0.5043918918918918
0.6664092664092668
0.5642615830115832
0.6916988416988419
0.6221525096525099
0.7235521235521241
0.6599903474903478
0.767567567567568
0.6898648648648649
0.801254826254826
0.7104247104247109
0.8403474903474911
0.7358590733590735
0.8993243243243247
0.819618725868726
0.9389961389961394
0.8815395752895757
0.9299227799227803
0.8905888030888038
0.9381274131274139
0.7880550193050194
0.992277992277992
0.7157335907335911
1.0
0.7010617760617766
0.9725868725868733
0.6485279922779926
0.9323359073359081
0.5654681467181472
0.9379343629343637
0.5564671814671819
0.9639961389961393
0.5823841698841701
0.929247104247105
0.5834942084942087
0.8838803088803097
0.5739864864864868
0.8234555984555992
0.5977799227799226
0.8021235521235526
0.6456805019305021
0.7515444015444018
0.6263996138996141
0.6800193050193054
0.6610279922779928
0.5884169884169884
0.6814189189189195
0.4827220077220078
0.7110038610038614
0.3731660231660235
0.7440395752895754
0.25859073359073365
0.758349420849421
0.15154440154440146
0.786438223938224
0.058880308880308846
0.7958252895752901
0.011293436293435936
0.7835666023166025
0.0
0.7733349420849422
0.01640926640926605
0.7247345559845563
0.04806949806949822
0.6158783783783784
0.07799227799227795
0.5084942084942088
0.10106177606177619
0.4961148648648651
0.12654440154440147
0.4751447876447879
0.14942084942084952
0.5008204633204634
0.17480694980694989
0.4819498069498072
0.2144787644787647
0.40907335907335923
0.24160231660231665
0.3868243243243243
0.247779922779923
0.3827461389961393
0.259749034749035
0.4655164092664095
0.25260617760617765
0.49881756756756784
0.25984555984556007
0.5260859073359075
0.25530888030888055
0.49915540540540587
0.2263513513513514
0.5287403474903476
0.21380308880308904
0.5616312741312743
0.2101351351351352
0.5933156370656371
0.209266409266409
0.5773166023166022
0.21660231660231685
0.6308397683397687
0.22557915057915082
0.689599420849421
0.24073359073359077
0.6896718146718152
0.2457528957528958
0.6641891891891893
0.24700772200772206
0.6966457528957533
0.2420849420849423
0.7431467181467185
0.24430501930501936
0.7473938223938227
0.2391891891891894
0.7410955598455602
0.24478764478764467
0.6857625482625482
0.2549227799227798
0.6696187258687264
0.26148648648648654
0.6584700772200774
0.25415057915057937
0.6484073359073361
0.23899613899613886
0.5818050193050197
0.22123552123552148
0.6204874517374519
0.18996138996139003
0.5975868725868729
0.18291505791505816
0.5496380308880311
0.19555984555984582
0.6026544401544406
0.2184362934362935
0.7667471042471047
0.237934362934363
0.696452702702703
0.2646718146718147
0.7120897683397689
0.2881274131274133
0.7243967181467187
0.30231660231660235
0.636196911196911
0.3238416988416985
0.605694980694981
0.3493243243243243
0.6227316602316603
0.37374517374517424
0.6388754826254828
0.38214285714285695
0.6468629343629345
0.372393822393822
0.6416988416988421
0.3584942084942088
0.629029922779923
0.3482625482625481
0.6184362934362938
0.33503861003860985
0.6185086872586875
0.3127413127413127
0.6114623552123553
0.2778957528957531
0.6099420849420855
0.24420849420849425