0001000000
0.5119161465673444
0.8093416549224886
0.5112744111133483
0.7138111536138515
0.5113499094020536
0.7605194282262936
0.49263891685121824
0.7355043285685522
0.44304912421985104
0.7382222669619491
0.40751459633581655
0.7508053150795253
0.4044065834507752
0.7515602979665791
0.35387306221059
0.7252365613046107
0.3391131467686734
0.813569559089994
0.29701026776726397
0.8099456412321322
0.2755561707267968
0.837376686128448
0.28866770686531107
0.875981477753171
0.30376736460640236
0.8346084155425811
0.3715396617676666
0.6773203140728813
0.40575296959935586
0.5158043084356755
0.36630511375075503
0.368179987920274
0.40102174350714725
0.29625528488020947
0.3781331789812765
0.2904167505536541
0.4127868934970808
0.21295550634185623
0.4207016307630362
0.24104086974028593
0.42105395611032814
0.1900040265753978
0.43459331588484007
0.1533621904570163
0.4570414737265956
0.21537145158043092
0.45285131870344286
0.2407892087779345
0.45793487014294365
0.21582444131266348
0.49626283470907995
0.2392289108113548
0.5380637205556675
0.2981679081940811
0.5574919468492049
0.32011274411113355
0.6031180793235356
0.27300181195892903
0.6556019730219448
0.28981276424401065
0.6849204751358974
0.2838232333400444
0.6693426615663379
0.22926313670223464
0.6755461042883029
0.2532715925105699
0.6827310247634388
0.1607106905576808
0.6813846386148582
0.13519226897523662
0.6381492852828671
0.13775921079122222
0.5992299174552045
0.2112945439903364
0.5744035635192271
0.2934870142943429
0.5375729816790819
0.29303402456211003
0.49813770887859876
0.4482081739480574
0.4746829071874372
0.42233742701832105
0.4448359170525469
0.34391987114958716
0.3926665995570768
0.43054157439098073
0.36513489027582047
0.5625629152405881
0.3440834507751158
0.6707771290517416
0.35208626937789417
0.77979665794242
0.36290769075900947
0.7817596134487617
0.334079927521643
0.7857861888463863
0.31916901550231536
0.7705858667203543
0.3512935373464869
0.691765653311858
0.38629957720958347
0.6481276424401045
0.3413151801892493
0.5651801892490438
0.38436178779947666
0.5585363398429637
0.4221109321522045
0.5331185826454603
0.4498943023958125
0.4508757801489832
0.46596285484195704
0.41549224884235986
0.47474582242802515
0.4568149788604794
0.540454499698007
0.456412321320717
0.6493607811556271
0.3626937789410107
0.7064878196094223
0.3448761828065232
0.8123741695188245
0.29066841151600575
0.82070414737266
0.21225085564727217
0.8493054157439102
0.20052345480169134
0.9730093617877995
0.19403060197302213
1.0
0.10957318300785181
0.9604137306221061
0.016458626937789485
0.9591680088584659
0.02884034628548426
0.9588031004630564
0.08677269981880403
0.9753498087376689
0.1444030601973024
0.9401801892490439
0.173142742097846
0.9280123817193477
0.15884839943627957
0.9258606804912425
0.08420575800281871
0.8929308435675459
0.03744715119790629
0.8910056372055568
0.0
0.8823359170525469
0.1599557076706261
0.839364807731025
0.3373766861284479
0.8433410509361787
0.2925810348298773
0.8423092409905377
0.11042883027984716
0.8330732836722368
0.09235957318300796
0.8573334004429233
0.14752365613046114
0.8337024360781157
0.2021844171532112
0.7919267163277636
0.25609019528890703
0.771164686933763
0.2614254076907591
0.7539384940608017
0.3298268572579023
0.7356301590497284
0.21683108516206984
0.7404117173344074
0.2770787195490237
0.7439727199516813
0.46094221864304424
0.7195364405073488
0.24250050332192485
0.71189853029998
0.12900140930138917
0.6690658345077513
0.2047010267767263