0001000000
0.06429818917179866
0.13530655391120514
0.09159849250850272
0.15699972423935926
0.11706039158010836
0.1831050648037507
0.13999448478720475
0.19854766063057266
0.15938964978398687
0.21049728835370898
0.17823329350124095
0.21619634157551176
0.19087232282378863
0.22005699053221836
0.2032815516131994
0.22207923522382503
0.21840242669362958
0.2327419799613938
0.23614302785182492
0.24781689493519587
0.2258939240739035
0.2685908631308027
0.21647210221527713
0.2943285228421729
0.19174556484971078
0.30664583141832846
0.18282930416398535
0.31473481018475985
0.18384042650978952
0.32760364004044445
0.20066182553543524
0.3318319698501696
0.20461439470539572
0.33238349112969934
0.21311701443147346
0.3253975549223273
0.23522382571927564
0.32999356558507204
0.3405184300027575
0.3406563103226398
0.4774795477525506
0.3511352146336982
0.4852468057725895
0.35701810828201075
0.38358304991267567
0.35573122529644224
0.27925360786837017
0.35205441676624677
0.20066182553543524
0.34745840610350237
0.2333394613475503
0.3476422465300118
0.2983270521187605
0.3454361614118947
0.3536630204982074
0.34047246989613006
0.41033183196985
0.335876459233385
0.3875356190826361
0.33642798051291467
0.4351502895486719
0.33716334221895417
0.4274749517418882
0.3331188528357381
0.44107914330361225
0.3292582038790329
0.43533412997518134
0.3294420443055427
0.4367129331740048
0.3382663847780119
0.4343230076293775
0.3511352146336982
0.46024450776725845
0.3649232466219324
0.4835462818273736
0.3755859913595005
0.484925085026197
0.37154150197628444
0.4794098722309037
0.35591506572295234
0.41543340380549665
0.3470907252504821
0.3785733982902835
0.3443331188528353
0.3566504274289915
0.3480099273830307
0.3355547384869932
0.3527897784722856
0.3526059380457758
0.35609890614946216
0.3277415203603271
0.3472745656769919
0.3629469620369518
0.34084015074914964
0.4004504090449485
0.34102399117565874
0.3923154701718906
0.33734718264546326
0.38280172810000906
0.335876459233385
0.3861568158838127
0.32686827833440496
0.3743450684805587
0.321904586818641
0.416766246897693
0.3167570548763679
0.542053497564114
0.31436712933173927
0.5503722768636824
0.3248460336427976
0.5468793087599967
0.3314642889971507
0.6949627723136317
0.3454361614118947
0.7979593712657408
0.3522382571927569
0.9122621564482031
0.3327511719827182
1.0
0.3303612464380913
0.8695192572846767
0.2934093207096233
0.7308576155896684
0.29579924625425125
0.706912400036768
0.3443331188528353
0.7170695836014342
0.35003217207463877
0.7195054692526885
0.339920948616601
0.7300303336703736
0.3334865336887587
0.6810828201121429
0.32999356558507237
0.5563930508318776
0.32043386340656266
0.5285412262156449
0.3101387995220141
0.5571284125379171
0.3003952569169953
0.560943101387995
0.2717161503814685
0.539341851273095
0.254986671569078
0.5594723779759166
0.2610534056439004
0.5526243220884273
0.2711646291019388
0.5888408861108558
0.2801728100009195
0.65934368967736
0.2847688206636639
0.7067285596102582
0.2814596929864873
0.7737383950730761
0.2722676716609982
0.8546741428440112
0.2555381928486067
0.8816986855409502
0.23770567147715813
0.8836749701259308
0.22097619266476662
0.8853295339645185
0.19817997977755342
0.7886754297269971
0.17758985200845634
0.8261329166283664
0.161595734902105
0.8463553635444435
0.1470723412078313
0.7434047246989611
0.1345711922051658
0.7006158654288074
0.11269418145050104
0.7217115543708064
0.0845665961945031
0.732696019854766
0.04522474492140818
0.7072341207831605
0.0