0001000000
0.9914291203026401
0.9869367971509212
0.9928920808027067
0.9890647396964718
0.9971922980301745
0.9817351598173508
0.9949461364543148
0.9859910449084531
0.9982119371665847
0.9937935009088086
0.9964829838483246
0.9952121292725092
0.9970297468635011
0.9858728258781447
0.996468206469536
0.9903651490298645
0.9935422854694028
0.9953894578179714
0.9943254865451958
1.0
0.9835971095447084
0.95554964460404
0.9293789067695163
0.5076177387654973
0.8264101313708969
0.24534882002630343
0.7798466108081746
0.12967149886953042
0.7184466019417471
0.17843684887174724
0.668085295030367
0.1736489781442567
0.6175466595735244
0.15071448626442638
0.592380783496623
0.10295399801983128
0.5876372449054983
0.05489796219946507
0.5832040312689332
0.07434499268519769
0.5766872072231825
0.12435164250565224
0.5542255914645857
0.2023762025091991
0.48831848206765044
0.30315792584711315
0.39488111598764597
0.5037165107653198
0.3783747838808351
0.5563830887677138
0.34214065109130914
0.46233985015737894
0.3179944141508178
0.5719288912532692
0.27493313236098166
0.503361853674395
0.2188677572372211
0.44342480530803446
0.18458423844778402
0.34423903887928353
0.12376054735411023
0.3030397068168044
0.08665454921606001
0.39566431706343924
0.07585228532162973
0.35659292754651173
0.040076251274549064
0.27738617723988124
0.027530256683069833
0.27082502105776485
0.03587947569860063
0.23600951663193995
0.014215838394585652
0.2630225650574101
0.011821903030840368
0.320358794756986
0.008009339303394565
0.3813007048809682
0.0
0.41475669045824626
0.009442745045883745
0.4135745001551622
0.025919522395117724
0.41647086639771774
0.016846211818947528
0.6224084171949575
0.009280193879209798
0.6850053937432575
0.03938171447148709
0.605266657800239
0.06695630329092235
0.5432607764034812
0.0764877126095374
0.49284035997694664
0.09620073591346372
0.46618196864240186
0.10731332476245356
0.4455527478535855
0.11883968021752303
0.42362311773137673
0.11923866944481389
0.40216636373040127
0.11947510750543058
0.37473954869885157
0.11428824755064938
0.35428765645549776
0.10189002674705565
0.36262209809224033
0.10394408239866405
0.3875663134873134
0.12312512006620255
0.3784043386384119
0.14824666400673833
0.35251437100087135
0.15072926364321493
0.36049415554668895
0.16297971065892314
0.381300704880968
0.17177225103811067
0.38667967076000037
0.1835793766901626
0.38254200469920635
0.20185899425159953
0.38727076591154247
0.2237590696162314
0.3884529562146266
0.2455704807081319
0.4326077640348154
0.25086078231443304
0.4378094013683851
0.2572889420874523
0.47640791476407895
0.27852403540659953
0.48858447488584456
0.3244373513026257
0.47510750543068675
0.3711338682744454
0.5015885682197689
0.41005748400348707
0.5541960367070081
0.43599178377739334
0.6163201371340743
0.4619556383088764
0.6478255087112645
0.4984705412953848
0.6737745858639589
0.5166319398265133
0.7169836414416805
0.5491569505401129
0.7674040578682146
0.611059390285351
0.8080714042943061
0.6532783614842395
0.8327200721136077
0.716850645032584
0.8404634185988084
0.7481934654430993
0.8534084024175788
0.7881958298237054
0.8701363952062177
0.812238625112677
0.8818400792067497
0.8131400452187786
0.8884012353888656
0.8203218513100143
0.8990409481166219
0.8303261367498626
0.9113357272686962
0.8374192785683672
0.9131090127233222
0.8449852965081048
0.9187244166629716
0.8573687399329101
0.9362799426637702
0.8730179840699852
0.9447326033308202
0.8915340396920387
0.9518257451493244
0.9112470629959655
0.9595099821193716