0001000000
0.5487546506821
0.6235014468788757
0.5627325341050021
0.7311905746176106
0.5649286895411325
0.8437370814386111
0.5953389830508476
0.9416081025217029
0.6263435303844563
0.9957627118644068
0.6070948739148412
0.9623811492352212
0.5701994625878463
0.8514882182720134
0.5866060355518811
0.8202769739561802
0.6625155022736671
0.8543819760231505
0.7018396031417942
0.8471475816453078
0.666675279040926
0.7608515915667629
0.5850816453079785
0.6060355518809422
0.5406934683753619
0.49555601488218265
0.5028937577511369
0.419388176932617
0.5262763538652336
0.22591980157089733
0.5195845390657299
0.010024803637866968
0.5175175692434889
0.005890863993385877
0.5281883009508059
0.033588259611409724
0.6387195121951222
0.0
0.7524545266639109
0.015295576684580573
0.7548315419594873
0.08681273253410536
0.7149648615130219
0.15171558495246007
0.7406211244315835
0.22488631665977712
0.7210624224886316
0.4246589499793303
0.6961554361306324
0.5937370814386111
0.7193054981397271
0.5990078544853247
0.7157658123191402
0.568520049607276
0.6860531211244316
0.5730673832162051
0.621692848284415
0.5684167011161639
0.6199100868127326
0.5330715171558496
0.7274958660603553
0.5261471682513438
0.7788859032658124
0.5342083505580821
0.8569140140553948
0.5325547747002898
0.8030177759404712
0.5734807771806534
0.7031831335262505
0.6116163704009925
0.7288652335675899
0.6711451012815212
0.6972147581645308
0.7842083505580818
0.6561854071930553
0.7665357585779251
0.711089293096321
0.699772633319554
0.7121486151302193
0.6354898718478708
0.6742713931376603
0.7051467548573785
0.7479330301777594
0.5421661843737083
0.7742868954113269
0.3845597354278628
0.7516794129805706
0.4493592393551056
0.7450909466721786
0.3587226126498556
0.7946982224059531
0.4174245556014882
0.8114665150888796
0.2578544853245141
0.7567693261678381
0.5721372467961968
0.892362546506821
0.6435510541546094
1.0
0.5599421248449773
0.9439076064489459
0.6610169491525428
0.763409466721786
0.6470649028524179
0.7334900785448533
0.7289169078131453
0.7829681686647372
0.677449359239355
0.8243075651095494
0.690367920628359
0.8724937990905335
0.6609136006614305
0.9300072343943779
0.7167217858619266
0.8883319553534518
0.6795163290615954
0.7607740801984288
0.7620917734601074
0.6168096320793718
0.7321207110376187
0.5655487804878049
0.6499586606035547
0.5529402645721374
0.6411740388590326
0.5071827201322859
0.697602315006201
0.47232844150475395
0.7882389417114506
0.46672178586192653
0.7749069863579993
0.4851178172798678
0.7328441504754032
0.4885283174865648
0.7100041339396445
0.47935613890037215
0.6981190574617608
0.475273873501447
0.6899545266639109
0.47684993799090547
0.680343116990492
0.46222612649855327
0.657916494419181
0.5468168664737495
0.5783381562629185
0.5873553121124432
0.4923522116577099
0.5047798677139315
0.45318313352625067
0.45488838362959916
0.4620711037618852
0.4566194708557253
0.5006200909466723
0.4345804051260853
0.593943778420835
0.4165719305498142
0.6733154195948736
0.35905849524596967
0.6631872674658948
0.2709280694501862
0.6261885076477887
0.22630735841256744
0.5464034725093015
0.23563455973542802
0.41267052501033485
0.2721940884663086
0.3408433236874741
0.280565316246383
0.34322033898305077
0.2936905746176108
0.278420835055808
0.27865336916081046
0.2348077718065317
0.23687474162877248
0.22757337742868972
0.18613063249276574
0.18654402645721405
0.13096837536171993
0.12887556841670103
0.11510438197602328
0.08298883836295998