0000100000
0.61871235084219
0.5083835322104133
0.6290334957602731
0.5459847293097491
0.6385489007405133
0.582204657944212
0.6463952729923645
0.6145109925948656
0.6492920999117522
0.6345393853355333
0.6504047883973447
0.6452825845067717
0.649886812723017
0.6382995050454664
0.644975635959022
0.6164294210183018
0.6351532824310324
0.5810536008901506
0.6208801749606722
0.5480566320070596
0.5991827494916163
0.5062348923761654
0.547979894870122
0.467866323907455
0.4922495491693203
0.41944519049994233
0.4439818900356825
0.37816061082761
0.38848175574569294
0.3439358477535203
0.3520124314161838
0.30863676476230617
0.3327705943291253
0.28469477803783133
0.31765337835245366
0.2597552085331696
0.31109235314430406
0.24632620956912066
0.2813183440125848
0.23458542761769557
0.2811456854544756
0.2246863369527683
0.2941718144496028
0.21110386371484482
0.3127997544411618
0.2084948010589725
0.3238115335916817
0.19920960748954458
0.32331274220158845
0.19230326516517673
0.3127038330199899
0.18508997429305904
0.30121244676361103
0.18493650001918405
0.3271879676169279
0.18754556267505665
0.32851168322909857
0.19138241952192753
0.3050493036104822
0.18900356827686748
0.29564900433564817
0.19284042512373853
0.28997045620227885
0.1997467674481064
0.2560142731074703
0.23297394774200975
0.23287802632083782
0.2708820933890953
0.19817365614088941
0.2749491616467789
0.15094194835590666
0.27318420749721795
0.12297126194221678
0.25699267160342243
0.12017035644400093
0.25729962015117214
0.09611326401411965
0.25446034608448725
0.09064574300732828
0.23435521620688315
0.10528335187814143
0.21847062886083735
0.1523615853892492
0.20734374400491093
0.17887426620112795
0.20005371599585622
0.16623182289068802
0.19713770479223422
0.1561025208149482
0.1837087058281856
0.14418908030541377
0.1650615815523922
0.14296128611441503
0.13774316080267027
0.15122971261942197
0.11963319648543898
0.16903272838890374
0.11272685416107082
0.26303572113724416
0.11249664275025913
0.31884280397498355
0.11249664275025899
0.3119748302190843
0.11364769980432043
0.3120131987875531
0.10796915167095074
0.34286152783639656
0.1019836549898322
0.35874611518244237
0.08395042780953832
0.38913402140966097
0.07604650270498384
0.3899589456317384
0.07036795457161499
0.35876529946667685
0.06952384606530336
0.3403867551701646
0.06791236618961724
0.3306219544948775
0.059164332578751276
0.2935003645014002
0.04535164793001568
0.25482484748494044
0.03591298008671306
0.2537121589993477
0.029774009131719396
0.30426274795687375
0.0221770325749146
0.34861681310670295
0.02286766680735125
0.31161032881863154
0.02609062655872306
0.26574070521428855
0.024172198135287683
0.2956681886198825
0.02493956950466147
0.3213367609254496
0.02509304377853673
0.2927905459847292
0.01903080996048035
0.2672754479530368
0.015117215976671611
0.2671603422476305
0.012508153320799586
0.27719372290219846
0.00690634232436759
0.29633963856808465
0.0002302114108122623
0.30930821471050907
0.0
0.3056632007059814
0.007596976556804796
0.2762345086904807
0.027011472201971972
0.24014887004565857
0.04105436826151997
0.2592756014273107
0.04819092199670038
0.33008479453631573
0.053485784445382274
0.4291524383225261
0.0483443962705748
0.541745002493957
0.04957219046157354
0.6477957257414719
0.055174001458005675
0.7666039980048341
0.06023865249587544
0.8458159076084868
0.057552852703065156
0.911004105436826
0.06568698921843245
0.9559720676821546
0.06300118942562218
0.9851513640026088
0.05110693320032237
0.9990024172198135
0.029390323447032015
1.0
0.01810996431723144