0000100000
0.8743431574137535
0.13209961160612296
0.9478866803746856
0.17039067854695014
0.9538039753255655
0.17011651816312526
0.9734749828649757
0.18181402787297227
1.0
0.2251313685172491
0.9658670322138448
0.21763765135937876
0.889901759195796
0.231802604523646
0.754146675805346
0.4140278729723555
0.6690427233264794
0.4645647703906785
0.6140278729723553
0.483116289696139
0.6826136623257935
0.5723098012337215
0.6832762165867031
0.5959789810372399
0.5235777930089103
0.5570482065341559
0.44873200822481146
0.5051405071967103
0.4217272104180946
0.4402558830249027
0.4278958190541465
0.46812885538039767
0.4560886451907701
0.5002970070824765
0.4609549920036554
0.5700251313685173
0.4407128169979438
0.5692940370116512
0.4567740461503314
0.5284441398217953
0.49718985606579824
0.5312771304546489
0.505597441169751
0.46502170436371953
0.4971441626684945
0.4108293351610694
0.49661868859949715
0.39977153301347956
0.46033813114005007
0.5427918665752801
0.48419008453278495
0.4998400731094358
0.5167466301119491
0.44089559058716016
0.5070139364861779
0.38807402330363266
0.47994059858350463
0.4058030614576194
0.45732236691798034
0.41932830705963003
0.5119031299977153
0.4304774960018279
0.48416723783413274
0.5381311400502631
0.39204934886908827
0.3865204477952936
0.39444825222755314
0.2636965958419008
0.46442769019876623
0.24541923692026502
0.44288325336988804
0.2201050948137996
0.4782956362805574
0.20548320767649078
0.4838702307516563
0.2318939913182542
0.4443682887822711
0.2693625771076081
0.38933059172949497
0.3357093899931461
0.3468357322366917
0.36806031528444144
0.3161297692483434
0.37445739090701413
0.309115832762166
0.37856979666438184
0.30664838930774496
0.3662325793922779
0.3007996344528217
0.365867032213845
0.2864519076993374
0.35919579620744824
0.2651359378569795
0.41823166552433155
0.2602924377427462
0.444733835960704
0.25556317112177274
0.41786611834589904
0.2619830934429975
0.39191226867717616
0.26104637879826365
0.4391592414896047
0.2801919122686771
0.5247886680374685
0.40888736577564544
0.5895819054146676
0.5265478638336759
0.544436828878227
0.5053461274845785
0.44144391135480937
0.41226867717614807
0.41503312771304546
0.46072652501713496
0.39977153301347956
0.46449623029472237
0.344939456248572
0.2924834361434772
0.27082476582133846
0.22535983550376973
0.22312085903586884
0.31576422206991084
0.19543066026959094
0.41571852867260684
0.15348412154443683
0.34660726525017144
0.1045921864290609
0.3283755997258397
0.07434315741375355
0.2980123372172719
0.05725382682202416
0.1889878912497145
0.03404158099154677
0.027827278958190513
0.02088188256796891
0.0
0.01384509938313904
0.02695910440941273
0.008361891706648215
0.04439113548092296
0.015215901302261725
0.06125199908613199
0.02298377884395686
0.0877770162211562
0.027553118574365976
0.11617546264564758
0.026822024217500545
0.13934201507882113
0.039159241489604715
0.15816769476810594
0.0465615718528673
0.17217272104180953
0.05743660041124052
0.17452593100297015
0.07553118574365997
0.1743888508110577
0.09088416723783405
0.1686086360520904
0.09755540324423094
0.15199908613205385
0.11373086588987896
0.12956362805574598
0.12451450765364401
0.10242175005711682
0.12871830020562033
0.07761023532099603
0.13730865889878907
0.059264336303403935
0.14151245145076538
0.05245602010509476
0.13593785697966648
0.0438428147132738
0.12588530957276653
0.03260223897646787
0.11400502627370325
0.023463559515649882
0.09682430888736551
0.012063056888279631
0.06959104409412842
0.0037240118802833785
0.04400274160383828