0000100000
0.20766318242128096
0.6897187793275306
0.22326138312675997
0.7150901265331223
0.27914954208601717
0.7395553541956578
0.4026083298275136
0.762467234070095
0.45593993721886084
0.7803307336332164
0.5236723730623608
0.8007831461764997
0.7924015404032235
0.819164428335653
0.7976117277758005
0.8300378628523353
0.570078638231773
0.8423351995081071
0.3862658166402381
0.8490663732565292
0.33154266852205455
0.8831105789456648
0.38338565094980764
0.9666030225559044
0.42254295977476497
0.9803242613507653
0.3649396459661502
0.9904210219733994
0.2834212485032847
0.9804537069997735
0.1942008349244362
0.9438205883304743
0.14297271932947167
0.8710721335879094
0.11112908967347351
0.8253778194880428
0.13520598038898432
0.795475874567167
0.16708197145723475
0.806349309083849
0.1647519497750883
0.8049254069447594
0.1745898190997054
0.8134688197792953
0.14520565677486177
0.8169638523025149
0.12679201320345634
0.8262839390310996
0.13025468431442364
0.8020776026665805
0.1698650529109094
0.7655739296462901
0.14763276269376385
0.7720462120966963
0.13785961619365084
0.9694508268340826
0.12313517361897688
1.0
0.07656710138830476
0.794699200673118
0.02032296689427549
0.6392349762143625
0.0
0.4559399372188604
0.014497912688909733
0.3496650593831919
0.05038671887641197
0.28235332189896795
0.07255428626905273
0.24882689880586417
0.10265039966344171
0.2611242354616356
0.1289278664120906
0.2725154525743506
0.11125853532248163
0.38008478690010006
0.07595223455551618
0.41348176434419637
0.0479272515452574
0.37192971101258926
0.06019222678877725
0.3459111355619559
0.09122682113847465
0.3521245267143458
0.097925633474645
0.33529659234329057
0.1279570240445297
0.334390472800233
0.15180738487427603
0.36170350474094615
0.1529076728908451
0.35678457007863845
0.12866897511407413
0.3862981780524904
0.13572376298501682
0.399113297304295
0.16772919970227512
0.30811300605158437
0.21280864696935384
0.2260444645804346
0.2048801009676063
0.2681143005080737
0.1688294877188444
0.33633215753535484
0.14339341768874808
0.2307045079447263
0.10002912527102699
0.15562603152001567
0.0752402834859715
0.23562344260703544
0.11216465486553873
0.34150998349567996
0.1490243034206014
0.34034497265460734
0.27160933303129375
0.3340021358532093
0.4599203909258604
0.3649396459661495
0.5271674055855798
0.32532927736966394
0.5937348305880074
0.25271026827610715
0.6268729167340867
0.1584738357981946
0.665350635901751
0.14876541212258515
0.6552862366913697
0.149412640367626
0.6756092035856449
0.15135432510274785
0.7138603928675452
0.1518721076987801
0.6901718390990588
0.15433157502993466
0.7205915666159673
0.1558849228180319
0.7411410633960068
0.15640270541406462
0.715834439014919
0.15575547716902377
0.7143781754635774
0.15692048801009711
0.7209151807384876
0.15083654250671535
0.7116921782466586
0.149412640367626
0.6934403417365136
0.1450114883013496
0.6803339697744414
0.14747095563250417
0.664023817999418
0.14954208601663413
0.6707873531600924
0.14268146661920364
0.6868062522248478
0.13763308630788684
0.6793954888191325
0.13193747775152898
0.6527296851234591
0.1271479887382287
0.6374227371282488
0.1189929128507172
0.6497847966085245
0.11459176078444079
0.7054787870942693
0.1060483479499047
0.7811721303517691
0.09996440244652247
0.8292611889582869
0.09232710915504393
0.8584511828096174
0.08028866379728852
0.9224944176563871
0.10397721756577497
0.970971813209929
0.6352221610951106
0.9447267078735316
0.24106015986537682
0.8995501763696968
0.011941361120999548