0000100000
0.11004806180658518
0.180748326820285
0.10937429816287139
0.22333018910299618
0.10155863989579132
0.23159502313255195
0.09585410771234794
0.23590711045232016
0.10061537079459186
0.24201590082199165
0.14400574944975977
0.21937744239320847
0.20163499977541216
0.16385931815119262
0.24713650451421657
0.1273862462381529
0.15528006108790376
0.106544490859273
0.14508377127970182
0.07402416565602116
0.14360149126353167
0.056955486681938686
0.13484256389525245
0.049768674482325144
0.12806000988186686
0.04455823563760505
0.09922292593091686
0.046714279297488996
0.08655616942909772
0.03377801733818433
0.077527736603333
0.012576921349323901
0.18555450747877666
0.0
0.23321205587746502
0.0048510982347392505
0.22768719399901183
0.028926919103445324
0.27597358846516656
0.07079010016619532
0.3097965233795984
0.112832951533935
0.35484885235592695
0.13636976148767005
0.38031711808830804
0.12630822440821102
0.42146161793109665
0.1273862462381529
0.45721600862417483
0.13511206935273795
0.48578358711763914
0.15451646229169447
0.5108475946637923
0.1900911826797823
0.4782823518842925
0.20715986165386518
0.48964649867493165
0.19080986389974416
0.5398643489197322
0.19386425908457966
0.555630418182635
0.17553788797556488
0.553564209675246
0.17823294255042002
0.5721151686654993
0.1712258006557965
0.6368413960382698
0.1897318420698018
0.6305978529398559
0.17607689889053574
0.682657323810807
0.1866774468849658
0.8686160894758123
0.22854062794771612
0.9480752818577917
0.2251268921528996
0.9534653910075019
0.22099447513812173
1.0
0.21488568476845007
0.9248528949377895
0.16224228540627952
0.8788572968602615
0.1385258051475543
0.9000583928491223
0.1085208642141671
0.9047747383551185
0.08426537304047069
0.8679872434083461
0.093787899204959
0.8714009792031623
0.13654943179266055
0.8695593585770116
0.2085972240937881
0.8435520819296595
0.2739972151102728
0.8593630687688096
0.3379598436868349
0.9236850379553523
0.3934779679288503
0.9226519337016579
0.45061312491577943
0.9505906661276561
0.4908592732336165
0.9487939630777527
0.5002021290931147
0.8909401248708624
0.5036158648879306
0.8237883483807218
0.5223015766069264
0.8051475542379736
0.5580559673000047
0.8386560661186727
0.5986614562278225
0.8844270763149628
0.6394466154606303
0.890940124870862
0.6489691416251184
0.8890535866684635
0.6796927637784665
0.8614741948524461
0.70736199074698
0.8672236446121372
0.6928086960427621
0.8599469972600282
0.5936306876880928
0.8393298297623865
0.4831334501190319
0.8762071598616543
0.43156807258680324
0.8697839464582495
0.3340070969770474
0.8857296860261424
0.1854197547500339
0.8710865561694295
0.14517360643219682
0.8174998877060599
0.1489466828369942
0.8066747518303917
0.15954723083142422
0.8451691146745722
0.18775546871490834
0.8726586713380947
0.2105735974486817
0.7997574450882633
0.21416700354848872
0.761397834972825
0.2154246956834211
0.8331761218164673
0.20212909311413593
0.8925571576157755
0.19170821542469588
0.8975430085792572
0.20123074158918405
0.7863270897902352
0.20051206036922267
0.7581188519067514
0.1960203027444641
0.7785114315231553
0.18146700804024604
0.7870906885864442
0.17571755828055538
0.7204779230112748
0.1602659120513856
0.646274087050263
0.13619009118268002
0.518573417778377
0.10888020482414762
0.48317836769527933
0.0821093293805864
0.48241476889907037
0.06989174864124344
0.4961146296545842
0.06701702376139795
0.5101738310200785
0.07618020931590526
0.5058617437003101
0.1009747114045727
0.5058617437003101
0.10492745811436008