0000100000
0.5162167254326704
0.25325007401824884
0.5707749037762765
0.2516351304066966
0.6254407450273194
0.2479745915538449
0.6764191316986514
0.2358086830134847
0.716227491723414
0.22030522434258332
0.7299006809678895
0.20867763033940726
0.6930261351707802
0.20630904637579742
0.6317121093855139
0.23397841358705893
0.5889161036793796
0.26573897128091944
0.573735633730789
0.2799504750625789
0.5332812962614055
0.30191370817968943
0.4356579549430732
0.29480795628885964
0.36486959330336705
0.26186310661319406
0.36314698678437807
0.2543267030926169
0.39794902161332857
0.23354776195731167
0.47557397787527245
0.22622668425160833
0.518827550938013
0.2614324549834469
0.503512502355126
0.2933006755847441
0.45780959814819816
0.27381368933868055
0.4693295292439373
0.23957688477377323
0.46335423788119395
0.22676499878879242
0.4561139073560681
0.2528194223885016
0.4455091109735419
0.25508034344467473
0.43293946653029364
0.1876833633892284
0.4348773988641562
0.1338519096708205
0.43514655613274844
0.12846876429897974
0.3959841735526066
0.11511856377681476
0.37453233924582136
0.0665625925228111
0.351896212957231
0.07054612009797326
0.37563588404704873
0.08378865771270158
0.4175167550399699
0.11920975425941373
0.45853632277339657
0.13202164024439456
0.4292250962237234
0.13072968535515295
0.4322934890856727
0.1302990337254057
0.4433289370979463
0.12093236077840278
0.4405835329583076
0.10812047479342177
0.43393534842408416
0.08325034317551751
0.43878017925874097
0.059456840631981346
0.4361155222996797
0.0616100987807175
0.42954808494603386
0.08486528678706969
0.4682259844427098
0.11888676553710328
0.4781309719268969
0.14547950367399665
0.4261836190886334
0.16388986084569215
0.41975076036928366
0.17185691599601646
0.4042742174252415
0.14946303124915872
0.421500282615132
0.13137566279977375
0.4382956961752752
0.13966570667240882
0.42666810217209916
0.16808871423572802
0.38193416413210235
0.20297149624525626
0.3657578122897208
0.2365623233655426
0.3249535703711679
0.2658466341883564
0.3144833526229374
0.2563722983339164
0.3404839447689284
0.26735391489247173
0.3599440152881329
0.29340833849218095
0.38769412967997197
0.311280381126692
0.3782467095523914
0.3358275240222862
0.35889430194062377
0.3033133259763681
0.38933598901838345
0.2563722983339164
0.39773369579845497
0.22515005517724
0.39496137593195696
0.21309180954431678
0.4087691438107287
0.2143837644335584
0.4181627324845906
0.23214814416063298
0.4091459639867574
0.26315506150243595
0.42664118644524
0.26283207278012544
0.44117567894921
0.2401151993109575
0.46930261351707786
0.18003929696121443
0.4842677576507955
0.12814577557666929
0.35219228595268215
0.1112426991090895
0.3165827793179554
0.10445993594057006
0.21058864694641075
0.1403116841170296
0.09826931876295328
0.1918822167792642
0.08771835383414534
0.24894355772077625
0.08179689392512055
0.2724140715420021
0.06535138481414693
0.29986811293838955
0.06866201921782894
0.39041261809275135
0.07716738890533739
0.4957069415659569
0.09326299356714136
0.5436169353753398
0.10279116087529946
0.5663338088445079
0.11571070976771734
0.6728124242995182
0.12935698328533377
0.8280623368234056
0.1529082442871371
0.9195758081446991
0.1458563238500256
0.9701773746400025
0.09705811105428895
1.0
0.07805560789169116
0.9777137781605792
0.07113826608887569
0.953166635264985
0.08470379242591446
0.9596264097111943
0.0403735902888058
0.9078405512340858
0.006271364358194584
0.7802600059214598
0.0
0.6357763841412535
0.017091486555594462
0.5457701935240762