0000100000
0.36700590396763155
0.8642913174517979
0.3476322199744026
0.8552082903265764
0.311258824986582
0.8637133066347386
0.23906940258453413
0.6532760827381201
0.19872218322942906
0.6696668180504521
0.16164691796375047
0.7521985054291732
0.1573531233227365
0.7859708517402256
0.16641550720449202
0.7368399322901616
0.1650427315139755
0.6019569794806159
0.1576008422443335
0.3035795384170762
0.16860369101193173
0.1577143800833987
0.19874282647289546
0.12055654184385457
0.22225548078114038
0.08992196853969689
0.22923289707278813
0.04223607613228191
0.23667478634243008
0.003798356797820052
0.2504851162214607
0.0
0.26736096775525375
0.006729697370050777
0.25982618389001294
0.019156929936831678
0.22456752404937866
0.04648858428636308
0.22970769167251565
0.12992857437760622
0.2770839354279344
0.30861648982288115
0.3459394740101567
0.4349944263242642
0.39175715288386126
0.5268568597498041
0.4088497584740516
0.6112051525535693
0.4305354857355189
0.7021592832665867
0.4532636967920399
0.7292432186945211
0.48415631063952774
0.710003715783824
0.5231410759258497
0.7115313158003388
0.5548903843771934
0.714091077990174
0.5614446141777798
0.7146690888072336
0.5485425870112715
0.7301928078939763
0.5076380000825731
0.742826472895421
0.4767969943437514
0.748400148631353
0.46947896453490784
0.7441889269642048
0.4452334750836051
0.7346930349696548
0.42845051814541096
0.737665662028818
0.43034969654432115
0.7364270674208332
0.42582882622517665
0.7374179431072213
0.42123570455389964
0.7241649808017838
0.42030675859791106
0.7179307212749266
0.4166529045043557
0.7087238346889064
0.4165806531522234
0.6990627967466247
0.418366293712068
0.6903926344907314
0.4224536559184179
0.6821766235910988
0.43390033442054443
0.7090954130713016
0.4418479831551133
0.7863837166095539
0.45022914000247716
0.810206019569795
0.45994178605342484
0.8232112629536354
0.4658251104413525
0.8217662359109866
0.4747120267536436
0.8830353825193017
0.4799038024854466
0.951859956236324
0.48515750794764884
0.940134593947401
0.4929606539779531
0.9157342801701005
0.498348540522687
0.9031419016555882
0.4985446513356181
0.8794847446430786
0.4998658189174684
0.8526072416498083
0.5006399405474589
0.8245737170224189
0.5116737541802568
0.8107840303868545
0.5164939515296646
0.79158581396309
0.5307893976301559
0.7739151975558398
0.548129722141943
0.7551298460014038
0.5514739275835021
0.7408860080095788
0.5667292845051817
0.724577845671112
0.5761116386606667
0.7089715536105035
0.5825110441352547
0.6978654886255732
0.6221254283473021
0.6854795425457249
0.6589426530696503
0.6878741587878289
0.6613785557986872
0.7067833698030637
0.6669006234259527
0.7230915321415303
0.6649704801618432
0.7310185376326329
0.6584162503612568
0.727385326782544
0.6544424259939723
0.7299450889723794
0.6494983691837662
0.737665662028818
0.6513046529870774
0.7530242351678298
0.6497357664836301
0.7969530572643575
0.6430886420874449
0.8275050575946495
0.6460612691466083
0.8696172742661327
0.646185128607407
0.9223814045662854
0.6392489988026921
0.9565666157466665
0.6427789934354486
0.9776227240824081
0.643945336691301
0.9893480863713309
0.6459580529292762
0.9973576648362994
0.6418603691011933
0.980223772759176
0.6397444366458859
0.9462862805003924
0.6364208744477934
0.9476487345691754
0.6330147392758352
0.9656083563849556
0.6277403905701665
0.9707691672515586
0.6283493662524257
0.9877379133809506
0.631497460881054
1.0
0.6352854960571406
0.9862103133644359