0000100000
0.5084435861615582
0.19451064179472435
0.5529624455583863
0.3342098775577286
0.5784575560851344
0.37357219163448124
0.5966390007395843
0.4082504725121211
0.5813953488372093
0.46725285561673097
0.5718012983811324
0.46059659791272917
0.5625975840249817
0.5316788561097874
0.556044046347276
0.46807461582710175
0.6018777220806969
0.40397731941819376
0.6261196482866299
0.36666940586736807
0.6405415399786344
0.3737365436765552
0.6757745089982745
0.4026625030816008
0.657777960391158
0.5028350727257789
0.5887295587147671
0.4972471032952587
0.540410058344975
0.46971813624784314
0.5275084230421564
0.4394773605062041
0.5075396499301504
0.3629714849207003
0.5113608349083738
0.47464869751006633
0.48757087681814454
0.5134357794395593
0.46686251951680496
0.5056290574410388
0.47655928999917835
0.5077656339880021
0.45638507683457963
0.5614265757252034
0.4866258525762183
0.6222368312926291
0.5274057030158599
0.5315145040677133
0.5426698989234942
0.41227709754293695
0.5236666940586737
0.29912071657490363
0.5306927438573427
0.34275618374558325
0.4166118826526421
0.40159421480811913
0.3840290903114471
0.3874599391897444
0.3813172816172241
0.3651080614676639
0.4011627906976744
0.36634070178321954
0.4243364286301259
0.3089818390993506
0.526707206837045
0.47431999342591796
0.5124085791765963
0.4143314980688633
0.4269249732927933
0.15950365683293613
0.3978552058509327
0.19779768263620678
0.4376284000328704
0.24940422384748115
0.4685882159585834
0.24521324677459125
0.4069562001807874
0.11397814117840424
0.3809680335278166
0.07962856438491253
0.36564220560440464
0.051277837127126344
0.358082011668995
0.08110773276357956
0.3092283671624621
0.21521899909606387
0.2731530939271921
0.07527323526994825
0.2981551483277181
0.0
0.29273153093927196
0.13542608266907719
0.3070507026049799
0.2536773769414084
0.39101405209959733
0.2936970991864573
0.44572273810502105
0.29698414002793994
0.44031966472183415
0.29509409154408756
0.4359437916016108
0.24965075191059263
0.41774180294190155
0.2875338976086778
0.39631440545648794
0.37053167885610966
0.40845591256471375
0.4324102226970173
0.4133659298216782
0.523625606048155
0.4215424439148658
0.5830388692579507
0.4192004273153094
0.5859150299942477
0.4261853891034596
0.5569890705892021
0.456878132960802
0.5056290574410388
0.47840825047251223
0.4757991618045852
0.44705809844687316
0.4962609910428138
0.39483523707782087
0.5051360013148164
0.32704001972224517
0.5282274632262306
0.31142657572520355
0.5733420987755773
0.3442148081189909
0.6289752650176681
0.388507683457967
0.7215876407264359
0.4060933519598981
0.7965321719122364
0.48902950119155225
0.889719779768264
0.5431424110444573
0.9451885939682803
0.4036897033445642
0.9386966883063522
0.4314651984550909
0.7856027611143072
0.517873284575561
0.8070507026049804
0.6020215301175117
0.8895554277261899
0.6369052510477445
0.9313008464130169
0.6223806393294437
0.9170843947736054
0.6034801544909195
1.0
0.622935327471444
0.9561180047662096
0.5883597666201004
0.9281781576136089
0.49223436601199777
0.9291642698660533
0.5916262634563236
0.9581724052921354
0.7143356068699153
0.979620346782809
0.8772701125811491
0.9475716985783552
0.6951885939682803
0.904264935491824
0.4258977730298299
0.8620264606787743
0.26744186046511637
0.8531514504067715
0.2283671624619936
0.8602185882159585
0.32229435450735483
0.8741063357712223
0.3533774344646233
0.9317939025392392
0.37176431917166586
0.9522557317774669
0.334312597584025
0.9172487468156796