0000100000
0.9819568416827535
0.9819568416827535
0.9819568416827535
0.9819568416827535
0.9819568416827535
0.9819568416827535
0.9819568416827535
0.9819568416827535
0.9819568416827535
0.9819568416827535
0.9819568416827535
0.9819568416827535
0.9819568416827535
0.9819568416827535
0.9819568416827535
0.9819568416827535
0.9814216632580901
0.980427760469429
0.9829125174410829
1.0
0.9813452091974243
0.8911294176111942
0.9126321221735895
0.6131424530285365
0.8514306466102186
0.5717043521474043
0.8141210650050656
0.563676675777442
0.7684971043024534
0.5558019075288145
0.7230451652363392
0.5522850207381645
0.6541982836063387
0.5008314379097469
0.6152831667271934
0.4984613620290914
0.5844721802786756
0.5278197213249493
0.5541581452244888
0.5139050822836837
0.5144976012538475
0.48630516638315013
0.5214931478048137
0.49471511305644283
0.5187981421663265
0.4658154781245828
0.4925170588122865
0.43110533458208333
0.4597182667864456
0.4594697910892799
0.4261549341539409
0.5080945736730446
0.3907567040654453
0.49035723159846417
0.3387297157820298
0.4926508534184531
0.31611842733997275
0.4599285154532776
0.3183164815841288
0.461304688545271
0.3485540625776493
0.4749135113438719
0.29308664156425046
0.4456316061086801
0.23509623654886436
0.4432615302280249
0.20766834228483
0.44463770332001823
0.21691928362545193
0.5103117414323677
0.25986735220474433
0.531795332479597
0.22303560847875573
0.5418108144268822
0.14189873659664817
0.5733863414820631
0.08140446109444029
0.5965519218639506
0.10980714463196967
0.618723599457177
0.09772740304669472
0.6459412450543786
0.08968061316156667
0.6583268028823193
0.08006651503278009
0.7171964295953678
0.08769280758424322
0.77392534260976
0.08801773734207471
0.8714042699592891
0.18834457845142338
0.9143714520537484
0.16213994915805005
0.8743859783252746
0.14979261836044305
0.814981173187562
0.10875590129780781
0.7748427913377558
0.06469924883885408
0.7132972725013857
0.082302796307269
0.6821040157495374
0.08899252661557028
0.6698713660429287
0.061277929624037566
0.6435711691737228
0.03520709493682997
0.5788910338500363
0.0
0.5513675720101693
0.00040138381849833807
0.53668839236224
0.0196486935912385
0.5520556585561657
0.003860930063648005
0.5542728263154886
0.007855654733462308
0.5416579063055496
0.04566218773294638
0.5403581872742222
0.05430149658823795
0.5914294997993085
0.059615053804545605
0.645100250387049
0.10370993329383248
0.6123779124218739
0.14757545060112046
0.6268277298878049
0.2046866339188444
0.711309466924062
0.24776849710430313
0.7569525411418423
0.3103843727899999
0.7686500124237852
0.3270704715304195
0.7775186834610759
0.36688392362239375
0.8418930025420984
0.41319597087100324
0.8792025841472514
0.43821556222404956
0.9047382404097946
0.46692406200424386
0.8853189090005545
0.5780309256675401
0.9548156501462193
0.6589766623979822
0.9854737284734041
0.7252814465108287
0.9811923010760918
0.799403658326804
0.9808100307727592
0.8393509050249437
0.9819568416827535
0.8690915346241332
0.9819568416827535
0.9143332250234152
0.9819568416827535
0.96423861312334
0.9819568416827535
0.9806953496817605
0.9819568416827535
0.9821097498040867
0.9819568416827535
0.9819568416827535
0.9819568416827535
0.9819568416827535
0.9819568416827535
0.9819568416827535
0.9819568416827535
0.9819568416827535
0.9819568416827535
0.9819568416827535
0.9819568416827535
0.9819568416827535
0.9819568416827535
0.9819568416827535
0.9819568416827535
0.9819568416827535
0.9819568416827535