0000100000
0.8876560527423205
0.774161874035629
0.402777388132978
0.3012764763641461
0.16009257960443257
0.038069855519708304
0.152040959461355
0.0008696871931546174
0.18106326272969567
0.022247159489409436
0.19022303268340596
0.05394866040117824
0.17099172394445208
0.047047271707111454
0.15263010239865338
0.005021742179828762
0.18811895076448315
0.0023846261747791715
0.23564314770655062
0.08565016131294714
0.24916538083882733
0.18546780754664052
0.2557441436386589
0.1712161593491374
0.257525599663347
0.12178426146724645
0.2473558703885538
0.11000140272127949
0.25213914995090486
0.10691541590685923
0.2789170991723943
0.08071258240987499
0.2642165801655212
0.0366671342404266
0.21937158086688166
0.02606256136905605
0.21120774302146167
0.11392902230326835
0.23575536540889316
0.2019077009398233
0.22196661523355313
0.20622808248001126
0.2110814981063262
0.1903492775985413
0.2189928461214756
0.23809790994529398
0.2560246878945154
0.32820872492635694
0.2887782297657458
0.3580025248983029
0.3366390798148408
0.3493617618179268
0.36254734184317555
0.33684948800673287
0.4335951746387992
0.36496002244354087
0.48560807967456876
0.4361621545798851
0.5268480852854539
0.442446345911067
0.5317576097629402
0.3554215177444244
0.5051059054565856
0.29095244774863244
0.43631645392060614
0.27484920746247726
0.374386309440314
0.2109973348295694
0.3278299901809511
0.1867022022724084
0.255211109552532
0.2235096086407631
0.18681441997475096
0.29897601346612435
0.15299480993126655
0.321868424744003
0.17632206480572307
0.28910085565998045
0.18612708654790266
0.2604853415626316
0.19750315612287833
0.274624772057792
0.19203254313367948
0.2800112217702339
0.16397811754804328
0.30363304811333997
0.1884696310843036
0.38353205218123176
0.2335250385748351
0.4428952167204378
0.2324449431897883
0.43189788189086825
0.17386730256698
0.38375648758591646
0.17508767007995496
0.35637536821433563
0.18618319539907427
0.3184457848225554
0.1807827184738391
0.23484359657735998
0.174484499929864
0.17615373825220915
0.1728573432458971
0.14647215598260604
0.1484640201991864
0.12548744564455042
0.12248562210688736
0.13351101136204255
0.11603310422219117
0.13474540608781055
0.08238182073222045
0.11370458689858316
0.05082059194837971
0.11095525319119082
0.0734885678215738
0.17918361621545814
0.10598961986253333
0.24971244213774732
0.09315472015710481
0.20830410997334822
0.0868565016131294
0.11527563473137899
0.06974330200589138
0.07521391499509042
0.08946556319259366
0.13670921587880497
0.10904755225136756
0.23798569224295124
0.14152054986674137
0.21486884556038688
0.13554495721700097
0.16986954692102677
0.08703885537943604
0.21066068172254176
0.08485061018375663
0.1841211951185297
0.11976434282508056
0.08144199747510122
0.16488988637957655
0.07527002384626169
0.10367512975171825
0.18832935895637531
0.0643287978678635
0.28461214756627845
0.06796184598120338
0.296114462056389
0.08054425585636138
0.26042923271146035
0.09443119652125115
0.22244354046850884
0.10554074905316305
0.25779211670641033
0.1037873474540609
0.399859727872072
0.08301304530789715
0.4822836302426709
0.059868144199747564
0.4627016411838967
0.05913872913452092
0.4048534156263146
0.05885818487866446
0.34133819610043487
0.055870388553794316
0.2861831953990745
0.053036891569644966
0.24847804741197935
0.049151353626034365
0.27765465002104067
0.03195399074203943
0.2786646093421236
0.008556599803618913
0.23691962407069728
0.0
0.12509468368635132
0.025908262028334846
0.09232711460232844
0.26775143778931115
0.43015850750455903
0.7593070556880349
1.0