0000100000
0.33588758883066544
0.329768142990453
0.3325856004594071
0.33464934319144374
0.31776254396669307
0.31325820113416103
0.3361029358983561
0.2599956930586463
0.388252817457469
0.20522575550929587
0.44104874021965396
0.18936185485607646
0.4873124685952195
0.20350297896776984
0.49651855573899967
0.21520350297896781
0.5190761610796069
0.22022826789175226
0.5656988012346567
0.22065896202713378
0.6137929796855934
0.2220228267891752
0.6414830234728305
0.22798076232861975
0.6550678343263228
0.2460699160146437
0.7251991960376143
0.27916158208312364
0.8502978967769725
0.3231641662479363
0.9376031871366018
0.3237384250951117
0.9299404206446059
0.26932739932524596
0.9071854138252821
0.2121168616754003
0.8902088866556603
0.19654009044576837
0.8578888809130714
0.21132725576053413
0.8113380231139186
0.22819610939631044
0.7958150886512096
0.23164166247936263
0.8211183691048742
0.2080252673892757
0.8596296030435723
0.18972076663556078
0.8759600890101217
0.15605484171990522
0.8683152681070994
0.08592348000861383
0.8348646902591345
0.036106525016151005
0.7658459550642454
0.0
0.7147728088435863
0.006388629674825989
0.6926100064604122
0.01572033594142539
0.6554267461058073
0.00595793553944427
0.6169155121671096
0.004235158997918113
0.579445122388917
0.0130643887732394
0.6007106453233798
0.028354030579283592
0.6585492785873235
0.05010408441605044
0.6652429832747113
0.06876749694924983
0.6392039336731034
0.07228483238819894
0.6566291005670808
0.06761897925489917
0.6793661617974301
0.07451008542100347
0.6751668939774604
0.07630464431842654
0.674574689541311
0.05685162587036109
0.699913861172924
0.11341612231713444
0.6849472399684159
0.3202210896561626
0.7064819467374922
0.3996841576340537
0.7308341109755225
0.4757734548847894
0.7727191156413755
0.5834469887301705
0.8065824420357477
0.6949249874380881
0.8185521498815594
0.8010193094537368
0.8160936041920896
0.8317421577776185
0.8051826860957582
0.7531404780704906
0.7734907759672676
0.6529323092383893
0.781404780704903
0.6207020314406716
0.7731857009547056
0.6090015074294738
0.7340463714019095
0.5790682650204577
0.722148445911995
0.590984136099347
0.7080073218003017
0.6295312612159932
0.6619409949034529
0.571890029430766
0.6319359701385401
0.47003086641303576
0.6155695929940422
0.4313401765845956
0.5816883210106959
0.47211255473404656
0.5818139401335155
0.4945804321297826
0.6355430335223603
0.5520780992032162
0.6823451295671524
0.6392936616179744
0.7374739788959876
0.7052616466872442
0.7869140765199916
0.8063312037901084
0.7842042925848828
0.9272844734764198
0.7802383174215779
0.9966980116287422
0.7849759529107747
1.0
0.774998205441103
0.9326681501686889
0.7749802598521286
0.5993826717392867
0.7902699016581727
0.21075299691335864
0.7564783576196973
0.07199770296461125
0.6456822912928003
0.060871437800588575
0.5636530040915945
0.0819754504342832
0.605412389634628
0.10401263369463798
0.6307156700882924
0.11643098126480497
0.6445517191874239
0.11363146938482527
0.687208384179169
0.12447060512526013
0.7106273777905393
0.16143851841217405
0.7441317924054269
0.21829014428253554
0.781332998349006
0.2743521642380301
0.7778694996769795
0.30335223602038625
0.7829481013566868
0.28935467662048664
0.7922080252673894
0.2897135883999711
0.7900545545904818
0.31842653075873945
0.8110867848682798
0.32589189577201944
0.8410020816883211
0.3215131720623069
0.882384609862896
0.3517335438949105
0.9043500107673537
0.4232287703682436
0.8791723494365088
0.4711076017514897