0000100000
0.5374147876245412
0.3912952281069743
0.6001573151546938
0.3738856843209229
0.7218143681174622
0.3795490298898794
0.755610907184059
0.34871525957000565
0.7455951756685897
0.23324593602517035
0.7304667016255902
0.180073413738857
0.6600419507079184
0.2282118510749872
0.5447823807026746
0.24079706345044544
0.5738070267435763
0.24394336654431054
0.5426848453067646
0.26953329837440976
0.4165967488201365
0.34336654431043506
0.4290508652333512
0.36151022548505524
0.5453329837441011
0.3276350288411119
0.569585736759308
0.29805977975878367
0.48329837441006807
0.5080230728893553
0.43822758259045635
0.5670686942842162
0.4357105401153646
0.49522810697430547
0.3584950183534349
0.36339800734137373
0.2907446250655482
0.367488201363398
0.3270582066072367
0.23072889355007858
0.3961719979024646
0.10561090718405884
0.44837441006816986
0.05254326166754079
0.4888568432092293
0.12176192973256443
0.49711588883062413
0.16213948610382758
0.4824593602517047
0.15689564761405328
0.4864971158888307
0.15951756685894092
0.5495018353434719
0.16046145778710014
0.5701101206082853
0.10047194546407982
0.5874147876245416
0.07802831672784481
0.6073413738856848
0.1906659674882017
0.6239119035133722
0.18605138961719975
0.6674882013633984
0.1715783953854221
0.745936025170425
0.09837441006816992
0.7640010487676983
0.20377556371263778
0.7568169900367071
0.31567907708442583
0.729916098584164
0.3293130571578396
0.7346879916098585
0.3040377556371266
0.7173833245936027
0.1049816465652858
0.7419244887257476
0.0567383324593603
0.7630309386470902
0.12186680650235993
0.7917671735710543
0.08453067645516531
0.7120083901415839
0.11525957000524413
0.5634766649187205
0.14001048767697963
0.5296539066596754
0.1897220765600417
0.5394074462506554
0.231463030938647
0.5292081803880441
0.1896171997902466
0.4960933403251181
0.2551651809124276
0.45133717881489266
0.36339800734137373
0.42267960146827493
0.37210277923439977
0.3751966439433667
0.33990561090718446
0.34910854745673836
0.4009438909281592
0.3298636601992661
0.27582590456213957
0.3758783429470374
0.2442579968536968
0.4055322496067123
0.5951756685894073
0.3479549029889881
0.996853696906136
0.3483744100681701
0.9642370214997379
0.35314630309386474
0.6600943890928163
0.2973780807551128
0.5844782380702671
0.2881751442055585
0.5936025170424749
0.33274777136864186
0.5031987414787625
0.32233875196643946
0.23995804929208153
0.312401678028317
0.0
0.34221289984268505
0.10435238594651305
0.3923177766124805
0.21919244887257447
0.4447823807026747
0.28337703198741504
0.44158363922391203
0.41321447299423175
0.416937598321972
0.3841636077608813
0.40663345568956494
0.33287886733088645
0.45416885159937087
0.36790770844258014
0.5654168851599373
0.4667016255899318
0.6209491347666494
0.5868904037755639
0.5895909805977976
0.7663345568956479
0.5947823807026745
0.8122705820660729
0.5785789197692713
0.8827477713686416
0.6242003146303096
1.0
0.6110382800209754
0.9459884635553225
0.518405873099109
0.9497640272679602
0.4636601992658627
0.9489250131095966
0.4336130047194548
0.7347666491872051
0.44997378080755124
0.6492920818038806
0.45799685369690646
0.9336130047194547
0.3802307288935501
0.9248033560566339
0.37766124803356094
0.6634504457262717
0.38529103303618245
0.7958049292081807
0.2849239643418983
0.6947037231253274
0.2863398007341373
0.799056109071841
0.2946775039328787
0.9240692186680655
0.22789722076560054
0.9528054535920298
0.22115888830624028
0.9300471945464084
0.21219192448872587
0.9202936549554278