0000100000
0.09544289897510995
0.3173499267935582
0.13143606637384112
0.3255246461688628
0.2045510004880432
0.35017081503172304
0.2913311371400684
0.3667642752562227
0.32094924353343113
0.4299658369936557
0.3633174719375306
0.6157881893606637
0.4206015129331384
0.4876769155685706
0.4548560273304052
0.20375793069790146
0.3956808199121525
0.10517325524646193
0.4215165934602248
0.08626159102001013
0.4085834553440707
0.09943875061005393
0.36026720351390945
0.12274280136652048
0.32296242069302117
0.13628599316739895
0.29456442166910707
0.18984870668618845
0.3280868716447048
0.2064421669106884
0.29425939482674507
0.28111273792093755
0.28974499755978544
0.3704245973645684
0.3051183504148368
0.5523426061493416
0.3163433382137631
0.6633723767691563
0.3845168374816986
0.7131527574426553
0.38701805758906815
0.7003416300634455
0.32296242069302117
0.8938506588579791
0.3216813079551003
0.9902391410444122
0.47453025866276266
0.9779160566129821
0.5950158613958031
0.7213274768179597
0.68460224499756
0.6482430453879942
0.7523182040019525
0.653611517813568
0.7511896046852129
0.6511713030746705
0.8327537823328458
0.6450707662274278
0.8353465104929239
0.6204245973645681
0.7100414836505614
0.6120058565153733
0.6271046852122989
0.6090775988286974
0.5845229380185457
0.5716203025866279
0.5359016593460227
0.5245241581259151
0.4473828696925332
0.5245241581259154
0.3653916544655933
0.4876769155685704
0.3405014641288436
0.39714494875549067
0.21620302586627638
0.3261346998535874
0.19838945827232835
0.3050268423621281
0.20677769643728686
0.3311371400683265
0.159773060029283
0.3843338213762811
0.21208516349438777
0.4577842850170816
0.35331259150805305
0.5588091752074181
0.3973584675451441
0.6437286481210346
0.449914592484139
0.7733040507564665
0.725536847242558
0.7914836505612499
0.9183443142996588
0.7101024890190343
0.7882198633479749
0.4366764275256224
0.6154221571498294
0.3022205954123966
0.6390617374328943
0.2420693020985849
0.7337420693020985
0.36749633967789186
0.802251098096633
0.5004880429477795
0.842423133235725
0.4780380673499274
0.9178867740361156
0.5200097608589557
1.0
0.5179355783308937
0.9967667154709617
0.42410932162030296
0.949914592484139
0.26366520253782344
0.8032576866764278
0.1134699853587118
0.5982491459248415
0.0
0.5157088823816497
0.0006100536847243661
0.49127623230844325
0.0738164958516351
0.4323145436798441
0.07113225963884849
0.5066190824792587
0.0783308931185947
0.5536847242557348
0.16813079551000507
0.4733406539775504
0.1706930209858467
0.40949853587115687
0.23072230356271353
0.4214860907759886
0.3982430453879942
0.5036298194241097
0.4040995607613472
0.5287945339189852
0.3953147877013179
0.5793069790141537
0.4366764275256225
0.6774646168862861
0.7040019521717915
0.7681185944363107
0.7579306979014159
0.6974438750610058
0.6138360175695465
0.6663006344558323
0.5413616398243046
0.6795082967301126
0.8067349926793563
0.616611761835042
0.8565153733528551
0.6103282088823819
0.5394094680331875
0.612463396778917
0.38360175695461235
0.6087115666178626
0.3626159102000981
0.6296059053196683
0.33613958028306506
0.5525561249389946
0.10761346998535906
0.5734504636408007
0.08735968765251367
0.6578818936066376
0.14214250854075192
0.7091874084919476
0.1695949243533435
0.7313628599316742
0.2523182040019526
0.7427403611517817
0.1645924841386046
0.5558809175207421
0.11322596388482221
0.3894582723279651
0.2697657393850659
0.3501098096632507
0.38921425085407546
0.32531112737920975
0.3351634943875065