0000100000
0.7896921385376581
0.46630016492578363
0.7929906542056075
0.3840571742715777
0.787575590984057
0.33831775700934597
0.7794392523364486
0.3151181968114349
0.7640186915887849
0.3144584936778454
0.7460967564595935
0.336008796041781
0.7380978559648157
0.361957119296316
0.7424683892248491
0.4182517866959869
0.7366410115448048
0.4892798240791648
0.7163826278174821
0.5515118196811433
0.7200659703133593
0.5875755909840576
0.69392523364486
0.6069268829026937
0.6141286421110501
0.6222100054975261
0.5570643210555247
0.6407916437603083
0.5280373831775704
0.663771302913689
0.5299615173172074
0.6654205607476632
0.5052776250687189
0.6418911489829573
0.48688840021990104
0.5939527212754265
0.49516217702034065
0.5316107751511824
0.5474436503573391
0.4647608576140733
0.5788345244639913
0.4177020340846622
0.5802638812534359
0.3838372732270472
0.5704507971412865
0.36030786146234134
0.5564321055525016
0.32897196261682266
0.5324079164376032
0.2899395272127545
0.5582462891698737
0.23969213853765817
0.5739692138537659
0.1884551951621774
0.5530786146234195
0.1651456844420013
0.49791094007696535
0.07630566245189696
0.4744914788345249
0.03672347443650353
0.4037658053875761
0.01242440901594281
0.380813633864761
0.018801539307311488
0.34139637163276526
0.023529411764705455
0.33543155579989026
0.005387575590983851
0.29901044529961524
0.0
0.3086586036283673
0.025068719076415582
0.2589609675645958
0.041451346893898094
0.2857339197361188
0.09521715228147343
0.43488180318856523
0.13820780648708125
0.4181968114348542
0.1719626168224299
0.4067344694887302
0.229246838922485
0.39222100054975256
0.26190214403518425
0.39156129741616286
0.3190764156129744
0.4209455744914789
0.40527762506871917
0.41011544804837835
0.45838372732270505
0.41418361737218284
0.45728422210005504
0.43746564046179187
0.43045629466739976
0.4682242990654208
0.4062671797691036
0.4945849367784499
0.361957119296317
0.4811709730621221
0.28730071467839496
0.4973611874656407
0.21902144035184182
0.5210005497526113
0.18009895547003868
0.5223749312809236
0.17075316107751493
0.5536558548653108
0.17075316107751493
0.5137713029136888
0.18625618471687777
0.49260582737768005
0.2252886201209457
0.4716327652556348
0.2660802638812535
0.4598955470038483
0.3205057724024191
0.49439252336448597
0.3590984057174275
0.4933754810335353
0.3968114348543157
0.4848818031885654
0.4257284222100054
0.5064595931830678
0.45046728971962624
0.5219901044529959
0.4829026937877953
0.5683617372182519
0.5208356239692138
0.6263056624518964
0.56866410115448
0.6642385926333152
0.6146234194612423
0.6344694887300717
0.6558548653106097
0.6367509620670696
0.68763056624519
0.7374106652006595
0.7144584936778443
0.7590434304562945
0.731940626717977
0.6573666849917539
0.7487630566245189
0.5492578339747115
0.7562396921385379
0.5830401319406269
0.7586586036283676
0.6550027487630569
0.7652556349642657
0.6628092358438703
0.7839472237493129
0.6290269378779549
0.8123144584936781
0.6681693238042878
0.8365035733919735
0.7272127542605828
0.869488730071468
0.7704233095107202
0.8971962616822431
0.7935678944474986
0.9277625068719073
0.8073391973611875
0.9484332050577241
0.809208356239692
0.9551401869158879
0.7933479934029681
0.9597581088510171
0.769791094007697
0.9650357339197362
0.7406816932380426
0.9773501924134131
0.7079989004947773
0.9984606926882903
0.6665475536008794
1.0
0.6345244639912038
0.9818581638262782
0.6085211654755363
0.9566794942275977
0.5874656404617925
0.9282023089609677