0000100000
0.20531290144980724
0.3714443017067351
0.1450495503762159
0.47430721233253803
0.11018076711323174
0.5661589282437143
0.20393650211047892
0.5180767113231783
0.33735547806937044
0.5098183152872088
0.44060836850798313
0.6169021838869517
0.5119976142411451
0.8545604698109747
0.5034639383373095
0.8984217287575701
0.5130987337126077
0.9279684345751517
0.5387685813910809
0.8675903835566159
0.48836942558267565
0.6895760690034869
0.4025738667645438
0.35969902734446696
0.3625435859790788
0.33703431822352736
0.31469076894843107
0.3327216002936316
0.24070930445953367
0.2629840337676633
0.21155257845476244
0.281336024958708
0.2104285189943108
0.37419710038539206
0.2182281152505046
0.5675353275830426
0.21549825656083677
0.4838502477518812
0.1659937603229951
0.38135437694989927
0.19868324463204268
0.41163516241512205
0.4127592218755735
0.25555147733529093
0.5000688199669665
0.13369425582675729
0.4099146632409615
0.1943475867131584
0.36997614241145155
0.2529821985685445
0.3079922921636997
0.23352908790603788
0.1659937603229951
0.23334556799412742
0.15947880345017423
0.052578454762341735
0.2035235823086805
0.06303908974123694
0.1698247384841255
0.15635896494769697
0.24142044411818678
0.03266654432005877
0.3670398238208846
0.0
0.3792209579739399
0.12213250137639911
0.30911635162415135
0.2591301156175442
0.3468296935217472
0.2497706001101119
0.5037392182051752
0.17783079464121862
0.5478757570196365
0.31767296751697555
0.522160029363186
0.30051385575334905
0.6401403927326116
0.3903468526335106
0.7104514589832993
0.6163516241512201
0.6801706735180766
0.6389245733162044
0.7458937419710038
0.5749678840154152
0.6890255092677553
0.5946962745457877
0.47770233070288104
0.5336759038355658
0.4135621214901815
0.4176913195081668
0.4871994861442464
0.3754817397687643
0.621559001651679
0.5866213984217288
0.5999036520462468
0.5794641218572215
0.7310515690952466
0.5701046063497888
0.8249678840154158
0.9778858506147916
0.7633510735914846
1.0
0.7623646540649658
0.6113048265736833
0.8149889888052856
0.44677922554597155
0.8164112681225911
0.7141677371994858
0.6710405579005317
0.7719765094512754
0.7001284639383373
0.8905303725454213
0.7820701046063495
0.778491466324096
0.845292714259497
0.8660304643053768
0.8757111396586528
0.8855753349238392
0.7659432923472196
0.6811341530556064
0.768374931180033
0.6058909891723246
0.7580289961460817
0.6101119471462648
0.7226555331253443
0.3896127729858688
0.7595659754083317
0.4730225729491651
0.7627546338777755
0.5968067535327581
0.7366489264085153
0.4106258028996145
0.6488346485593686
0.45035786382822535
0.6386492934483389
0.2314186089190677
0.6758350155991926
0.13075793723619022
0.559804551293815
0.059001651679206873
0.5276656267204991
0.11295650578087726
0.7958111580106438
0.4386125894659569
0.7382547256377316
0.4150302807854654
0.54512295834098
0.4874288860341345
0.6233712607817947
0.4584327399522846
0.6490181684712789
0.5177096714993575
0.4972930812993207
0.42145347770233055
0.5103459350339512
0.5200036703982382
0.5365434024591667
0.7277482106808587
0.445563406129565
0.7121490181684706
0.4604285189943107
0.692879427417875
0.4349880712057258
0.7511469994494401
0.5614562305010092
0.9266837951917782
0.6555101853551111
0.8938337309598082
0.6635391815011927
0.6841622316021291
0.6771196549825654
0.39502661038722686
0.6095843273995225
0.6149752248118918
0.5659754083318038
0.5851532391264452
0.49330152321526877
0.254358597907873
0.49717838135437686
0.2962011378234535