0000100000
0.19449240845489713
0.45388508484668066
0.21387317654063703
0.5181899374813934
0.22956236975290267
0.5808871688002382
0.24684429889848158
0.7003870199464127
0.2248734742482881
0.7982137540934804
0.2087377195593926
0.8410241143197382
0.24429889848169098
0.846501935099732
0.23432569217028879
0.9047930931824949
0.30577552843108075
0.9710628163143795
0.3288776421554033
0.9151533194403095
0.31923191426019654
0.8438821077701697
0.378148258410241
0.8534682941351592
0.36743078297112236
0.8411431973801726
0.30114617445668346
0.8910389997022921
0.2484965763620124
0.9514141113426613
0.2869901756475141
0.9281929145579038
0.32963679666567425
0.9837451622506694
0.3280291753498063
1.0
0.4012057159869008
0.9550461446859186
0.501518309020542
0.8787734444775233
0.5169246799642752
0.7905924382256626
0.5536915748734743
0.7757070556713308
0.5874665078892528
0.8487049717177729
0.5849211074724621
0.948615659422447
0.5646025602857994
0.8947901161059836
0.5043763024709734
0.5910092289371837
0.46810062518606727
0.45745757665972014
0.39295921405180106
0.4935397439714202
0.3120273891038998
0.49479011610598406
0.29318249479011593
0.4316165525454002
0.2903393867222388
0.4710925870794877
0.21619529621911276
0.44691872581125325
0.1532896695445073
0.4510866329264662
0.09940458469782668
0.4631735635605835
0.14545995832092876
0.4568621613575471
0.1707948794284012
0.4784757368264364
0.1137689788627566
0.46603155701101506
0.07384638285203939
0.5019350997320632
0.05919916641857695
0.5194998511461744
0.03231616552545392
0.5936885977969634
0.012072045251562953
0.6101220601369455
0.010568621613575403
0.5928550163739208
0.0
0.5685620720452511
0.02789520690681753
0.5766001786245907
0.03731765406370934
0.6016671628460849
0.043361119380768094
0.6052396546591245
0.07511164036915757
0.5958320928847867
0.10139922596010711
0.6141113426615066
0.09398630544805008
0.5952366775826137
0.09416493003870205
0.6346531705864841
0.09483477225364687
0.6640071449836262
0.09940458469782668
0.6633521881512352
0.10074426912771653
0.6828222685323014
0.1266150640071449
0.7761238463828518
0.1393271807085441
0.6658529324203634
0.13352188151235478
0.5864840726406669
0.11527240250074419
0.7015183090205419
0.1085442095861863
0.6991366478118483
0.10169693361119364
0.6685323012801428
0.0973504019053288
0.5918428103602265
0.10829115808276267
0.6054182792497768
0.09389699315272398
0.6900267936885977
0.07546888955046142
0.6615064007144981
0.05945221792200059
0.6790116105983923
0.0671330753200357
0.7501041976778804
0.07972610896100027
0.7153319440309615
0.08550163739208094
0.7595117594522182
0.11881512354867513
0.7386722238761537
0.1415748734742483
0.7918428103602265
0.16533194403096146
0.8276272700208397
0.16418576957427794
0.8009526644834775
0.2104793093182493
0.7226555522476926
0.2732063114022029
0.7530217326585291
0.2907412920512056
0.7817207502232808
0.3630395951175944
0.7761238463828518
0.3974545995832091
0.7255135456981245
0.4078743673712414
0.7340875260494191
0.42039297409943427
0.7931527240250072
0.39275081869604056
0.8457278952069069
0.440175647514141
0.8214349508782378
0.42560285799345043
0.8239952366775828
0.4538404286990176
0.8526347127121167
0.519217028877642
0.8385233700506105
0.6112533492110747
0.8890145876749032
0.6706013694551949
0.8984816909794583
0.6544209586186365
0.8412622804406075
0.6652277463530815
0.8445370646025603
0.6686513843405777
0.8425126525751705
0.6297112235784459
0.84298898481691
0.610955641559988
0.8091693956534682