0000100000
1.0
1.0
1.0
1.0
1.0
1.0
1.0
1.0
1.0
1.0
1.0
1.0
1.0
1.0
1.0
1.0
1.0
1.0
1.0
1.0
1.0
1.0
1.0
1.0
0.934233440113517
0.940876744136048
0.3663169436501622
0.4622148646614926
0.3220389998495045
0.4411884849396939
0.33192870810311087
0.40760647560896957
0.31471846580525886
0.44596134414034766
0.32354395545331405
0.5115774084664503
0.32862855545761377
0.5248210177799757
0.30363554275148896
0.4926579665899857
0.29822845226065836
0.4825962634102295
0.32777933050975006
0.46771870229828233
0.3544922924773718
0.3554060155225418
0.3456453034635477
0.3620278201793049
0.34693526540967035
0.3480962311611805
0.34805323242964337
0.3303807537677636
0.3339818975340228
0.3428073871820782
0.26892481671790686
0.3695525981983532
0.24192161331240722
0.31748113430653807
0.2506073570829661
0.3459032958527724
0.22621632661836472
0.36774665147378127
0.210747532947778
0.32083503536645663
0.1752950787951756
0.3642637542192507
0.12615827833078921
0.39874873691226126
0.08229957216262113
0.36753165781609476
0.06952894889600766
0.3682626362522306
0.08441725969083912
0.4190441381979233
0.08982435018166963
0.4274718895792576
0.06945370111581702
0.3800012899619463
0.049588287145529236
0.3597918861393589
0.034097994109173746
0.4613978887622815
0.027153698965880636
0.4936899361468838
0.02963687571216654
0.5174252359555396
0.019682669361253825
0.4364586244705781
0.0
0.3815062455657555
0.016285769569797676
0.37105755380216304
0.038591361554834176
0.37931331025734744
0.059048008083761476
0.30526949454991087
0.06026272224969365
0.27362242813836984
0.04704061230193705
0.2646786919785867
0.04555715606389607
0.2219379528303916
0.05085674972588312
0.18753896760045569
0.04486917635929751
0.29752972287317525
0.023391309956356264
0.3129232687635714
0.017951970416872763
0.27805129748672425
0.03320577042977229
0.2831251478081397
0.03891385204136482
0.1883129447681294
0.03373250489110584
0.16870552318706583
0.020800636381226735
0.1900758927611636
0.014157332358695483
0.21561713929439086
0.002407928966095498
0.2798142454797584
0.011835400855674826
0.31696514952808885
0.02474576999978506
0.34147442650441817
0.019628920946832128
0.36232881130006683
0.021434867671403752
0.374282458667469
0.07144239244942276
0.3247909186678992
0.1158385827618085
0.30514049835529844
0.10700234343086869
0.32784382860705585
0.07761271042504246
0.33184271064003634
0.07516178272740955
0.33971147851138417
0.10062778148044639
0.3117623030120611
0.1331563218885045
0.2602498226302325
0.12822221744458534
0.2476081955582311
0.13568249736632756
0.2525960484165717
0.1547739341689421
0.21699309870358813
0.1741986111409714
0.235095564680842
0.25301528604906154
0.3306817448885257
0.9215380646270935
0.9301700599832305
1.0
1.0
0.9996775095134693
0.9995700126846258
0.9997850063423129
0.9993550190269387
1.0
1.0
1.0
1.0
1.0
1.0
1.0
1.0
1.0
1.0
1.0
1.0
1.0
1.0
1.0
1.0
1.0
1.0