0000100000
0.9939491012635691
1.0
0.10148602954262323
0.1377469300587293
0.30472504004271217
0.34312155187755833
0.5557928457020821
0.5894287239722372
0.5524114611140772
0.5864032746040222
0.5523669692116036
0.5862253069941268
0.5523669692116036
0.5862253069941268
0.5532011923829865
0.5871151450436022
0.549964406478021
0.5837782523580707
0.15638903719523048
0.19576437088449883
0.08797161416622179
0.0867592098238119
0.13475484961736964
0.11768108204306817
0.13764682327816333
0.1125200213561132
0.14046093610962798
0.11082932906211063
0.14602242391884676
0.1082487987186331
0.15151717387435476
0.09757074212493329
0.1442538707955152
0.09014059441181688
0.14219612030610432
0.09276561665776815
0.146155899626268
0.08462359850507195
0.15061621284926144
0.07189891439757962
0.15515438690158392
0.06219967965830217
0.16934730379071009
0.05597081331197721
0.18558684819362875
0.04871863320875592
0.19114833600284745
0.03946431749421597
0.19996885566826833
0.03439224061220859
0.1920159281010856
0.025671827727353595
0.1965652251290265
0.020733226552767336
0.19593121551877563
0.015394198255917408
0.17154965296316077
0.009432283324434904
0.1670893397401672
0.00489410927211247
0.17246173696387257
0.0027140060508987337
0.1792467520911194
0.0
0.16852420359494572
0.001868659903897489
0.14455419113721296
0.010544580886278606
0.14225173518419645
0.025760811532301097
0.1523513970457377
0.040532123153585925
0.14387568962448838
0.05040932550275841
0.1377802989855845
0.05850685175298086
0.1285927211247552
0.06420181526962086
0.11467787862609002
0.06429079907456832
0.10864922584089694
0.06344545292756724
0.10802633920626444
0.06865100551699592
0.10287640149492794
0.07523580708311092
0.09071898914397579
0.08480156611496707
0.07897312689090581
0.0934329951948744
0.10782612564513257
0.10331019754404693
0.11676899804235626
0.1133653675031144
0.1240323011211959
0.11897134721480691
0.13256362342053746
0.12675743014771315
0.1286928279053212
0.1396155899626268
0.15360829329062112
0.16297383876134536
0.16706709378893034
0.3091297383876133
0.18671026873109092
0.47303790710090765
0.22205908524648516
0.4798896600818652
0.25176855312333146
0.45346147001245785
0.2726352553835202
0.48509521267129385
0.3161483360028476
0.6795248264815804
0.33974016728955336
0.7531144331731624
0.3582265527673964
0.6543424096814378
0.40700080085424456
0.499466097170315
0.44669870083644775
0.49474995550809747
0.4363877024381562
0.612742480868482
0.45072521801032217
0.6453550453817406
0.46271578572699773
0.6347659725929882
0.4384343299519487
0.614166221747642
0.39824701904253434
0.48509521267129385
0.4399248086848194
0.4736163018330664
0.45393975796405045
0.46187043957999646
0.44219389571098056
0.4493682149848727
0.45996841074924366
0.5522334935041823
0.4728933084178678
0.623909948389393
0.4805792845702083
0.6437088449902119
0.46783235451147887
0.6458889482114256
0.4150983271044671
0.6513169603132231
0.4024403808506851
0.627602776294714
0.4155766150560598
0.5909414486563446
0.42556504716141663
0.5720323901050006
0.41594367325146825
0.49234739277451506
0.37567850151272464
0.26437088449902124
0.34966186154119955
0.10909414486563451
0.41449768642107143
0.10121907812778061
0.36646867770065844
0.33275493860117467
0.5364611140772378
0.5668713294180457
0.558640327460402
0.5812422139170671
0.5575280298985583
0.5803523758675921
0.5575280298985583
0.5803523758675921
0.5575280298985583
0.5803523758675921
0.5601975440469833
0.5819540843566466
0.3669247197010143
0.39615589962626796
0.15247374977754038
0.209289909236519