0000100000
0.70548241745907
0.9082148068566298
0.7179417282683639
0.898016452062922
0.7370395907829964
0.8877539566730274
0.7532992319163605
0.9079582444718822
0.7573240543270849
0.9644019691163032
0.7553998364414796
1.0
0.7502204832993923
0.9835158667799817
0.7458268524605937
0.9209787854978113
0.7396693552266567
0.8626749835639721
0.7297596331157898
0.8264996873145929
0.7286692429806135
0.8009717300322304
0.7321488703237498
0.7980212626076357
0.7315876401071146
0.8004586052627354
0.7203149303272774
0.7910299376232705
0.7085772012250852
0.7686448695540623
0.7198018055577827
0.7622308099353784
0.7378413482353317
0.770889790420602
0.7016339816878597
0.7780735371935278
0.6565752128666035
0.7659509645142154
0.6777897150554014
0.736382149672081
0.7091544665907671
0.7064926318490129
0.692878790308356
0.6963584176514922
0.6488943764732293
0.6991164632875261
0.6101374212273304
0.6790404566810448
0.599971136731716
0.6176579061302372
0.613568943123326
0.5485143434408223
0.6273752064525439
0.5710918332985901
0.6190529640973014
0.5920658082516878
0.5657841989641292
0.5136859997113675
0.5138463512018344
0.3884194153584657
0.49421932876866087
0.38020941904654987
0.4818401937046007
0.4800763273094624
0.4660776421916841
0.646521174414316
0.47096836265093067
0.7240030146080211
0.44782964257652763
0.7414492567708415
0.4277055305229061
0.7213732501643598
0.355018199894168
0.6365793820053557
0.23969340795022687
0.5152253740198516
0.17882398216891407
0.48398890367685976
0.1643923480268749
0.49675288231804143
0.17196093837692208
0.520549043503359
0.15093885797668474
0.5285666180267147
0.12712666164232
0.5360710677805751
0.10716290107916554
0.5403043471289067
0.11271106264932726
0.5676282411045012
0.09752577650209254
0.6707663197729422
0.08509853599089201
0.7590879207222229
0.09329249715376095
0.7431810528678862
0.09369337587992876
0.6723698346776134
0.11144428587463714
0.6695476484453922
0.1468980004169139
0.6592210124593109
0.17404550775299463
0.6125266584352902
0.19020893799207866
0.566473710373138
0.2217340410179114
0.6156054070522585
0.27176370604364763
0.6896236550518737
0.27697512948382863
0.7136763786219389
0.3048281833779645
0.7352917595369052
0.30938216570723015
0.7695428379006786
0.2929140676362587
0.7690938537273704
0.31058480188573356
0.7405512884242252
0.2709138431441721
0.6507544537626477
0.27426518929493443
0.5986081490627456
0.2797331751198628
0.5462052819780961
0.2734153263954588
0.4286997097638023
0.30285586004521914
0.3914981639754341
0.3006590446258198
0.37475746837066837
0.2922886968234369
0.38149223097028684
0.3130061093917868
0.34069881179545564
0.3989384731331078
0.43735869024902585
0.4251880121225727
0.5429341115725672
0.38139602007600654
0.45974375831823366
0.36096724019049764
0.3144011673588506
0.36008530699292857
0.24423135513044592
0.3460866218751503
0.18733864631271752
0.2957041835703863
0.1487901480044256
0.25000400878726153
0.13916905857639944
0.22309702868688164
0.14558311819508366
0.19331975690714048
0.15398553629555983
0.15887625675480654
0.17098279428507288
0.13376521334765798
0.2057469974183408
0.12167471096643837
0.2444237769190062
0.11259881660600035
0.24391065214951146
0.10923143530619106
0.18932700479450948
0.10243253211038597
0.14218366659718087
0.08314224780719334
0.14802046085018356
0.061174093613200184
0.15860365922101252
0.05010984077097009
0.17598576078764647
0.03784295175023648
0.16110514247229918
0.01455991533441296
0.09253884514856568
0.0
0.06592049773102646