0000100000
0.15860237136832875
0.1765382403680275
0.1024398258440812
0.21240997836742523
0.13105506722527988
0.3015690462498972
0.16791259344450826
0.29811878748048926
0.1929817355349268
0.27292642186259203
0.20171691448287202
0.2542512116980202
0.17047290451545763
0.1650921438155481
0.21034256140639107
0.13568279525726332
0.20548207782250322
0.17484049398943027
0.17426545086119546
0.1642706536323556
0.14877187217612736
0.21509351296585336
0.14632109312960373
0.26394479585968933
0.16208001314384296
0.3175059558038281
0.1398860866945972
0.29286125030805854
0.13124674826802485
0.26126126126126126
0.1098743120019716
0.1738547057695993
0.08839234371149265
0.15485089953175055
0.05471124620060792
0.15386511131191968
0.08665352282373555
0.18316492784577892
0.07475560667050027
0.2117527862208713
0.12626304115665807
0.2712834414962072
0.161888332101098
0.3026096004819404
0.2658342232810318
0.4702483638653849
0.27749938388236256
0.46745529724253115
0.24318847723103043
0.3855801089843642
0.25196473068813485
0.36323557600153294
0.24861031244009948
0.4479585968947669
0.19418658780360906
0.5803828144253668
0.156822475971412
0.5175661984172621
0.12700238232153124
0.5286836988964646
0.1295079273802677
0.5172923683561979
0.0720857635751253
0.5297242531285083
0.06660916235384325
0.5758372354117031
0.06454174539280921
0.5946219776007008
0.043333607163394426
0.5964292560037234
0.023741066294257797
0.6009748350173878
0.02901229496974178
0.6604507242805113
0.02977901914072137
0.6688299241490727
0.022618363043895022
0.7010323393302115
0.019702072893562322
0.7382732276349289
0.026123387825515494
0.7469262575645551
0.027533612639995673
0.7183383991894627
0.025411429666748826
0.717845505079547
0.014239163175333365
0.7430378706974451
0.010912127933404611
0.7522385607491987
0.036638462170377056
0.7717352610969631
0.037911771954325185
0.7617678468742295
0.04954954954954957
0.7343848407678192
0.0
0.7154358005421835
0.007201730605985913
0.7537720090911577
0.04377173526109694
0.7603439305566958
0.0701963361537829
0.8797338371806454
0.0943618390426901
0.8778717927654093
0.10654727676004265
0.8923847860018067
0.12141624907582355
0.9262849475615422
0.15082559763410833
0.9455625838604554
0.16624223007201724
0.9243681371340943
0.20523563076754553
0.8922752539773813
0.25410060516443483
0.6842739395930884
0.29444946466223054
0.5609408800898159
0.3840466606424051
0.6181165968400004
0.4492729811878745
0.6941318217913954
0.44326241134751754
0.7463238314302143
0.4839535584216433
0.830937320299022
0.5277116021796868
0.9182891097784708
0.5457433117007582
0.9796818094690432
0.592034283523645
0.9602398751334914
0.5726881897094661
0.9221227306333687
0.5894602809496424
0.9228894548043477
0.5693337714614306
0.9128125085571888
0.5368027602070151
0.9442481995673478
0.48496672964758053
1.0
0.47089186450888565
0.9613351953777483
0.4686738410142664
0.9386073003094269
0.47912045784386204
0.9514225471672273
0.42629863906459625
0.9888824995207962
0.4312686546729099
0.9948519948519945
0.48760918973684914
0.9674142227333705
0.4764095402393272
0.9019688381390507
0.4418111120238777
0.7739806675976884
0.4415098989567073
0.7096306032476241
0.44701388318409574
0.7273747912045779
0.44457679564062524
0.726608067033598
0.4516689942221855
0.7317560721816039
0.39921684602535645
0.725896108874832
0.3211615871190338
0.6216216216216214
0.3581834113749007
0.5410608176565621
0.3968071414879924
0.42638078808291574
0.3900161559736028
0.40967715435800495
0.44252307018264425
0.3332785673211204