0000100000
0.6555814772427151
0.9115239017519146
0.6889030724535611
0.9523725680077467
0.7732634915045338
0.9660181353992427
0.8515274231886611
0.8939167180209525
0.845540980720134
0.7995422132229952
0.7965930099480589
0.7974293511752791
0.7552381371599614
0.8388942688616954
0.7438374856941631
0.861607535874637
0.7498239281626904
0.7594858702350556
0.7231490448102824
0.6279602077647675
0.6994453737124747
0.5643102385773395
0.6980367990139977
0.529536050708689
0.71148428558852
0.580332775772515
0.7219385509287788
0.7535874636851838
0.7084250374152656
0.8813275816533145
0.6539087947882737
0.8608152126067434
0.5759529888194381
0.7079848578219917
0.5120829298353728
0.5586759397834317
0.49117439915485495
0.44669425125451184
0.5232634915045339
0.4709041288845849
0.5707588696188043
0.5078792147196055
0.6084382428030635
0.6843912316225018
0.6209833612113742
0.8916277841359276
0.6214235408046481
1.0
0.5969495554186106
0.9106435425653667
0.5871115415089356
0.6396689849458576
0.5246280482436834
0.47636235584118314
0.44559380227132667
0.40109164539131953
0.47413944889514903
0.36103530240338066
0.4857601901575842
0.3132317985738181
0.4819526366757635
0.33885025090236826
0.49914164979311537
0.5009243771458756
0.5141517739237608
0.6961880447222467
0.5253323355929218
0.7563165771634822
0.49047011180561645
0.6979487630953429
0.5286997094814683
0.6607976054230124
0.5064486310414649
0.7039352055638696
0.4484109516682805
0.7054318161810014
0.40065146579804545
0.5620213046923143
0.3928162690377673
0.35249581829386367
0.3850250902368165
0.22000176071837302
0.3811955277753324
0.2369046571000969
0.3364072541596971
0.2992340875077033
0.3090060744783872
0.30698124834932666
0.3642266044546176
0.29368782463245
0.34714763623558403
0.3082137512104937
0.3072233471256274
0.3170173430759748
0.3370675235496082
0.32150717492737046
0.3576899374944977
0.3664935293599789
0.3449687472488775
0.42600581037063123
0.31930627696100006
0.4735452064442292
0.3402368166211814
0.50118848490184
0.3561272999383746
0.35390439299234094
0.34096311295008375
0.14622766088564118
0.36387446077999813
0.09639933092701819
0.420393520556387
0.13645567391495722
0.4474425565630777
0.1594330486838629
0.45719253455409803
0.13883264371863704
0.4345232855004842
0.11048507791178797
0.4649176864160577
0.09358218153006401
0.521018575578836
0.11321419139008711
0.5190817853684302
0.2101417378290341
0.47902544238049105
0.28233119112597943
0.40848666255832383
0.23628840566951306
0.37366845673034604
0.15106963641165572
0.43973941368078157
0.08609912844440513
0.4850118848490182
0.02817149396953946
0.49234087507703134
0.0
0.5273351527423188
0.00986002288933884
0.5139096751474601
0.009771986970684028
0.4633990668192621
0.025178272735275963
0.4307817589576546
0.09129324764503924
0.39787833436041875
0.1523901751914781
0.4075842943921117
0.1921824104234528
0.40859670745664234
0.2821551192886696
0.4394312879654896
0.4045250462188573
0.45091997534994277
0.3666696011972886
0.4986354432608505
0.2599700677876573
0.5644643014349855
0.23752090853068064
0.6011092525750504
0.25935381635707366
0.5998327317545559
0.19913724799718288
0.5636499691874285
0.18725239897878346
0.5053041640989522
0.18892508143322462
0.4556298969979751
0.16251430583678114
0.5391099568623999
0.15996126419579193
0.5956950435777796
0.17818469935733766
0.5938682982656924
0.21084602517827267
0.5617792059160136
0.24359538691786237
0.5369970948146843
0.26032221146227646
0.537547319306277
0.23162250198080822