0000100000
0.0009205681220410305
0.0
0.000526038926880589
0.0
0.0006575486586007362
0.0
0.01607706470278801
0.0013150973172014724
0.030181483429773805
0.004076801683324566
0.050894266175697
0.024723829563387683
0.07880720673329827
0.10783798001052076
0.10602972119936879
0.11467648605996839
0.13443582325092057
0.11401893740136772
0.1565623356128354
0.12019989479221461
0.1730996843766439
0.13861125723303516
0.19276038926880593
0.16359810625986332
0.21390057864281964
0.16872698579694903
0.22981325618095735
0.18122041031036298
0.2452656496580747
0.19082062072593362
0.25420831141504474
0.2091004734350342
0.2664058390320884
0.22553918990005262
0.3011244082062072
0.22001578116780635
0.333968963703314
0.21699105733824298
0.351788532351394
0.22751183587585475
0.35632561809573904
0.22540768016833232
0.40587190952130464
0.2752498684902681
0.4540373487638086
0.2667017359284587
0.4403932140978433
0.25815360336664916
0.44746186217780126
0.2688058916359811
0.49273408732246193
0.21988427143608633
0.5174907943187798
0.19844818516570215
0.5110468174644923
0.1968700683850604
0.5161428195686482
0.19502893214097836
0.5387296159915833
0.1684639663335086
0.5793332456601789
0.15925828511309834
0.5837059442398738
0.1525512887953708
0.614347711730668
0.14058390320883743
0.8718437664387166
0.14479221462388212
0.9354287217254078
0.1607048921620199
0.9462782745923197
0.16938453445554977
0.9700815360336665
0.1568911099421358
0.9668266701735926
0.14518674381904256
1.0
0.11967385586533405
0.998257496054708
0.0983692793266702
0.971298001052078
0.056023145712782725
0.9486454497632827
0.005786428195686481
0.9283271962125199
0.0
0.9348040504997372
0.0
0.9468371909521306
0.0
0.9520975802209365
0.002630194634402945
0.9508153603366649
0.001841136244082061
0.9693253550762757
0.0035507627564439746
0.9587388216728038
0.04116254602840608
0.9140912677538139
0.08534981588637558
0.8826275644397686
0.12993161493950556
0.8673724355602315
0.17780115728563917
0.8282811678064177
0.21212519726459747
0.8412348763808523
0.2611783271962125
0.8223303524460811
0.308127301420305
0.7811678064176749
0.3299579168858496
0.77666359810626
0.30365597054182014
0.7622632824829039
0.266044187269858
0.733890057864282
0.24487112046291415
0.7439834297738033
0.24302998421883218
0.7405970541820095
0.2622304050499737
0.721429510783798
0.26249342451341406
0.7299118884797475
0.2681483429773804
0.7364544976328249
0.3007627564439767
0.7366188847974752
0.2797211993687531
0.6334166228300894
0.20725933719095216
0.6075092056812205
0.14413466596528135
0.6272356654392425
0.09679116254602836
0.6441675433982115
0.020647027880063132
0.6498224618621778
0.0013150973172014724
0.6569239873750657
0.0031562335612835323
0.6550828511309836
0.002630194634402945
0.6491977906365071
0.0
0.6413729615991584
0.0
0.6297014729089953
0.0
0.5868293003682273
0.0
0.5701275644397686
0.0
0.57134402945818
0.0
0.50894266175697
0.0
0.41471593897948444
0.0
0.3629011046817464
0.0
0.3940689110994214
0.0
0.41820094687006837
0.0
0.3217056812204104
0.0
0.24812598632298793
0.0
0.27301420305102575
0.0
0.14107706470278805
0.0
0.00279458179905313
0.0
0.0
0.0
0.0
0.0