0000100000
0.3509456661630574
0.6343797213362429
0.30287896592244407
0.6334844160931116
0.2572183985227463
0.643332773767556
0.2476498237367802
0.643332773767556
0.2420821442560573
0.6193274019360975
0.2307789155615242
0.595489899837726
0.20962732919254654
0.5894465894465893
0.1909518213866039
0.6069050416876505
0.18661518661518658
0.6561468300598734
0.199569134351743
0.7229589838285487
0.2324995803256673
0.7794191707235184
0.2469923339488557
0.8445526271613228
0.2557635275026579
0.9083990823121257
0.2617089138828269
0.9929494712103406
0.2633736220692742
1.0
0.26266017570365396
0.909686083599127
0.25961054221923785
0.7934083151474455
0.27572603659560174
0.7257568127133344
0.2801326170891387
0.8058306753958926
0.2761457109283195
0.8575345531867267
0.25829556264338865
0.7591628895976716
0.26828381176207255
0.6005259918303395
0.31362262884002023
0.4849197023110067
0.35193889541715623
0.39001734653908565
0.3858625706451793
0.29892003805047274
0.3943959487437748
0.24072519724693633
0.3776789211571821
0.2601980862850428
0.3520647977169716
0.39141626098147825
0.35221867830563475
0.5729953556040511
0.36191315539141616
0.6883778188126012
0.3736080801298193
0.6649320127580995
0.4014884449667058
0.5298528342006602
0.4278859604946561
0.33305355044485485
0.4279419170723518
0.13631022326674494
0.43297800906496553
0.024620894186111623
0.41989815902859384
0.00878518269822614
0.3965222986962117
0.006714789323484993
0.36763471546080245
0.0048682222595265254
0.35785630350847736
0.005595657769570781
0.362906384645515
0.006714789323485044
0.3726847965978401
0.010184097140618919
0.3412092216440042
0.001790610486262709
0.3062083822953388
0.0012310447093056283
0.2814056292317163
0.0
0.29517094734486027
0.0007274355100442557
0.3263807285546417
0.003077611773263994
0.310768843377539
0.05366235801018419
0.285490459403503
0.08953052431313305
0.27915337697946396
0.12702143136925756
0.2725505008113704
0.15533545968328583
0.25681271333445255
0.13396004700352532
0.2904566056739969
0.13921996530692182
0.32952828605002515
0.14123440210396734
0.30606849085109955
0.13177774047339252
0.3165043925913491
0.1020647977169717
0.3278495887191538
0.10133736220692745
0.31787532874489405
0.12204129595433953
0.2951010016227407
0.10939510939510941
0.28856807117676675
0.08589334676291198
0.2984723854289071
0.04644395948743779
0.31472777124951024
0.027978288847854135
0.3057047730960774
0.032790554529685004
0.2991438643612558
0.03452520843825195
0.29452744670135966
0.035308600525991864
0.302529237311846
0.038889821498517003
0.28977113759722456
0.04017682278551844
0.2979268087963739
0.043534217447260874
0.2676822785518438
0.04745117788596049
0.2584074757987802
0.04896200548374466
0.2556516143472665
0.04974539757148457
0.2764674612500699
0.050808572547703074
0.3059425885512842
0.052767052767052756
0.33102512450338534
0.05299087907783558
0.3315287337026467
0.05366235801018413
0.323415029936769
0.05248726987857416
0.3646130602652341
0.052599183033965734
0.3902271837054447
0.05494935929718547
0.3297241340719602
0.05612444742879534
0.2562951149907671
0.05259918303396568
0.2744530244530245
0.0454926976666107
0.3000111913155391
0.042862738514912374
0.33305355044485474
0.04504504504504514
0.3296122209165687
0.048850092328353294
0.30037490907056125
0.050752615970007214
0.28807845112192937
0.0517038777908343
0.29437356611269655
0.05293492250013998
0.31386044429522686
0.055229142185663854
0.3243103351799004
0.0597056684013205
0.34390912651782213
0.06065693022214759
0.37685356163617023
0.06423815119467301