0000100000
0.6411091018685954
0.6383497421472105
0.6433058736856203
0.6434934029870738
0.6387917755006361
0.6456365950036834
0.6343714419663786
0.6484763244256913
0.6223963565735716
0.6426361261804299
0.6098586832764047
0.6344384167168976
0.5908110642287856
0.6250619516442297
0.573652133145804
0.6192217533989685
0.5586899738798472
0.6205612484093496
0.5485901815015738
0.6313307882928133
0.5394816154309824
0.6433862433862432
0.5282030674435737
0.6431183443841672
0.5187194427700755
0.6389926997521931
0.5183577791172727
0.650565936641886
0.5154510749447458
0.6626749715357306
0.5268635724331927
0.6791239702632108
0.5326903757283503
0.691554483959547
0.5313642756680731
0.6992699752193424
0.5328779050298036
0.7088607594936709
0.5364409617574172
0.7190945013729825
0.554524144397562
0.7234880450070322
0.5614359386511285
0.7175406871609401
0.5561047485098117
0.7061817694729087
0.5703301855200589
0.6840533119014132
0.5761703837653205
0.6504051972406399
0.5566271515638602
0.6207219878105952
0.5550867323019221
0.6068983993034623
0.5558234545576316
0.5996651262474048
0.5513227513227513
0.5936641886008973
0.5321947625745092
0.5904494005759829
0.5187998124706983
0.5790904828879511
0.5755408211104414
0.5611412497488445
0.6027191748710734
0.5354765253499429
0.586471100395151
0.5020427298908311
0.570584689572031
0.47193088205746425
0.5385439689237155
0.44401580604112245
0.5183711740673765
0.4117607661911459
0.4982787489116603
0.37613019891500904
0.5159466880985867
0.3365883062085594
0.5146205880383096
0.28456232000535797
0.5168441497555422
0.21383698345723662
0.523434465206617
0.1389860022771415
0.5129462192753332
0.06772486772486773
0.5011050833835643
0.017949233139106572
0.5006496550800348
0.0
0.4983859085124905
0.002786149621592705
0.49041591320072314
0.016877637130801718
0.48327640479539213
0.03525550867323021
0.47225236085995576
0.057062487442234244
0.4523608599557965
0.08653137767061823
0.4547049762239635
0.12451945616502574
0.4637197776438282
0.1608465608465609
0.4604380148683945
0.19438751590650327
0.4433862433862433
0.2244993637398701
0.44471234344652055
0.26538075145670087
0.4482754001741342
0.3005826803295158
0.4607193088205747
0.3296229321545777
0.46856874958140765
0.35159065032482745
0.48745562922778096
0.3653070792311297
0.5200589377804565
0.371522336079298
0.5945884401580603
0.37270109168843346
0.6520259862032013
0.36595003683611277
0.6807447592257717
0.3491795593061416
0.6879110575313104
0.327479740137968
0.6823789431384368
0.31028062420467484
0.6776371308016876
0.2992967651195499
0.688808519188266
0.2966177750987878
0.7291808988011517
0.29334940727345793
0.739374455830152
0.2874020494273659
0.7258589511754068
0.28504453820909526
0.7286451007969996
0.287669948429442
0.7289933694996984
0.30149353693657494
0.7216127519924987
0.32297903690308755
0.7185319134686222
0.3674502712477395
0.7211841135891767
0.3764516777175004
0.7517112048757618
0.38148817895653336
0.7910119884803427
0.3826669345656688
0.7703301855200588
0.37564798071127176
0.7541490857946551
0.3834706315718975
0.7512423816221283
0.3720045542830352
0.710762842408412
0.369057665260197
0.676632509543902
0.36820038845355313
0.7332395686826065
0.36112785479874077
0.8577054450472169
0.34617909048288786
0.9227781126515301
0.3287120755475186
0.9223494742482083
0.3088875493938784
0.9343647444913269
0.2840801018016208
0.9560645636595002
0.2600227714151764
0.9867925791976425
0.24293081508271383
1.0
0.24153774027191746