0000100000
0.8918389669042409
0.5291793098581611
0.8525333427422197
0.5641098017077126
0.7101122009738197
0.5887375626279022
0.5964822524874746
0.6017923929151084
0.5789640815750475
0.6003810599110866
0.5774821819208243
0.5976289605532421
0.5699491920118551
0.5992519935078681
0.5881906710888435
0.5876790628748855
0.6191517888645829
0.5423752734457696
0.6459671159410065
0.4662338578787663
0.6912885470326723
0.38868110930774147
0.7248429892033025
0.4961541175640394
0.680191941288547
0.7293768964787246
0.6187107473008258
0.9014889563192436
0.5790699315503495
0.9833462705525364
0.5255098440477034
0.9977418671935641
0.46611036624091445
1.0
0.41034507091948336
0.8966198574553665
0.30710606167525256
0.7209088984545903
0.23962670242043638
0.7976148472232016
0.23006492131818518
0.8422129701503067
0.22048549855338384
0.8324747724225534
0.1867899230823515
0.8530802342812787
0.14120386705243118
0.8805306612095126
0.1815503493049186
0.8830710606167524
0.20503140215933968
0.8074236116011574
0.17841013337096912
0.7170982993437304
0.16920118551972363
0.6890127725636859
0.18499047350222309
0.7242255310140426
0.1586161879895564
0.7125114670806576
0.16530237809611203
0.6506245148542796
0.15889845459036073
0.6049678921741586
0.11548232305412483
0.5127372803613015
0.12310352127584523
0.34739961894008914
0.13502928515983365
0.1872838896337593
0.10198645120316162
0.08256298073530488
0.13199491920118583
0.06506245148542827
0.1857314233293348
0.10472090889845469
0.22217909815821074
0.18890692258838507
0.21129419236468863
0.18474349022651917
0.22925340484087237
0.14699033236892273
0.2930809399477809
0.12560863735798494
0.3147978265471737
0.06372168513160709
0.28750617458189265
0.0
0.2678357208383319
0.09999294333498025
0.3199139086867548
0.10648507515348281
0.36579987298002986
0.10472090889845469
0.38462352692117735
0.23103521275845038
0.3926857667066546
0.4257286006633269
0.46032390092442343
0.48465175358125767
0.4370898313457061
0.43998306400395193
0.5376120245571944
0.44767482887587323
0.6083903747089124
0.5614988356502718
0.6569931550349305
0.5556418036835793
0.7443193846588101
0.5130901136123069
0.8032601792392916
0.45374356079316924
0.8181321007691763
0.4506386281843203
0.8116928939383248
0.46228212546750375
0.8191200338719924
0.4281984334203658
0.8330745889492623
0.38395314374426665
0.8476818855408933
0.31980805871145324
0.8139510267447605
0.25615694023004776
0.7403147272598969
0.1771928586549999
0.7068484934020182
0.13746383459177236
0.6976924705384235
0.1647731282196037
0.640374708912568
0.20365535248041783
0.6304953778844119
0.24006774398419295
0.6361407099005009
0.2727401030273094
0.6290664032178394
0.3031543292639898
0.6244266459671161
0.3409074871215866
0.627161103662409
0.37238021311128366
0.6073495166184462
0.401453672994143
0.6014748429892034
0.43871286430033174
0.6092371745113261
0.4644696916237389
0.5749241408510339
0.48281702067602855
0.5347893585491497
0.5044104156375699
0.4441641380283679
0.5298144097099713
0.3865641098017079
0.5586761696422271
0.3694340554653874
0.602568626067321
0.32628254886740554
0.6169642227083476
0.3149213181850259
0.6127302236962807
0.332968738973961
0.606873191729589
0.32974031472726
0.6109660574412531
0.2869416413802838
0.6036271258203376
0.3005962881941996
0.5368710747300828
0.3619716322066195
0.3279937901347826
0.33625008820831287
0.08679697974737177
0.3264413238303578
0.13174793592548206
0.31846729235763194
0.2047844188836359
0.26436031331592724
0.22680121374638348