0000100000
0.0
0.32993105573315834
0.01151638870700611
0.30389400300427555
0.01367330431768284
0.2667642414204827
0.014482147671686615
0.3655201633093244
0.043330893964487874
0.5174286484612718
0.06832800523822355
0.5459307476023566
0.07972884489465769
0.547471401609984
0.09166891345376102
0.5594885028694677
0.09267033855871808
0.5949235450448714
0.09667603897854629
0.58074952817471
0.11620382852520882
0.5232831336902506
0.1440511497130533
0.4795285598736661
0.16165312175018276
0.5628779416862457
0.16627508377306205
0.5038708931941603
0.21542194661633868
0.47536879405307586
0.29137618919231206
0.4619651041867273
0.3267341986673342
0.4542618341485964
0.350229172283634
0.4602703847783384
0.3584331548742437
0.5326811231367706
0.36763856256981076
0.48430458729730747
0.36297808419674193
0.4756769248546002
0.33070138273697175
0.516504256056696
0.33274274929707626
0.5323729923352463
0.3418326079420713
0.44101220968300964
0.3438354581519854
0.45379963794630795
0.3458383083618995
0.5163501906559326
0.40519200400570055
0.5573315872587916
0.39386819704964743
0.6409890998728959
0.2864846127180988
0.6221931209798558
0.27955166968378076
0.5732003235373418
0.2577128991256786
0.4801448214767169
0.3234217925509378
0.5650348572969227
0.40295805569464194
0.640526903670608
0.36979547818048775
0.6389862496629823
0.3270038131186688
0.7083156800061624
0.3182606016253899
0.7023071293764204
0.380849670685206
0.6426838192812847
0.3125986981473632
0.6203443361707048
0.31806801987443634
0.6208065323729924
0.27516080576204566
0.6562415745483965
0.27804953202634486
0.7047721757886226
0.29873281207872765
0.7032315217809961
0.28887262642991973
0.6590147517621231
0.33027770288487485
0.7315795555213188
0.3573932134190963
0.7204868466664096
0.38393097870045817
0.7033855871817587
0.4742903362477372
0.6164927011516382
0.5488965065670377
0.6343642876401033
0.5882987328120787
0.6328236336324763
0.594191734391249
0.6560875091476333
0.6688364210607404
0.638986249662982
0.714709394137811
0.6425297538805221
0.7812271309170743
0.6657936293956778
0.6819704964757538
0.7041559141855721
0.647729461156261
0.6691830682124563
0.6707622385702732
0.6547009205407699
0.6605939221199392
0.699996148364981
0.6551246003928664
0.6790432538612636
0.6721873435273271
0.5718137349304774
0.6690290028116934
0.5277510303123681
0.6884797596579746
0.5627238762854834
0.6953356699919117
0.5594885028694675
0.6992258213611682
0.5779763509609831
0.7097022686130258
0.604013403689866
0.7246080961368095
0.6178792897585026
0.7192928398104996
0.6286638678118865
0.7105496283172207
0.6151061125447751
0.7102029811655048
0.5755113045487812
0.7525324500250353
0.5371490197588876
0.7471401609983438
0.46612487000731756
0.7401687016138349
0.4214459037861573
0.7469475792473905
0.4063474945114202
0.6932172707314256
0.4174402033663291
0.6833185687324265
0.395254785656511
0.685514000693294
0.3709124523360168
0.6508492855217032
0.3716827793398296
0.6514270307745637
0.37137464853830493
0.6620575434271849
0.351346146439163
0.6946038593382888
0.35935754727882
0.7207179447675536
0.3622847898933096
0.5438508646920615
0.37291530254593
0.4938181257943997
0.39633324346184967
0.5195470477217579
0.39633324346184967
0.5830990255363404
0.39294380464507167
0.6664869236991101
0.3827754881947388
0.558487077764511
0.34071563378654146
0.6408350344721339
0.3114432076416435
1.0
0.3504217540345876
0.9556676809305551
0.43669837846165704
0.5124600392866766
0.5502445788237106