0000100000
0.5004656634478701
0.3391010244595856
0.4964707612371945
0.35870790647517287
0.46367825106612437
0.35753149355423763
0.47963335130630863
0.3656683495907066
0.539164746826136
0.34204205676192334
0.5836968776040389
0.2916523699818638
0.6245037007989805
0.2652811136708981
0.616489387775109
0.25332091564139037
0.5961717562864567
0.23743934120876434
0.5620802901818538
0.2619479437282488
0.5168864271359248
0.32694475760992103
0.5190186755551199
0.3639037302093037
0.5189941669526003
0.3648840743100826
0.531469045635018
0.35753149355423763
0.6608499583353757
0.3732169991667076
0.7935150237733444
0.4174305181118571
0.8367481986177149
0.47027106514386563
0.885275231606294
0.5132101367580016
0.922675359051027
0.5924219401009749
0.9649036811920981
0.6950639674525754
0.9896573697367776
0.7533944414489485
1.0
0.7762364589971081
0.850840645066418
0.766727121219548
0.5612715062987108
0.7045733052301356
0.42149894613009165
0.6023234155188473
0.3496397235429637
0.495367874123817
0.30250968089799535
0.37292289593647376
0.26800156855056145
0.2396941326405569
0.28116268810352435
0.1943042007744716
0.2620214695358073
0.25214450272045474
0.2930493603254744
0.314788490760257
0.29983824322337155
0.33380716631537666
0.3165531101416599
0.31282780255869824
0.31368560364688003
0.24479192196460964
0.24354198323611592
0.1572471937650115
0.19621587177099173
0.08715259055928638
0.2315327680015686
0.032449389735797404
0.2364589971079848
0.0
0.25192392529777974
0.0
0.30373511102396955
0.03323366501642099
0.31221508749571114
0.07489828929954441
0.2811871967060438
0.09460320572520961
0.28219204940934267
0.11205333071908226
0.2889564237047205
0.1161707759423558
0.3051811185726193
0.10087740797019741
0.342630263222391
0.07176118817705032
0.3455958041272488
0.058820646046762605
0.3102789078966719
0.07323170432821956
0.29390716141365636
0.09744620361746979
0.26324689966178133
0.10822998872604253
0.28081956766825156
0.11273957158962818
0.300720552914073
0.13754227733934593
0.3214548306455565
0.1886182049899514
0.3115778638302045
0.25008578010881843
0.2568501544041959
0.2893975785500714
0.19969609332875868
0.31439635311994507
0.19263761580314703
0.3282192049409344
0.2492034704181168
0.31920003921376416
0.2998872604284105
0.30067153570903365
0.33723837066810464
0.29331895495318855
0.34571834713984617
0.2901818538306944
0.32655261996960944
0.30596539385324284
0.3555708053526789
0.33165040929366235
0.4877947159452969
0.346257536395275
0.5719327483946867
0.33253271898436365
0.49629920101955777
0.28420175481594023
0.44039507867261407
0.21214646340865653
0.43532179795108067
0.1483260624479192
0.44902210675947274
0.10646536934464002
0.44546835939414753
0.0933287583941966
0.4473310131856283
0.1172491544532133
0.43338561835204176
0.2141071516102151
0.3574089505416404
0.32694475760992137
0.2396696240380376
0.49556394294397343
0.1550414195382581
0.6237929513259148
0.10928385863438089
0.6033037596196268
0.07484927209450526
0.5563452771922947
0.06636929562276368
0.53183667467281
0.06933483652762147
0.5236998186363417
0.07551100436253125
0.5304641929317189
0.08276555070829887
0.5466398705945789
0.10418606931032816
0.6081074457134452
0.1394049311308271
0.7249644625263462
0.1756531542571444
0.7844713494436546
0.2009460320572522
0.8195676682515565
0.2174893387579041
0.8348610362237145
0.23334640458801065
0.7765305622273418
0.24109112298416732
0.6643791970981814
0.24189990686731083
0.5216410960247048
0.23677760894073863
0.37517768736826596