0000100000
0.16373241852487155
0.09852487135506022
0.1562950257289882
0.08804116638078902
0.15039451114922836
0.0794236706689538
0.14345111492281315
0.06751286449399659
0.13615094339622666
0.052418524871355295
0.13059348198970855
0.040452830188679394
0.12566723842195554
0.027169811320754883
0.12374614065180119
0.023437392795883333
0.12059005145797624
0.018607204116638156
0.11812006861063491
0.010977701543739567
0.11360548885077203
0.0
0.10566037735849064
0.0015368782161237968
0.09870325900514589
0.01586277873070344
0.09023670668953707
0.027608919382504257
0.08128987993138967
0.036610634648370555
0.07175300171526608
0.042593481989708554
0.06513893653516308
0.08480274442538624
0.10166723842195548
0.23585591766723843
0.18376672384219572
0.3103945111492283
0.21648027444253884
0.29277530017152675
0.2279382504288165
0.22850085763293332
0.24204459691252145
0.18008919382504288
0.26677186963979443
0.21274785591766718
0.23189022298456272
0.17981475128644947
0.14292967409948554
0.27301543739279605
0.10690909090909108
0.5798421955403089
0.09956775300171544
0.6799588336192108
0.0867787307032592
0.5193001715265867
0.06513893653516317
0.2725763293310465
0.07739279588336213
0.18804802744425414
0.09269296740994863
0.18931046312178385
0.08194854202401393
0.1826140651801029
0.05767409948542057
0.19205488850771887
0.047039451114922956
0.18821269296741003
0.06815780445969137
0.19864150943396214
0.0799451114922815
0.21313207547169835
0.07844939965694703
0.23355060034305308
0.06190051457975999
0.263409948542024
0.04219554030874811
0.297440823327616
0.03381132075471714
0.31714579759862793
0.007121783876501048
0.3515608919382505
0.01001715265866228
0.38372555746140674
0.009632933104631406
0.4338387650085765
0.005283018867924721
0.5663945111492283
0.016425385934820076
0.584507718696398
0.020445969125214583
0.5755060034305314
0.004500857632933299
0.6573447684391079
0.01822298456260728
0.844734133790737
0.02847341337907392
0.878874785591767
0.04356775300171541
0.9123567753001712
0.08034305317324206
0.9385385934819894
0.13694682675814765
0.8873825042881649
0.1772624356775302
0.9539073756432244
0.24955060034305337
0.995183533447684
0.32236020583190406
0.9966655231560888
0.3822572898799315
0.92629845626072
0.45531389365351627
0.7647615780445969
0.581735849056604
0.5336260720411664
0.7046998284734134
0.5394991423670665
0.780089193825043
0.5437255574614062
0.9166792452830189
0.4971801029159519
1.0
0.4535437392795881
0.9495711835334477
0.3735162950257289
0.8586346483704975
0.2516638078902232
0.860885077186964
0.2259210977701546
0.7978730703259005
0.20874099485420225
0.8209262435677531
0.18634648370497445
0.8664699828473414
0.15961578044596944
0.8691046312178387
0.13370840480274446
0.812349914236707
0.1197118353344771
0.6514854202401373
0.10061063464837068
0.41848370497427123
0.049344768439108205
0.335615780445969
0.025084048027444423
0.3059759862778731
0.04594168096054903
0.2406861063464837
0.07689879931389376
0.17993825042881656
0.12327958833619226
0.1461406518010294
0.1509982847341339
0.14445283018867938
0.17262435677530016
0.1531252144082334
0.20907032590051464
0.15958833619211
0.22619554030874797
0.16274442538593503
0.2169742710120071
0.1625934819897086
0.20687478559176667
0.16584562607204126
0.2185111492281303
0.16156432246998295
0.24908404802744447
0.15254888507718717
0.2516638078902232
0.1629777015437394
0.24716295025729018
0.16378730703259015
0.24474785591766704
0.15430531732418556
0.24112521440823317
0.14682675814751298
0.26884391080617515
0.13652144082332776
0.2761440823327617