0000100000
0.5683427157966557
0.8996929375639712
0.5525417946093484
0.8351245308768338
0.5896878198567038
0.6322074377345611
0.6594592289321046
0.5956158307744793
0.6708034800409415
0.636386898669396
0.635469976117366
0.6276015011941309
0.5688758103036503
0.5913510747185263
0.475733538041624
0.4068577277379728
0.38263391334015656
0.3370863186625719
0.3291325486182189
0.26978846809962465
0.34463493688161034
0.27328556806550675
0.3834868645513476
0.2905151825315591
0.3132676560900715
0.3265950187649268
0.28546144660525424
0.32258614807233027
0.310495564653702
0.30748891163425474
0.3001108836574547
0.33316274309109534
0.35205561241896943
0.33964517229614494
0.3787316615489593
0.356277720914364
0.3685815421357899
0.35602183555100647
0.3448268509041283
0.3471511429546225
0.3114551347662912
0.3031388604571819
0.2531132719208461
0.17238143978164455
0.21464517229614452
0.13050153531218012
0.2009766291368134
0.13851927669737302
0.18255288297509387
0.17050494711702466
0.1534459228932103
0.2975093824633233
0.2327703855339476
0.38169566700784724
0.319089048106448
0.3387922210849541
0.38024564994882304
0.298106448311156
0.36911463664278416
0.3213920163766634
0.31480296827021514
0.3862163084271579
0.3285141589901056
0.46690549300580003
0.3432275673831457
0.6107130672125547
0.34032753326509724
0.6372398498805864
0.3306252132378028
0.5998805868304332
0.2879136813374274
0.5150119413169566
0.28503497099965874
0.4042135789832821
0.2950358239508701
0.3386216308427156
0.2832437734561582
0.3161890139883999
0.28652763561924266
0.20189355168884374
0.3049940293415217
0.03488570453770071
0.2920931422722621
0.0
0.2397219379051518
0.25477652678266766
0.25648242920504927
0.40975776185602186
0.2602567383145685
0.35056294779938585
0.23776015011941315
0.22543500511770725
0.21948567041965183
0.28565336062777186
0.24697202320027292
0.30817127260320665
0.22070112589559862
0.2809621289662232
0.19242579324462644
0.29094165813715417
0.1976074718526099
0.34228932105083604
0.2236864551347663
0.48967929034459173
0.27682531559194806
0.7548618219037868
0.29842630501535317
0.8684749232343909
0.2774650290003411
0.8988399863527805
0.2763775162060729
0.8374274991470481
0.3346980552712383
0.7823268509041273
0.3482173319686112
0.8528659160696007
0.3415216649607644
0.994370522006141
0.318555953599454
1.0
0.31194558171272607
0.8239508700102354
0.2825400887069259
0.5278915046059363
0.2426219720232004
0.44114636642784
0.22633060388945767
0.47517911975435
0.19741555783009215
0.5725861480723293
0.21812094848174685
0.6215455475946772
0.32286335721596726
0.5234561583077447
0.3720573183213921
0.42383145684066814
0.30588962811327197
0.3823780279767995
0.22827106789491672
0.36907198908222477
0.19822586148072333
0.30714773114977767
0.15899010576595013
0.18082565677243237
0.15881951552371182
0.1528488570453771
0.23744029341521677
0.23669396110542443
0.3522475264414874
0.3341862845445236
0.3955348004094165
0.5531388604571817
0.37843312862504275
0.654981235073353
0.40205987717502567
0.49488229273285517
0.3748294097577618
0.280706243602866
0.3905023882633911
0.1216308427157968
0.5296827021494368
0.20308768338451044
0.6843227567383141
0.5419651995905834
0.7655663596042304
0.6020129648584097
0.6936838962811323
0.44020812009553056
0.5871289662231317
0.38894575230296835
0.5160994541112249
0.3982429205049472
0.5706883316274309
0.46170249061753665
0.7401270897304671
0.59373933810986
0.7170334356874785
0.8156772432616851
0.7019148754691227
0.8585806891845782