0000100000
0.492472836758738
0.7586726011258018
0.4831456996989135
0.7893703364314701
0.476174892001571
0.8009556224636735
0.4755039926691975
0.7743160099489457
0.4681404634114413
0.7561853645765152
0.4591242309202775
0.7715015054326482
0.44352991229218497
0.8036392197931663
0.4034886765283413
0.8458567875376354
0.3594056813719073
0.8960596936771829
0.33927870140070693
0.9564733603874849
0.34459680586464203
1.0
0.3513057991883754
0.9910983112972902
0.3589802330147925
0.9532006807173714
0.3574584369681896
0.9101976698520748
0.34063686346380423
0.8902343238643802
0.32060806388270724
0.8786490378321768
0.33088427804686477
0.8440895405157745
0.36670375703626124
0.8166644848802197
0.39982327529781375
0.8003665401230526
0.41509032595889506
0.7828249770912423
0.41173582929702834
0.7430291923026574
0.4128321769865166
0.7083387877994501
0.4258410786752193
0.6985862023825105
0.4496989134703495
0.7141641576122526
0.46450778897761497
0.7565780861369288
0.4642787014007069
0.7616180128289043
0.45809333682419173
0.7274512370729149
0.4645568791726664
0.7843958633328969
0.505056290090326
0.8407514072522583
0.5568300824715277
0.8169917528472312
0.5718516821573504
0.7680324649823271
0.5655190469956801
0.7578871580049745
0.5823406205000653
0.7773923288388535
0.6004876292708469
0.7298730200287994
0.6337544181175544
0.625343631365362
0.6441615394685168
0.6336562377274509
0.6401034166775756
0.6675611991098308
0.5942859012959811
0.6188637256185365
0.564684513679801
0.5539337609634769
0.502241785574028
0.4952873412750358
0.4515152506872627
0.44829166121220065
0.44148448749836366
0.3959942400837806
0.41590849587642365
0.3571802591962298
0.3776508705327922
0.34245320068071744
0.34993127372692767
0.34657677706506085
0.37131823537112185
0.40103416677575593
0.4027032334075141
0.4911637648906926
0.41463215080507926
0.504974473098573
0.41134310773661475
0.4502552690142689
0.40129598114936504
0.4046995680062836
0.37339638696164423
0.3666055766461579
0.3444331718811363
0.2692106296635686
0.3110845660426757
0.14478334860583855
0.2706669721167692
0.08463149626914523
0.27537963084173317
0.07036261290744866
0.32121350962167816
0.08018065191779022
0.33949142557926437
0.10754025395994243
0.3513712527817778
0.11316926299253832
0.34806584631496273
0.1575467993192826
0.35379303573766197
0.2256185364576515
0.34842584107867525
0.2535017672470217
0.35448029846838597
0.21756774446917138
0.364969236811101
0.11074748003665401
0.38262534363136547
0.08024610551119248
0.4058777326875246
0.0970676790155779
0.39529061395470616
0.10911114020159704
0.371923681110093
0.11506741720120434
0.39571606231182094
0.15329231574813454
0.4079395208796962
0.16101583976960349
0.36168019374263644
0.13103809399136004
0.35672208404241396
0.09621678230134839
0.44784984945673517
0.06761356198455303
0.4562769996072784
0.061657284984945666
0.43223916743029184
0.10204215211415102
0.4226174892001571
0.1444560806388271
0.4153357769341537
0.15663044901165074
0.42225749443644456
0.10426757428982861
0.40955949731640257
0.05210106034821306
0.3729218484094776
0.030239560151852363
0.33436968189553595
0.03488676528341405
0.26291072129859927
0.025395994240083812
0.20740607409346776
0.0
0.21619321900772348
0.013876161801282816
0.24306191909935854
0.02663961251472709
0.2544999345464066
0.04797748396386965
0.3026410524937818
0.07782432255530833
0.30656826809791865
0.09143866998298208
0.2614871056420997
0.10538028537766723
0.2090915041235764
0.1316271763319806
0.20830606100274907
0.12861631103547583