0000100000
0.06613020436377796
0.014959499459401572
0.061911767312430144
0.0740176181782732
0.06382601605841984
0.10889948421630986
0.08915436289193335
0.16008791364611197
0.08917208741735919
0.15668480476435226
0.08261401300980158
0.11719456211559924
0.06893067938105937
0.11024654814867295
0.059518956379942735
0.10556727343625363
0.0829685035183182
0.08103653024690255
0.11492582286109278
0.12853825838813152
0.1275634094897108
0.12960172991368143
0.11129229514879728
0.1140750456406526
0.10822595225012827
0.12903454510005483
0.11084918201315148
0.12995622042219793
0.11356103440330373
0.1247806589978552
0.1155107322001451
0.079264077704319
0.13548627235505756
0.02580690902001096
0.1457842216274659
0.0
0.1795494425636753
0.045587479395239015
0.21519346319502272
0.04891969017529538
0.23573618816356168
0.02481433559616439
0.2536202343182261
0.022616494443361255
0.26904057143869947
0.10046261011361397
0.27754834364309866
0.1405909356776971
0.2925078431025008
0.199578156294865
0.28789946649178466
0.19546606639607203
0.32333079281802196
0.16157677378188157
0.36508977472128173
0.13470639323632097
0.36383133341604756
0.14527021039011664
0.340594480582782
0.12059767099735905
0.3359152058703626
0.12180293872631535
0.30831811978234236
0.0925220227228415
0.30328435456140646
0.06948013966926016
0.37056665307786346
0.10755242028394653
0.4086389336925505
0.130594303337528
0.3972952374200178
0.0904659777734449
0.40741594143816784
0.16334922632446514
0.40968468069267416
0.2117726297878372
0.4455945692054093
0.23644516918059533
0.4600400574274623
0.2743047554901712
0.44449564862900787
0.23197858877328523
0.4142221592016871
0.2329711621971318
0.371825094383098
0.2017050993459648
0.3170917598681296
0.2280791931796025
0.26455626650596376
0.3584608022120208
0.2381289990960491
0.38689094099505483
0.2506247895212603
0.41638455130363883
0.28100462610113613
0.42942980201705105
0.32832910898810663
0.4217019089313882
0.3575923004661549
0.3016714227476556
0.33671280951452504
0.17136071181694104
0.3414629823286479
0.21708998741558647
0.401407327318811
0.24878143887697382
0.41695173611726544
0.3047200411208988
0.3892305783512645
0.30386926390045876
0.3557489498218684
0.3307396444460199
0.3932540456229283
0.2803310941349544
0.41519700810010796
0.179159503004307
0.4377603289671917
0.14612098761055645
0.3991563125897301
0.18107375175029683
0.3841968131303279
0.1278292773710984
0.3748028146546371
0.16178946808699168
0.38386004714723737
0.14519931228841346
0.43293925805136546
0.1004626101136141
0.4652865169535082
0.08954430245130139
0.4562470089863342
0.10273134936812031
0.4426168489338696
0.0985483613676244
0.45059288537549413
0.1004626101136141
0.451851326680728
0.1023768588596038
0.4859887626508799
0.05969620163420106
0.5328701324022048
0.05466243641326472
0.5587833885747708
0.07373402577145977
0.5940197451213243
0.10606356014817679
0.6260479625658022
0.09379818855350139
0.6076853542246405
0.1023768588596038
0.5569577624559099
0.1162019886917524
0.5323738456902812
0.10663074496180354
0.52391924706216
0.15094205852638293
0.5524380084723229
0.1717861004271609
0.5987344688845955
0.24722168063950087
0.6625782094684413
0.2760063099310516
0.6977968414895689
0.20631347595668104
0.6804799801485313
0.15760648008649553
0.6563746255694005
0.09471986387564411
0.6960243889469857
0.06600613268579701
0.7357627749517004
0.09762668604548065
0.684698417199879
0.15781917439160564
0.7520338892926139
0.1553377408319892
0.8579379287119584
0.2304897286375155
1.0
0.28281252769457094