0000100000
0.5493675787299944
0.7359318533815172
0.5296076406814659
0.6973154362416103
0.5087635518843571
0.6876613319566333
0.4905007743933917
0.6999483737738769
0.4754259163655135
0.7198760970573049
0.46804336602994306
0.7457408363448628
0.45926690758905514
0.7781104801239027
0.4756324212700048
0.7916881775942176
0.4950438822922041
0.7828600929272069
0.5022973670624675
0.7636035105833764
0.4994708311822404
0.742746515229736
0.4825503355704696
0.702736189984512
0.4670108415074857
0.6755291688177592
0.47499999999999964
0.7427465152297366
0.5038203407330922
0.7919463087248322
0.5271166752710374
0.7633453794527618
0.5344605059370158
0.7420237480640164
0.544824470831182
0.7249354672173459
0.5583505420753742
0.6528652555498191
0.5601187403200825
0.5874032008260193
0.5799173980382029
0.5475477542591634
0.601948890036138
0.502736189984512
0.6200696954052657
0.4526071244192045
0.6382679401135775
0.42219927723283407
0.6382679401135773
0.38518327310273576
0.6159266907589054
0.35054207537428994
0.5919334021683011
0.30356220960247804
0.5935209086215795
0.29540526587506444
0.5984770263293752
0.2854930304594734
0.5999870934434689
0.2843056272586473
0.5759550851832728
0.2623644811564274
0.5397909137842021
0.26355188435725313
0.50665978316985
0.27274135260712434
0.5025296850800205
0.24796076406814657
0.5063500258131128
0.3284976768198243
0.5110738255033557
0.47186370676303546
0.5069437274135259
0.637222509034589
0.5256066081569435
0.7718120805369125
0.5017552916881775
0.8062467733608668
0.508298915849251
0.849303045947341
0.5338280846670106
0.8353639648941658
0.5353768714506967
0.7946308724832206
0.5495869901910168
0.7996386164171393
0.5556401652039231
0.779556014455343
0.5832085699535363
0.7830665978316983
0.6139648941662362
0.8112545172947855
0.6626226122870418
0.7583892617449662
0.6402555498193082
0.7095508518327307
0.6107769747031488
0.7784718637067625
0.5711538461538459
0.8247289623128546
0.5485544656685594
0.7869901910170364
0.5144037170882805
0.7188951987609702
0.47719411461022165
0.7932885906040266
0.45694372741352596
0.9203407330924108
0.44263035622096014
0.9542075374290137
0.42086990191017004
0.9517811048012386
0.4145198760970571
0.9654104284976759
0.42718120805369103
1.0
0.4374032008260195
0.9318017552916881
0.4329762519359832
0.7401652039235929
0.4255033557046979
0.5983995869901907
0.4142359318533812
0.5803820340733089
0.40529168817759403
0.5877645844088794
0.4308337635518841
0.513061435209086
0.43904233350542066
0.4585957666494576
0.4377129581827566
0.4104801239029425
0.4450955085183272
0.4067114093959729
0.4652555498193079
0.43438306659783144
0.46041559112028896
0.47661331956633957
0.4944372741352605
0.4860609189468248
0.5286267423851316
0.4815178110480122
0.5198373773877127
0.5750645327826532
0.5160815694372738
0.5298399586990189
0.5311435209086212
0.540939597315436
0.510363964894166
0.5767165720185853
0.4918172431595247
0.4422302529685079
0.4310918946824984
0.24336602994321102
0.40809241094475984
0.14021683014971603
0.3750903458957149
0.20051626226122865
0.32560660815694364
0.21270005162622613
0.2969927723283427
0.18477026329375318
0.27848477026329366
0.1770263293753226
0.2563371192565823
0.16200309757356732
0.2274909654104285
0.14796076406814654
0.19482447083118218
0.13014971605575626
0.16653329891584914
0.11161590087764577
0.16542333505420748
0.08869385647909138
0.17408363448631903
0.05606608156943724
0.1833247289623128
0.022663913267940174
0.18498967475477537
0.0