0000100000
0.8157735085945396
0.8100101112234582
0.5684192787327265
0.6495786990225817
0.30380856083586116
0.48847320525783655
0.31617795753286126
0.49777553083923165
0.31644759015840895
0.4940006740815633
0.3183350185372433
0.4813279406808225
0.3258847320525781
0.47243006403774873
0.3417256488035052
0.4805190428041792
0.41600943714189437
0.48887765419615786
0.4388945062352544
0.502763734411863
0.4534883720930232
0.5074823053589488
0.4665318503538925
0.5103134479271986
0.46157735085945417
0.5155712841253793
0.47027300303336667
0.5228513650151669
0.5235928547354228
0.5344455679137171
0.5924502864846647
0.5639703404111895
0.5379844961240309
0.5978092349174251
0.4788001348163127
0.6320525783619816
0.5560835861139198
0.6613077182339065
0.5992922143579371
0.6828783282777209
0.6434108527131783
0.6962251432423325
0.6383215369059656
0.6956858779912372
0.5481631277384564
0.7004044489383218
0.551836872261544
0.6243680485338728
0.6091675092686213
0.48146275699359614
0.5895517357600271
0.6402763734411866
0.5418941691944724
0.6197842938995621
0.5569261880687562
0.560330299966295
0.4214357937310409
0.5262217728345125
0.30785305021907655
0.48955173576002736
0.32173913043478264
0.45005055611729033
0.2926525109538252
0.40394337714863493
0.2327940680822378
0.3535220761712157
0.2320862824401751
0.3072800808897877
0.3676440849342768
0.2667003707448594
0.47455342096393655
0.24647792382878236
0.47583417593528804
0.23758004718570955
0.3386585776879
0.2505224132119987
0.28547354229861815
0.2805864509605663
0.2453319851702054
0.3261543646781253
0.30006740815638694
0.37981125716211656
0.3049882035726323
0.4388608021570614
0.2863161442534545
0.5000674081563863
0.39602291877317125
0.559386585776879
0.44492753623188397
0.6036063363667001
0.5100101112234582
0.6495786990225817
0.665790360633637
0.6979777553083926
0.739973036737445
0.7597236265588138
0.7827435119649476
0.7843950117964272
0.7923491742500844
0.8348163127738453
0.7969329288843949
0.8915739804516343
0.7762386248736094
0.9610043815301652
0.8536568924839907
0.9259521402089659
0.8824401752612067
0.8361644759015827
0.8654870239298951
0.7550050556117289
0.8213683855746546
0.6904280417930572
0.7725648803505226
0.6600943714189422
0.712841253791709
0.6497135153353558
0.5844624199528141
0.6250421300977419
0.5008426019548362
0.5676103808560834
0.4787664307381195
0.5840579710144929
0.2796090326929554
0.5258173238961908
0.09595551061678431
0.5250084260195482
0.059184361307717946
0.5477923828783281
0.048904617458712225
0.5446916076845294
0.0
0.5653185035389283
0.08115942028985476
0.5852713178294574
0.17340748230535857
0.6021233569261883
0.19484327603639978
0.6130434782608689
0.3132119986518369
0.6178968655207278
0.2974384900572967
0.5859453993933269
0.12922143579373094
0.2890798786653178
0.035726322885069065
0.20077519379844896
0.12878328277721596
0.33896191439164164
0.39147286821705396
0.4427704752275027
0.3557802494101786
0.4245702730030338
0.39433771486349817
0.36659925851027925
0.4939669700033703
0.30930232558139514
0.5176946410515672
0.25631951466127334
0.5393326592517693
0.20832490731378456
0.6401752612066057
0.17435119649477526
0.6205257836198178
0.1515672396359956
0.5746545331985169
0.14617458712504153
0.7754971351533533
0.1455005055611728
0.9373441186383553
0.16006066734074811
0.8912706437478931
0.17435119649477526
0.9029659588810242
0.1905291540276367
1.0
0.1832490731378493
0.885170205594877
0.5344455679137171
0.7852376137512641
0.8229524772497464