0000100000
0.9542576764798981
0.8999005110116223
0.9562700673811786
0.8956496178718402
0.9618776285442953
0.886424275313164
0.9640030751141863
0.8893185004296107
0.9701759146203588
0.9027947361280693
0.9746076968299188
0.9070456292678513
0.9772305883416992
0.9032469588025135
0.9793334237778683
0.9047845158956271
0.9826120381675938
0.9138289693845247
0.9893727671505449
0.9216071993849766
0.9908651019762128
0.9205218649663092
0.9900737122959345
0.9201600868267529
0.996517885406774
0.9190747524080858
0.9691131913354133
0.837403337403337
0.8737168181612628
0.7332112332112332
0.802469135802469
0.6994754216976437
0.7525889748111967
0.6755980644869533
0.6951114728892506
0.6669153891376111
0.6452765341654232
0.6413195857640303
0.6274137385248494
0.6265771265771265
0.6041468819246594
0.6161760050648939
0.5666576222131773
0.599172432505766
0.5293718627051961
0.5928413150635368
0.4753086419753086
0.5847917514584181
0.4357165468276579
0.5910324243657576
0.4294758739203182
0.5944693166915387
0.424840591507258
0.594107538551983
0.377379821824266
0.5777370777370773
0.3166689277800387
0.5692352914575135
0.33600144711255814
0.5694161805272911
0.309478587256365
0.5860579749468636
0.29677113010446327
0.5648939537828424
0.2700899923122142
0.5560303893637221
0.2232623343734454
0.5731244064577394
0.1746257857368968
0.5858770858770856
0.1648125537014424
0.5989915434359878
0.19070230181341302
0.6055035499479942
0.1745127300682854
0.615723782390449
0.13446841224618986
0.6368878035544702
0.09865237643015409
0.67234206123095
0.05587211142766692
0.7066205399538731
0.03882331660109434
0.7364672364672358
0.041197485641930036
0.7760819427486093
0.006172839506172668
0.7904626237959573
0.0
0.8219373219373212
0.1042599375932708
0.8931171708949485
0.3313435535657757
0.9541672319450087
0.42029575362908683
0.9585990141545697
0.3032605254827477
0.9566092343870118
0.2419391308280196
0.9623976846199059
0.2037715371048702
0.9611314611314602
0.17078189300411503
0.9631212408990191
0.1188893411115632
0.9595939040383485
0.09645909645909652
0.9616741283407944
0.09356487134264918
0.9652014652014642
0.10260932483154693
0.9631212408990187
0.07323746212635093
0.9623072400850179
0.05049066160177265
0.9500972278750057
0.03898159453714988
0.9197078641523077
0.03744403744403724
0.8913082801971686
0.04605887939221251
0.8772893772893774
0.06034911590467139
0.8697824808935918
0.08153574820241477
0.8671595893818115
0.10294849183738061
0.8389408944964496
0.13853841631619393
0.8162393162393161
0.17290733957400636
0.8114457558901998
0.20372631483742587
0.8294442183331068
0.22448333559444644
0.8472617917062357
0.2586713697824809
0.8655315877538098
0.2968615746393524
0.8781938226382668
0.31006647673314336
0.8976393976393968
0.3288789399900509
0.9237778682223128
0.38373355040021695
0.9491927825261153
0.47551214217880877
0.9643874643874638
0.5460362682584905
0.9703568036901368
0.5884773662551438
0.9653823542712432
0.6284538506760726
0.9622167955501286
0.6724551168995613
0.9607696829919049
0.7677158232713788
0.9623072400850169
0.88013838013838
0.9583276805499028
0.9535115090670644
0.9524487857821189
0.9976484420928862
0.9565187898521229
1.0
0.9552525663636772
0.9963369963369957
0.9515443404332293
0.9937819382263824
0.9401483290372177
0.989870212092434
0.9329127662460996
0.9882874327318769
0.9341789897345454
0.9849183738072624
0.9384298828743274
0.9794690905802017
0.9373445484556593
0.9749016415683079
0.9311038755483197