0000100000
0.7686977119242014
0.8509726842052218
0.709996472129826
0.8660921278096964
0.6458522326378393
0.8791956456002423
0.7179845781675236
0.9124584215300882
0.7002822296139505
0.9317609111984683
0.6989844773712333
0.9469307529482915
0.654268722910997
0.9660820481806274
0.588662937203911
0.9750529180526153
0.6769730873903843
1.0
0.668065215200081
0.9875516580989824
0.6578721903033969
0.926569902227598
0.617730067533515
0.8625138594899708
0.5600241911097674
0.7317306723112594
0.5346991230722712
0.6338070758996073
0.5081393004737428
0.601249874004637
0.47589708698719896
0.5887007358129225
0.4533439169438566
0.5905150690454591
0.43571716560830576
0.5310956556798713
0.4008668480999903
0.4205725229311561
0.4582703356516483
0.33630682390888056
0.45454087289587775
0.280264086281625
0.4345202096562848
0.19499042435238387
0.41151345630480796
0.07635319020260067
0.36377381312367707
0.028928535429896433
0.27299415381513975
0.04369519201693393
0.2476186876322953
0.12443302086483236
0.2383202298155428
0.17498236064912817
0.2598402378792462
0.2006350166313882
0.30723969357927644
0.2022981554278801
0.32046920673319235
0.22265900614857392
0.32670597722003836
0.15280717669589786
0.34762120753956277
0.11132950307428696
0.360712125793771
0.1559318617074894
0.3717367200887009
0.16253401874811013
0.3873601451466588
0.13300070557403487
0.3872845479286364
0.14650740852736646
0.3681206531599639
0.15890535228303604
0.3575748412458423
0.09898195746396543
0.36441638947686744
0.0846688841850621
0.3694058058663443
0.10296341094647718
0.3815013607499246
0.09384134663844373
0.3763859489970771
0.13985485334139702
0.3800650136074992
0.1423747606088095
0.36639451668178613
0.1783590363874611
0.34861657091019055
0.23747606088095968
0.35310200584618506
0.2934684003628667
0.3503805059973795
0.4321136982159056
0.3445217216006453
0.4123072270940431
0.3687002318314686
0.31871787118234063
0.3660543292006856
0.12458421530087693
0.3411198467896382
0.0
0.32776433827235163
0.2727547626247356
0.3188312670093742
0.5651144037899407
0.30848704767664575
0.7322346537647417
0.31236770486846105
0.9138695695998388
0.3228883177099084
0.9638645297853039
0.3289738937607096
0.9517689749017241
0.30674831166213096
0.9443100493901821
0.28735762523939123
0.9382622719483931
0.301141517992138
0.9316601149077718
0.291906057857071
0.8909384134663845
0.2606844068138293
0.8563652857574846
0.23528374155831086
0.8669488962806173
0.20466686825924818
0.8278903336357227
0.1713914927930653
0.7758290494909788
0.15463410946477196
0.7470517084971275
0.17644390686422745
0.7476060880959583
0.19666616268521342
0.7174175990323554
0.23277643382723526
0.751688337869167
0.2912508819675437
0.8150892047172669
0.30395121459530283
0.7491180324564058
0.33536185868360063
0.630430400161274
0.38539461747807696
0.5131539159358933
0.4037647414575145
0.4272754762624733
0.45129019252091535
0.39159358935591204
0.49687531498840853
0.37783489567583933
0.4844395726237277
0.3882673117629271
0.4584215300876929
0.3720391089607906
0.46834996472129853
0.4524745489365993
0.47796341094647726
0.46703961294224383
0.48498135268622145
0.46537647414575156
0.5417926620300375
0.38751133958270334
0.6099309545408733
0.316802741659107
0.6343866545711121
0.3912408023384743
0.6109263179115009
0.38347948795484305
0.5535732285051911
0.3816147565769583
0.505972180223768
0.3878641266001413
0.5590162282028024
0.2892349561536137
0.5925435943957265
0.25793770789234954
0.5716409636125391
0.24795887511339582