0000100000
0.1966577141151895
0.7709638913757088
0.1706580125335721
0.7567890182035211
0.13742166517457483
0.7008355714712022
0.10493136377200876
0.6113100566994919
0.07729036108624308
0.4785138764547892
0.06180990749030132
0.3148313936138467
0.05181289167412733
0.16830796777081392
0.045061175768427275
0.04715010444643356
0.058154282303790376
0.04864219635929594
0.09288272157564921
0.10235750522232237
0.18464637421665203
0.180543121456282
0.2478737690241721
0.24783646672635054
0.29535959415099955
0.3037899134586692
0.3119964189794093
0.33885407341092244
0.34754550880334206
0.39092808116979955
0.4357281408534768
0.46225007460459555
0.4676962100865418
0.5376007162041178
0.4893688451208596
0.6474186809907482
0.5115637123246793
0.7317218740674416
0.4914577737988662
0.8154282303789914
0.5084676216054907
0.8882423157266489
0.5560653536257831
0.9370337212772307
0.5964637421665174
0.9813488510892274
0.6238063264697105
1.0
0.5904207699194268
0.954341987466428
0.6113473589973145
0.8945091017606683
0.6652118770516263
0.8476574156968066
0.6269397194867209
0.8184124142047152
0.5766189197254549
0.799761265293941
0.6005296926290654
0.7402267979707551
0.6628618322888686
0.6784541927782753
0.7504476275738583
0.6856162339600113
0.7701432408236351
0.6415995225305876
0.6730826618919722
0.6181736794986571
0.6492091912861835
0.48448224410623736
0.6343628767532079
0.4737391823336322
0.6435392420173085
0.4920919128618319
0.6420471501044464
0.45986272754401664
0.5602432109817969
0.392867800656521
0.47467173977917004
0.3169203222918533
0.41159355416293614
0.05565502834974627
0.4504252461951661
0.0
0.4124142047150107
0.006565204416592325
0.409392718591465
0.08519844822441051
0.3650775887794689
0.03506415995225301
0.29528498955535676
0.10414801551775549
0.25581915846016107
0.1787526111608478
0.2434720978812297
0.06923306475678892
0.29383019994031645
0.04148015517755861
0.2805505819158462
0.08102059086839765
0.2562294837361981
0.3837660399880633
0.25197702178454184
0.2976723366159357
0.30487168009549404
0.17964786630856464
0.34616532378394516
0.12399283795881864
0.31192181438376587
0.09430020889286768
0.32419427036705445
0.213369143539242
0.34209937332139695
0.15144732915547632
0.34900029841838237
0.14055505819158495
0.33482542524619524
0.15323783945091052
0.35217099373321376
0.2009847806624891
0.3501193673530293
0.28125932557445554
0.35437182930468525
0.17591763652641032
0.35862429125634143
0.22262011339898563
0.3224783646672633
0.375410325276037
0.33329603103551186
0.39152491793494454
0.3561250373022979
0.35571471202626087
0.4062220232766338
0.31274246493584046
0.36809907490301436
0.301999403163235
0.3946210086541331
0.34974634437481356
0.41084750820650523
0.3419874664279323
0.4098030438675025
0.32617129215159607
0.39749328558639213
0.3245299910474486
0.40092509698597434
0.32945389435989264
0.4368472097881232
0.33572068039391206
0.4693748134885108
0.43658609370337237
0.529879140555058
0.4291256341390629
0.5777006863622799
0.48851089227096406
0.533273649656819
0.5243210981796474
0.453446732318711
0.5826618919725453
0.39771709937332167
0.6566696508504914
0.5088779468815278
0.5541629364368837
0.44471799462846906
0.5947478364667258
0.24447925992241115
0.7623097582811101
0.09519546404058477
0.5113398985377501
0.15286481647269506
0.428379588182632
0.3161369740376008
0.3084153983885406
0.4095046254849301
0.2300805729632945
0.41021336914353923
0.2927484333034908
0.44415846016114585
0.35586392121754734
0.43561623396001187
0.3282602208296032