0000100000
0.4114908236145014
0.3535846668474823
0.3939065183979749
0.33857698218967536
0.3542853268239762
0.3772714944399243
0.31418949462073964
0.3842328903354124
0.2885589006418948
0.3518669198083354
0.3027755175843053
0.2463610885091764
0.3774071060482778
0.16915287948648414
0.4620965554651478
0.18370852544977842
0.48415604375734556
0.15369315613416515
0.4720640086791429
0.11924780761233168
0.49631588463972526
0.12657083446343012
0.5487523732031462
0.15251785552843333
0.5640538830123857
0.16824880209745968
0.49527619564234693
0.1587559895127024
0.3884142482596511
0.14718379893318864
0.42656631407648493
0.16399963836904444
0.5086791429346352
0.13841424825965112
0.4797260645511257
0.1271132808968448
0.41549136606093484
0.13163366784196734
0.3748530874242836
0.22005243648856337
0.3014646053702198
0.32962661603833293
0.2646234517674714
0.3108218063466234
0.3045836723623542
0.27673808878039957
0.36217340204321485
0.351324473374921
0.4297305849380707
0.4215712865021246
0.4736687460446615
0.41027031913931833
0.4762001627339301
0.43332429255944327
0.48483410179911396
0.38775879215260833
0.503955338576982
0.29572371394991415
0.5696817647590632
0.20007232619112195
0.6063421028840067
0.323026851098454
0.5834915468764126
0.5156857426995751
0.5360726878220776
0.5413615405478709
0.6163999638369044
0.4674984178645693
0.7001627339300243
0.3297170237772352
0.8434137962209564
0.18226200162733938
0.9163276376457823
0.13091040593074768
0.9432917457734381
0.14031281077660251
0.9849697134074675
0.1511617394448966
0.9557002079377994
0.14808787632221326
0.838893409275834
0.22927402585661344
0.7590181719555191
0.3450863393906519
0.7629961124672273
0.3443630774794323
0.7399421390471023
0.4061115631498057
0.6961621914835908
0.4082813488834646
0.6742835186691981
0.32040502667028303
0.7236913479793871
0.2666124220233252
0.8353675074586383
0.30042491637284163
0.8918949462073953
0.25061025223759165
0.8734291655365699
0.13723894765391922
0.776534671367869
0.07250700659976501
0.6808832836090768
0.03742880390561444
0.7549272217701835
0.04050266702829761
0.7668610433053069
0.071512521471838
0.6950094928125846
0.060030738631226925
0.6040367055419944
0.0943856794141579
0.5885543802549497
0.12874062019708893
0.7337266069975591
0.1492631769279452
0.9625259922249342
0.13714853991501683
1.0
0.1460084983274569
0.9428849109483771
0.21318144833197716
0.9605822258385315
0.2517855528433235
0.9686737184703008
0.2842419311093029
0.8891601121055961
0.26317692794503206
0.7927628605008588
0.3479793870355302
0.7386990326371937
0.3394810595787
0.7534128921435673
0.275201157219058
0.7429934002350599
0.3656993038604105
0.6870310098544434
0.3561160835367508
0.6228641171684296
0.2728505560075942
0.5533857698218968
0.1668022782750204
0.4620965554651478
0.13714853991501683
0.4299792062200524
0.14655094476087166
0.39241479070608465
0.13651568574269954
0.3073411083988789
0.11508905162281903
0.24950275743603662
0.1308199981918453
0.21571286502124587
0.14392912033270036
0.2710424012295452
0.1450140131995299
0.3188002893047645
0.25178555284332355
0.306165807793147
0.3104601753910135
0.26439743242021524
0.2533224844046652
0.228302142663412
0.08462164361269323
0.23413344182262003
0.02016092577524646
0.24376186601573105
0.0
0.2731895850284784
0.01889521743061212
0.32571648133080205
0.19410541542356016
0.32544525811409464
0.2907512883102794
0.3085390109393365
0.2057680137419762
0.27404845854805177
0.1487207304945304
0.2600352590181721
0.15116173944489655