0000100000
0.2760410772886725
0.045773452529138794
0.25875579947946137
0.03015729319904921
0.24799139979631077
0.0
0.2536777186828109
0.2109313115310625
0.27787993663007804
0.19706914111123672
0.30779676360755903
0.1321715514314812
0.32501131605748546
0.13341631775489424
0.3287173248840104
0.10580513749009852
0.32680774018332004
0.10416430915469038
0.32294613556636836
0.13896118592282442
0.3035108068348988
0.1558786918637547
0.2679925314020594
0.16793029308588867
0.2505940930179924
0.1986533891592168
0.243889328957791
0.2329410433404999
0.24646373203575875
0.321489193165101
0.25871336426389036
0.3914224284259362
0.2623627928029873
0.40234242389951325
0.2312436347176643
0.354362340160688
0.1785956772660405
0.31447323752404654
0.1651295688582097
0.2859001923729771
0.18672909358379539
0.24357813737693748
0.21497680208215442
0.23848591150843038
0.2313992305080907
0.24742559692203217
0.26152823356342636
0.2552902568745049
0.30731583116442235
0.23531741541247012
0.3859765757610046
0.2227000113160572
0.40798630757044246
0.2235487156274751
0.38883388027611165
0.2436912979517935
0.39510014710874736
0.24063596243068885
0.3659188638678283
0.21127079325562978
0.3430038474595451
0.19633359737467462
0.345832861830938
0.21415638791445024
0.3322394477763945
0.19022292633246574
0.3253932329976236
0.16419599411565
0.32126287201538983
0.18371619327826183
0.3566962770170872
0.16419599411565
0.3712232658141901
0.21941835464524123
0.3577147221907886
0.28397646260042997
0.36965316283806715
0.3419146769265586
0.3748726943532871
0.39340273848591134
0.38149258798234686
0.4416091433744483
0.3837840896231751
0.4967183433291836
0.4148325223492134
0.5365508656783973
0.3964863641507298
0.49038135113726367
0.3867828448568518
0.5019803100599752
0.37869186375466773
0.5377956320018105
0.3634576213647162
0.5493945909245219
0.36924295575421506
0.5344573950435667
0.38012051601222097
0.5340047527441436
0.3885651239108292
0.5281204028516462
0.3801912413715059
0.518445173701482
0.3853824827430123
0.5070159556410542
0.3955952246237408
0.5098449700124473
0.4025263098336538
0.5172569876654968
0.4029082267737919
0.510071291162159
0.40310625777978953
0.5157293199049452
0.39801403191128193
0.513918750707253
0.40034796876768136
0.5230281769831392
0.4107728867262645
0.5240466221568404
0.42573837275093357
0.50316849609596
0.44288219984157495
0.5562408057032928
0.4513975330994681
0.5954509448907999
0.43808702048206394
0.5575421523141336
0.4228244879483988
0.5557881634038693
0.41174889668439507
0.6163290709516802
0.4089340273848589
0.614292180604277
0.38453377843159436
0.6154237863528345
0.37965372864094143
0.6918637546678735
0.4178454226547469
0.7926898268643202
0.4537314699558671
0.8332578929500959
0.4683857643996829
0.7702840330428876
0.48032420504696155
0.7001810569197692
0.4929840443589453
0.7391082946701367
0.5081758515333257
0.7441439402512163
0.5162526875636527
0.7374674663347284
0.5264371393006675
0.7697182301686089
0.5817443702614009
0.7989702387688127
0.6314925879823469
0.7636641394138278
0.6735458866131039
0.7401267398438383
0.6762051601222133
0.7873712798461013
0.6819763494398549
0.8050809098110213
0.7176926558786917
0.8338236958243747
0.7528714495869637
0.8712798461016177
0.7707932556297388
0.8906868846893738
0.7800582776960504
0.9366300780807963
0.8088434989249744
0.9923050809098106
0.8163969672965936
1.0
0.8036381124816111
0.9889668439515673
0.7942316396967294
0.9705782505375123
0.8090556750028289
0.9869865338915917