0000100000
0.3862582931927657
0.2885576660910664
0.3832136689993641
0.3065527583386351
0.3924838680359903
0.3432700172680175
0.47450695264927767
0.3789875488503138
0.5488957557029901
0.41552303917113537
0.5721166954466966
0.4345178587657915
0.607243479051168
0.4296101063346359
0.6252158502226668
0.43333636281014276
0.6272153049168412
0.42406616377351625
0.6196946287376173
0.4191584113423614
0.6391438698536764
0.4237935108606746
0.6627283468145051
0.4285194946832688
0.7039216577297104
0.4554212487503412
0.7559756430064534
0.5025902026719985
0.8065073161864947
0.562664727801509
0.8596746341906757
0.6173770789784608
0.9263155503044628
0.6590020903389986
0.9560347178042352
0.6452785603926203
0.8964827774243392
0.5912932836499138
0.8590838862128511
0.524675088612197
0.8563346360083615
0.48350449877306223
0.9160001817686086
0.4910478960283561
0.9315868399527406
0.5401254203399076
0.9464918658547673
0.5853858038716716
0.9797328001454152
0.615195855675725
1.0
0.6100154503317281
0.9361537762428429
0.5521221485049534
0.8942333908933925
0.47041715895664854
0.8206852676542763
0.3903480868853945
0.7504544215214035
0.3369990002726532
0.7212805598473143
0.31909479232936505
0.6744069799145691
0.3387258020539851
0.6227619740070893
0.3619921839498322
0.5400118149595567
0.3639007543397252
0.45819322003090085
0.36199218394983235
0.472711987639735
0.3595383077342546
0.5588248659456515
0.3578115059529222
0.6769744615104971
0.3355448514041625
0.8018267745160412
0.3069162955557574
0.8603335453967105
0.32991002453876217
0.8474961374170682
0.45251295101336036
0.7820139961828594
0.5815686630918843
0.7164182495682995
0.5982004907752434
0.5891120603471781
0.5254021630464424
0.45024084340634396
0.45124057075343044
0.41886303735344915
0.38298645823866195
0.38834863219122084
0.37126238298645853
0.40591202399345644
0.36817231664091576
0.3823048259565574
0.375261292374807
0.3516995364900485
0.4167045351267837
0.3506316459147505
0.4539670998818508
0.36065164046169257
0.47814232482050384
0.3588793965282199
0.47923293647187165
0.32943288194128906
0.43569935472143967
0.3287058075070437
0.4313369081159681
0.35767517949650107
0.4187039898209582
0.36630918840316273
0.3885304007997817
0.3446560029082979
0.32118513132781984
0.34238389530128127
0.2933745342179411
0.3628101426883579
0.2882850131782237
0.4022084885940199
0.28337726074706887
0.3938016904480599
0.24802326638189542
0.345064982277561
0.19712805598473174
0.35365354903208246
0.20603471780423532
0.42315732073071005
0.2791056984458783
0.4698036899027542
0.3797146232845587
0.469826410978824
0.4517858765791147
0.43215486685449445
0.45987457966009293
0.49606925383986217
0.44069799145687527
0.5583931655003179
0.44197037171680476
0.5389666454603292
0.48232300281741414
0.5542124875034085
0.5177678814868673
0.5589157502499318
0.4931382350268112
0.5670726165591206
0.47159865491229636
0.5209033899845498
0.4755066799963648
0.48234572389348396
0.4230664364264289
0.5010451694992278
0.3117331636826324
0.47825593020085466
0.17886031082432063
0.4325411251476872
0.1175134054348816
0.40409433790784344
0.0942470235390352
0.3885985640279928
0.12142143051894942
0.38489502862855596
0.12278469508315919
0.3909161137871494
0.07525220394437923
0.3902799236571845
0.021539580114514532
0.35826592747432534
0.019812778333181673
0.3158229573752616
0.04453330909751898
0.35292647459783727
0.04744160683449947
0.3743524493320007
0.0360810687994188
0.36424157048077793
0.0
0.3192765609379264
0.00281741343270017