0000100000
0.3301278922190765
0.1426828077711609
0.3574880406131017
0.14370789807673526
0.4179683686419995
0.08776725568681042
0.4857585668261249
0.03216831006541062
0.5314238992482672
0.0
0.5045274821829543
0.012301083666894584
0.47877818998340343
0.0653617104363957
0.48054769110612117
0.09230694132578336
0.45640925510104474
0.08825539392756036
0.40869374206775366
0.07429464024211667
0.4127086790979205
0.08478961241823675
0.38190715610660936
0.11803182661329693
0.2849995118617593
0.171336522503173
0.18783559504051553
0.26862247388460425
0.12545152787269367
0.37283998828468246
0.09452797032119495
0.4746168114810112
0.07658888997364063
0.5787366982329393
0.06113931465391001
0.6081714341501516
0.05663623938299338
0.535243580982134
0.048484330762472015
0.5487650102509025
0.02427267402128289
0.6034364932148786
0.0013789905301181723
0.571170555501318
0.08062823391584498
0.5012203456018746
0.18750610172800952
0.5833251976959877
0.25521087572000406
0.7100946988187057
0.3091623547788736
0.8089915063946111
0.35270428585375396
0.8874841355071751
0.4191521038758177
0.9472810699990234
0.4705286537147321
0.9828175339256078
0.49758371570828885
0.9969735429073514
0.49334911646978435
1.0
0.49508200722444606
0.9773991994532848
0.5319120374890169
0.951186175925022
0.47248120667773125
0.9543590744898949
0.33150688274919465
0.9495753197305474
0.21255979693449198
0.8325685834228255
0.17105584301474186
0.6981353119203361
0.1284169676852485
0.6115395880113249
0.07348921214487944
0.5687786781216443
0.05309723713755739
0.5505223079176019
0.04761788538514111
0.5533046958898761
0.053780630674607255
0.5032705262130235
0.044469393732305074
0.4855022942497318
0.05941862735526704
0.49995118617592477
0.08526554720296797
0.5082495362686715
0.10058088450649222
0.5097139509909208
0.10342428975885969
0.5053207068241728
0.10202089231670416
0.5477887337694034
0.11376061700673637
0.5757102411402906
0.0970662891730939
0.5693156301864687
0.0839353704969249
0.5887435321683099
0.08057942009177
0.5922093136776336
0.09351508347163924
0.5879625109831103
0.10050766377037984
0.6179830127892219
0.11009958020111292
0.6514692961046568
0.11926437567119014
0.680562335253344
0.10967245924045696
0.6920823977350383
0.09285609684662695
0.6760226496143706
0.08298350092746266
0.673435516938397
0.08864590452016019
0.6790002928829444
0.09843307624719327
0.6831006541052427
0.12989358586351668
0.7199550912818512
0.14927267402128294
0.7610563311529827
0.12739187737967406
0.7584203846529335
0.1473689348823588
0.736063653226594
0.1679439617299621
0.7147320121058283
0.15744898955384184
0.7134140388558043
0.15637508542419204
0.715757102411403
0.16183003026457102
0.6924240945035633
0.17039685638972973
0.6865176217904909
0.16424631455628244
0.6724592404568974
0.1569120374890169
0.6568388167529046
0.14195060041003624
0.682319632920043
0.14984623645416392
0.7192228839207262
0.17727960558430156
0.7137069218002539
0.21752660353412098
0.7149272674021285
0.25558918285658505
0.7303036219857466
0.2930171824660745
0.7472908327638387
0.32060919652445585
0.7632529532363566
0.33465537440203064
0.7708190959679783
0.333544859904325
0.787464609977546
0.3591965244557259
0.8119203358391098
0.4062408474079858
0.8393048911451725
0.38558039636825153
0.8664941911549352
0.32780923557551506
0.8724006638680072
0.36147857073123124
0.8649809626086102
0.4000658986625014
0.8864102313775266
0.40788831397051645
0.9062286439519673
0.4429488431123694
0.913550717563214
0.5211241823684468
0.9124279996094898