0000100000
0.08532327451836148
0.11216410000623482
0.08834715381258182
0.1438368975621921
0.07338362740819247
0.19595984787081486
0.07388241162167213
0.22750794937340227
0.07304071326142528
0.2632957166905668
0.07057796620736954
0.2994575721678409
0.05243469044204748
0.2626722364237171
0.06116341417794117
0.20044890579213165
0.08229939522414109
0.1832408504270839
0.0966706153750233
0.17837770434565745
0.12809402082424085
0.16890080428954424
0.13457821559947616
0.15094457260427704
0.14305754722863015
0.16079556082049998
0.18299145832034416
0.1696489806097636
0.2948438181931541
0.14520855414926098
0.5413679157054679
0.14820125943013895
0.5681152191533138
0.183116154373714
0.5602593677910094
0.21591121641000052
0.5549286115094455
0.1881039965085102
0.5222270715131864
0.16840202007606456
0.5686763513934784
0.15331379761830535
0.6171207681276888
0.11054305131242592
0.6061475154311364
0.08959411434628092
0.621641000062348
0.0691439615936154
0.6227009165159921
0.08734958538562258
0.6308373339983792
0.13398590934596913
0.6669680154623105
0.1362304383066276
0.680840451399713
0.13386121329259928
0.6993266413118024
0.18984974125568901
0.6950869754972255
0.2169087848369599
0.7076812768875864
0.22376706777230485
0.6663133611821185
0.19720680840451396
0.6134734085666187
0.1722675977305316
0.5696739198204376
0.15892512001995138
0.5336367603965334
0.19159548600286783
0.49931417170646536
0.25207307188727457
0.4636511004426708
0.265789637757965
0.43858719371531885
0.25120019951368533
0.43465926803416666
0.21241972691564306
0.4367167529147702
0.23262048756156856
0.4505580148388304
0.3603092462123572
0.4329758713136729
0.3530768751169025
0.3883970322339296
0.29359685765945487
0.42028804788328444
0.32714009601596095
0.5449217532265103
0.37240476338923867
0.6562753288858406
0.36754161730781226
0.7054679219402706
0.3570671488247397
0.7795373776419975
0.3394850052995821
0.857597107051562
0.31043082486439294
0.9013342477710578
0.24234677972442165
0.9337240476338925
0.14458507388241149
0.886464243406696
0.1823679780534946
0.8472473346218592
0.2854916141904109
0.8897998628343414
0.2795062036286551
0.9050751293721553
0.23212170334808901
0.9147702475216658
0.20930232558139536
0.8783278259243094
0.1882286925618804
0.8203129870939585
0.1672797555957353
0.7512001995136851
0.1710206371968326
0.7744248394538312
0.15805224764636194
0.7943138599663319
0.07188727476775349
0.7522289419539869
0.012906041523785786
0.7971195211671548
0.03285741006297138
0.8730594176694306
0.06203628655153049
0.9358127065278384
0.09483134858781718
0.9789263669804849
0.12213978427582767
1.0
0.12039403952864887
0.9960409003055049
0.1207681276887586
0.9666126317102062
0.16191782530082896
0.9032982106116343
0.16229191346093874
0.8381756967391981
0.1073009539248083
0.7564062597418792
0.06714882473969688
0.7330569237483633
0.0771245090092898
0.7494856287798491
0.13735270278695672
0.7508884593802605
0.1588004239665813
0.6802481451462058
0.11977055926179926
0.5776856412494544
0.06939335370035522
0.5582642309370907
0.05754722863021387
0.5355695492237671
0.03772055614439802
0.46056487312176553
0.04383066275952358
0.4019577280379076
0.0706403142340545
0.3780472598042271
0.09433256437433753
0.32994575721678404
0.06814639316665629
0.2718997443730904
0.09757466176195521
0.19087848369599095
0.1469542988964398
0.08183178502400404
0.1154061973938525
0.0
0.09545482885466679
0.00785585136230429
0.0545545233493359
0.016740445164910484
0.028243656088284802
0.0006234802668495535
0.0227570297400087