0000100000
0.3847341954022989
0.5156609195402296
0.34727011494252874
0.6158764367816094
0.4135596264367817
0.7474137931034479
0.40105962643678156
0.9226293103448282
0.3598778735632184
1.0
0.45994971264367834
0.8457614942528737
0.5153556034482758
0.5501436781609196
0.5173670977011494
0.38872126436781607
0.41883979885057476
0.33527298850574727
0.3870869252873563
0.38204022988505754
0.5376616379310346
0.7889367816091956
0.6063218390804597
0.6663793103448273
0.588505747126437
0.66882183908046
0.5675466954022989
0.46961206896551755
0.5579561781609195
0.30732758620689643
0.5468390804597704
0.3195402298850575
0.530944683908046
0.30747126436781613
0.5169540229885057
0.3214080459770116
0.49441451149425286
0.36745689655172425
0.4761314655172414
0.44374999999999964
0.47641882183908046
0.48412356321839095
0.4306034482758621
0.5267959770114944
0.3388110632183908
0.5176005747126435
0.30572916666666666
0.45948275862068955
0.33133979885057474
0.3239224137931036
0.30693247126436785
0.3548132183908046
0.3105603448275862
0.3103448275862069
0.352209051724138
0.24662356321839074
0.37634698275862055
0.2027298850574715
0.40193965517241387
0.1877155172413793
0.4358836206896551
0.20962643678160903
0.3555675287356322
0.3833333333333334
0.37092313218390816
0.4450431034482759
0.391558908045977
0.5145833333333331
0.338092672413793
0.5775862068965518
0.3581896551724138
0.5332614942528733
0.4996767241379312
0.4485632183908045
0.3823635057471264
0.2875718390804597
0.2622665229885058
0.15158045977011508
0.2332974137931034
0.10079022988505713
0.2157507183908047
0.09288793103448269
0.2940912356321838
0.09920977011494239
0.3625
0.13254310344827583
0.3625897988505748
0.1677442528735632
0.3514547413793103
0.16602011494252886
0.33349497126436783
0.1299568965517241
0.28751795977011496
0.15646551724137905
0.2798491379310344
0.17356321839080446
0.27580818965517234
0.2741379310344828
0.33410560344827583
0.39281609195402306
0.35659123563218403
0.2747844827586205
0.33764367816091956
0.2822557471264364
0.2745330459770114
0.24655172413793097
0.24069683908045983
0.22672413793103458
0.21056034482758618
0.24633620689655153
0.19822198275862055
0.2695402298850574
0.2055854885057471
0.3974137931034481
0.23040589080459764
0.44152298850574745
0.270330459770115
0.5326149425287356
0.30607040229885046
0.6709770114942528
0.33460847701149427
0.6880747126436783
0.38459051724137927
0.6791666666666665
0.41713362068965526
0.6983477011494252
0.4102370689655173
0.6859913793103449
0.4509159482758621
0.6261494252873566
0.4037895114942527
0.581609195402299
0.3911817528735633
0.65948275862069
0.4320402298850574
0.6584051724137929
0.5046156609195401
0.5562500000000001
0.5355603448275862
0.5390804597701149
0.5152837643678162
0.5567528735632186
0.5106501436781611
0.5084770114942528
0.36307471264367813
0.3895114942528736
0.29836566091954025
0.1640086206896549
0.3400682471264368
0.05646551724137933
0.34876077586206894
0.10294540229885056
0.3260416666666667
0.1448275862068965
0.26747485632183915
0.18160919540229858
0.189367816091954
0.22047413793103418
0.1984913793103448
0.22478448275862078
0.22882543103448272
0.33814655172413793
0.17341954022988493
0.31623563218390804
0.13667385057471254
0.10653735632183907
0.17923850574712644
0.0
0.24615660919540236
0.21329022988505716
0.3652119252873563
0.3167385057471265
0.4149245689655173
0.2464080459770113
0.41524784482758625
0.18556034482758607
0.3821479885057471
0.12370689655172418
0.39868893678160916
0.07040229885057465