0000100000
0.8448255981550876
0.10988757567022196
0.839334102046699
0.1407898529835687
0.7851830498702793
0.15018737388296324
0.755635629864514
0.12424329778034016
0.7499855866243874
0.1529547420005765
0.7603920438166617
0.20968578841164606
0.7255837417123089
0.23614874603632158
0.6270683194004034
0.15820121072355148
0.6409484001153068
0.21573940616892476
0.6446958777745747
0.24560392043816662
0.6452003459210145
0.12747189391755553
0.644321130008648
0.09910637071202076
0.6435283943499565
0.08463534159700199
0.637633323724416
0.08988181031997683
0.6378927644854423
0.10712020755260879
0.6314067454597865
0.12516575381954448
0.7034592101470162
0.07581435572211015
0.6958345344479676
0.046584029979821265
0.5988325165753818
0.0
0.6546411069472469
0.0438743153646584
0.7224560392043814
0.057134620928221316
0.7562698183914671
0.055520322859613704
0.7341741135773997
0.09484001153070044
0.7487172095704812
0.05713462092822142
0.7800951282790426
0.0758720092245604
0.7308734505621215
0.1403286249639666
0.7484001153070049
0.08359757855289704
0.7071922744306715
0.003978091669068891
0.7324156817526665
0.03810896511963105
0.7184779475353125
0.12141827616027674
0.644551744018449
0.1573364081867973
0.6273421735370422
0.14090515998846928
0.6160420870567885
0.1816661862208128
0.6326462957624674
0.11161718074373012
0.6071490343038338
0.06053617757278752
0.541885269530124
0.0958201210723551
0.4597146151628711
0.30129720380513103
0.5049582012107233
0.4423176707985011
0.5490919573364081
0.4266359181320264
0.5502594407610262
0.2814067454597865
0.5713750360334391
0.22317670798501008
0.5146584029979819
0.32326318823868544
0.5117036609974054
0.43724416258287657
0.5288267512251368
0.6868261746901124
0.5374171230902277
0.7342173537042375
0.5365234938022483
0.8678581723839718
0.5464543095993079
0.7931392332084174
0.5870856154511385
0.7505332948976647
0.6108820985874892
0.8093398673969442
0.5646007494955316
0.6756990487172093
0.5656385125396367
0.6671086768521186
0.557076967425771
0.7609685788411645
0.609613721533583
0.8301527817814929
0.6219227443067163
0.6971461516287113
0.6307437301816085
0.768636494667051
0.6686653214182762
0.8044969731911211
0.6656817526664743
0.8284231767079847
0.6914528682617468
0.8081867973479389
0.7058806572499278
0.7269530123955029
0.7672816373594693
0.7532430095128277
0.733294897665033
0.7290861919861626
0.7765782646295762
0.8318823868550015
0.8492793312193713
0.8929374459498406
0.8439896223695589
0.8253675410781202
0.8720092245603916
0.9268377053906025
0.8532430095128276
0.8515998846929954
0.87688094551744
0.8593831075237818
0.8226722398385701
0.898818103199769
0.8439607956183335
0.8549437878351106
0.9283366964543094
0.8008071490343038
0.9336552320553472
0.8201787258575959
0.9049149610838855
0.8064571922744304
0.8814067454597863
0.7110406457192272
0.88215624099164
0.7366388008071488
0.8806428365523203
0.856039204381666
0.8724272124531564
0.9024502738541362
0.8174690112424328
0.9282790429518591
0.8436148746036323
0.8763908907466127
0.9107379648313633
0.9144422023637936
0.9640530412222539
0.8763332372441625
0.8985586624387427
0.9769962525223403
0.9204958201210723
1.0
0.912525223407322
0.8675122513692706
0.9241279907754394
0.8601902565580856
0.9184491207840876
0.8939175554914959
0.8911357739982703
0.940098010954165
0.9058518304987025
0.9114442202363792
0.9588642260017296
0.6908619198616314
0.953963678293456
0.5814932257134617
0.911718074373018
0.5734217353704235