0000100000
0.26333789329685364
0.18113418729013808
0.2634622559383161
0.1629772416366122
0.26767504041785845
0.2264643701032208
0.26692886456908343
0.23877627160800896
0.268794304191021
0.15526675786593713
0.26678895659743823
0.12828006466857358
0.27227645815197127
0.11634125108817314
0.28415309041164044
0.1180201467479169
0.29108630767317495
0.17951747295112552
0.28727770177838563
0.24549185424698433
0.2817591095634871
0.28168138291257294
0.2765047879616964
0.27627160800895423
0.27361335654769314
0.27558761348091043
0.2817591095634872
0.2874642457405797
0.2966048998880737
0.2864071632881481
0.3101448824773039
0.26893421216266644
0.3265296604899889
0.2654520582017163
0.340489366994155
0.2691207561248602
0.346987315010571
0.26290262405173487
0.3493191145379927
0.24773038179330928
0.3472826762840443
0.22204949633130208
0.34366061435144873
0.19108319860713857
0.34092463623927377
0.15887327446834976
0.3366496704390002
0.1368610869294864
0.3315663474692203
0.11839323467230448
0.3282707374704639
0.10396716826265394
0.32583012063176214
0.08388260166645928
0.32733801765949516
0.045765452058201796
0.33626103718442985
0.030904116403432276
0.3429610744932223
0.014799154334037931
0.3474536749160554
0.0059694067902002195
0.3472826762840443
0.0008083571695062232
0.3462722298221616
0.0
0.3449975127471709
0.007959209053600293
0.34589914189777393
0.003855241885337642
0.36153774406168404
0.01032209924138788
0.3836276582514615
0.02897649546076368
0.40277950503668697
0.06068896903370229
0.42333043153836597
0.11665215769182935
0.4285070264892426
0.1658375823902498
0.43419661733615245
0.23684865066534014
0.44961758487750286
0.2972888944161176
0.5056740455167267
0.34149981345603797
0.5252611615470716
0.40318368362144014
0.47503419972640226
0.41269742569332174
0.47526737967914456
0.3094142519587118
0.47927807486631024
0.21079467727894544
0.3893794304191022
0.44304191021017286
0.41931973635120023
0.5654769307300086
0.4519027484143763
0.5216390996144756
0.42855366247979104
0.39049869419226446
0.34255689590846916
0.44521825643576657
0.28388881979853237
0.9108319860713845
0.3045174729511256
1.0
0.34210608133316767
0.7987812461136674
0.3077819922895163
0.5769804750652907
0.258658748911827
0.5061559507523941
0.2302885213281929
0.6289640591966174
0.2314699664220868
0.7178833478423079
0.19632197487874634
0.7307548812336778
0.20916241760975005
0.5564606392239774
0.23949135679641848
0.45815197114786715
0.26408406914562876
0.308232806864818
0.2838732744683497
0.30736226837458036
0.3524126352443729
0.31874145006839966
0.3955353811714961
0.3842183807984082
0.4153245864942173
0.4056087551299593
0.42471396592463634
0.39311030966297716
0.4381606765327695
0.259917920656635
0.4600329560999875
0.11242382788210403
0.4426999129461512
0.08288770053475925
0.4239988807362267
0.07996517846039056
0.4075674667329933
0.10371844297972888
0.39573747046387264
0.14164904862579283
0.4108319860713844
0.182129088421838
0.40080524810346974
0.23436139783609006
0.3937632135306555
0.27359781121751015
0.39415184678522575
0.2972888944161173
0.3786376072627782
0.3046884715831366
0.3745647307548813
0.2980972515856238
0.3705695808978983
0.28025121253575414
0.36871968660614346
0.24679766198234052
0.37958587240393
0.2078099738838452
0.41255751772167665
0.17808730257430672
0.4598153214774284
0.16596194503171263
0.46440119388135825
0.15526675786593702
0.45227583633876406
0.14649919164283057
0.4260975003109067
0.14146250466359908
0.39808481532147755
0.1376072627782615
0.38345665961945036
0.1406541474940928