0000100000
0.3032679402463168
0.16691949708173706
0.32465996451803664
0.15663487002802562
0.36218599748026636
0.15910318052091624
0.37123646928753257
0.1736045046666495
0.37263774972360064
0.1954593371557864
0.3869976602473453
0.18810582881238266
0.383295194508009
0.19026560049366206
0.3813539711516211
0.18250070706810997
0.394633995834726
0.16943923070989633
0.40292597639678096
0.17890108759931092
0.4140847967500578
0.18383770858509232
0.42283958552952966
0.199213226030391
0.42523076131951754
0.204561232098321
0.421116910498033
0.18820867508291977
0.41884143676239927
0.19062556244054196
0.42542359807677466
0.16964492325097055
0.44227753066104436
0.14316200858766362
0.4581415678913943
0.14943563109042757
0.43533540739978915
0.1690792687630165
0.430617334738899
0.17694700845910574
0.4232124032602267
0.16244568431337245
0.41744015632633125
0.1476358213560281
0.4185328979507879
0.15097832514848433
0.4400663358444964
0.18008381971048767
0.45812871210757716
0.192939603527627
0.48105057465353657
0.1790039338698481
0.4971845833440464
0.18111228241585892
0.48304322114519316
0.2120690098475304
0.4682462139716657
0.2272902578870233
0.48965109402720275
0.22451340858252125
0.48785128429280333
0.22348494587715
0.47219293960352754
0.22230221376597328
0.4630267657419072
0.21062916206001084
0.4684390507289228
0.22055382716684224
0.424176587046512
0.21397166585246696
0.38837322911577915
0.19067698557581053
0.4070269714344483
0.1649139948062633
0.43204432674260146
0.1609029902553158
0.448988249813591
0.14326485485820067
0.4623325534157816
0.1199701745815442
0.4214511608772785
0.09847530403928723
0.42166970920216984
0.0733808140282313
0.4432031470958784
0.05240017483865991
0.42643920499832866
0.03738461934024117
0.4161674337284343
0.0193865219962461
0.4196127837914278
0.005039467256318612
0.4204098423880904
0.0
0.45001671251896214
0.004576659038901597
0.45910575167767975
0.021957678759673974
0.45720309567274314
0.030905304296402942
0.4550047566400123
0.02288329519450801
0.4295374488982593
0.02087779291903426
0.4063199033245057
0.02447741238783327
0.4009076183374901
0.03229372894865394
0.4042115547784948
0.04226981719075413
0.41367341166790933
0.05024040315738052
0.4340241174504407
0.0688555781245982
0.42228678682539267
0.07137531175275755
0.4151518268068804
0.07826601187874424
0.46112410973697054
0.09682976371069343
0.5369989458257269
0.12958630087676445
0.5875993109299873
0.18877432957087392
0.6100326536908954
0.24071169619211688
0.654179415318952
0.23304964903710182
0.7293471832977654
0.1861003265369089
0.7697272002674002
0.21541151363998662
0.7937932275730849
0.21736559278019185
0.8097601110739722
0.20255572982284736
0.8150824055742674
0.18892859897667963
0.8475561154963618
0.19638495359062044
0.8736790682127891
0.23670069164116933
0.8751831949193942
0.28164451186588846
0.8949425346463371
0.3436608129997686
0.9124906795567325
0.37019515079834425
0.9129663435579668
0.4235723652071065
0.9083511171676136
0.5095518473761343
0.9166045303782171
0.5273956753143237
0.9035173424523693
0.5769161545779447
0.881096855475278
0.6158948911115111
0.9024246008279124
0.6068958424395134
0.918532897950788
0.5919317100763635
0.9279561874887511
0.5651402566014447
0.961908312549816
0.5578895945285783
1.0
0.554187128789242
0.9878898516442546
0.5393258426966291
0.9729385750649215
0.5455480420641244
0.9550818913429152
0.5550098989535391
0.9447072738024836
0.5311495641889286
0.9480112102434884
0.5164939706373897
0.9461085542385518
0.5547013601419277