0000100000
0.3118476272463149
0.08059829979554539
0.3442914021306364
0.05875390078553787
0.3789949424297865
0.06230496072312491
0.4082104810072105
0.08619390939416781
0.394113849133757
0.10190465942106998
0.3781340794146134
0.07134402238243837
0.3793984719681489
0.03809318842139263
0.3916388679651353
0.013343376735177596
0.45375551490369154
0.0
0.5105455719358662
0.008393414397934122
0.4918218013558596
0.024534595932422243
0.43355213601635684
0.027440008608630335
0.4277144086947169
0.04185946411277304
0.4426180996448948
0.08468739911761597
0.36347250618745336
0.1430108683955669
0.34972559991391416
0.24728290110836143
0.35919509308081415
0.4078338534380719
0.34719681480684433
0.5616055095232979
0.30641342946303696
0.6782524480792005
0.29678252448079245
0.7483051759388796
0.30861939093941704
0.7861831486064789
0.31558700096847153
0.788873345528894
0.31585602066071283
0.7532551382761224
0.31733562896804074
0.6925642957064466
0.3425696761002908
0.6043258366512436
0.3896481222425488
0.4824061121274083
0.4297320563865281
0.36995588077047326
0.44173033466049755
0.3133541375228667
0.4375874313999789
0.3135693532766605
0.42125793608092155
0.33078661358011435
0.394436672764447
0.3666200365866788
0.343699558807705
0.4169805229742825
0.2832508339610462
0.4701388141611968
0.21642634240826458
0.5119982782739705
0.18925535349187572
0.5182395351339718
0.17639621220273377
0.48434305391154675
0.153664048208329
0.417841385989455
0.12888733455288962
0.33810394920908277
0.11516733024857455
0.2484665877542241
0.11288066286452203
0.16722264069729897
0.13206176692133878
0.138276121812117
0.14973636070160348
0.19380178629075662
0.16377918863660834
0.2818250295921668
0.20886688905627923
0.4506617884429146
0.25511137415258867
0.6069084256967615
0.2776552243624238
0.6134725061874534
0.27340471322500853
0.5070483159367274
0.29567954374260264
0.4039599698697943
0.306816959001399
0.33423006564080515
0.3113902937695044
0.2949531905735506
0.2981814268804479
0.2579360809211233
0.29347358226622255
0.20768320241041696
0.27534165500914715
0.1631335413752286
0.27066071236414574
0.13601635639728862
0.2875820510061343
0.14656192833315432
0.2913483266975147
0.18691488216937513
0.3320241041644253
0.2467448617238787
0.38647368987409925
0.30754331217045133
0.43185731195523575
0.3563972882815021
0.48079199397395966
0.3859894544280646
0.42150005380393885
0.39298396642634265
0.3319433982567527
0.3792101581835799
0.3492144624986552
0.36306897664909055
0.4007317335628972
0.3581190143118475
0.4131873453136774
0.3539223071128813
0.4110889917141943
0.36597438932529924
0.4385559022920482
0.39459808457979206
0.47272140320671496
0.4165500914666954
0.49717529323146514
0.41880985688152417
0.4871677606800824
0.40761863768427914
0.4496664155816214
0.4491552781663626
0.4290864091251484
0.5658022167222646
0.40697299042289936
0.7416334875712909
0.38507478747444357
0.9104702464220386
0.3804207467986659
1.0
0.3970192618099651
0.9805229742817186
0.4328526848165288
0.9316689981706665
0.4658883030237819
0.8377273216399441
0.5210373399332837
0.7805875390078563
0.5754869256429577
0.7486279995695692
0.5808404175185631
0.6881523727536862
0.5699182180135589
0.6241256860002158
0.5411062089744977
0.5670935112450235
0.49712148929301664
0.5025287851070702
0.4935704293554296
0.4137522866673849
0.47586893360594057
0.3597331324652963
0.4739588937910261
0.3898633379963416
0.46621112665447173
0.49090713440223865
0.3442645001614121
0.5653717852146781
0.3292532013343381
0.5571935865705377