0000100000
0.9151165664387507
0.8743389076530185
0.941823873465689
0.8671554493780375
0.9775269791580853
0.8635966718840099
1.0
0.871636872889035
0.9684488013839686
0.8125216245160223
0.9486119120191115
0.7303402257187569
0.9333223494521785
0.6781448224730201
0.9439657302907981
0.730999258588022
0.9921575088557539
0.8094900733174063
0.9660433314111535
0.8231979569981048
0.8962847021995218
0.880533816624104
0.8920339401927666
0.8488343356124887
0.9087568992503497
0.6801878243677403
0.9101079166323419
0.6920504160144985
0.9188895296152895
0.7096465936238564
0.9045061372435944
0.646445341461405
0.8873053793557953
0.4615207183458273
0.8067221352664962
0.36938792322267056
0.8012851140950653
0.4103797676909137
0.8169700963835567
0.4196062278606145
0.7915808550951474
0.38415025949419207
0.8118296400032947
0.3370294093417908
0.7999340967130729
0.31185435373589226
0.8104456709778398
0.29392865969190207
0.8108246148776668
0.2984100832028996
0.7911030562649308
0.2962352747343274
0.7213444270532989
0.27778235439492555
0.6378614383392369
0.3674767279018039
0.580196062278606
0.521097289727325
0.5118543537358924
0.6140209242935992
0.5149518082214352
0.6014992997775765
0.5050663151824695
0.4801054452590822
0.4234615701458109
0.40570063431913655
0.38326056512068507
0.38237087074717857
0.34872724277123307
0.3410495098443035
0.36971743965730286
0.3166652936815225
0.3727489908559189
0.28443858637449526
0.3448224730208419
0.293796853118049
0.3007002224235933
0.3241123651042097
0.27639838536947015
0.31376554905675885
0.2615371941675591
0.28232968119284935
0.24025043249032035
0.2663151824697255
0.2041519070763655
0.22631188730537952
0.18950490155696512
0.12732515034187336
0.1743636213856166
0.07183458274981466
0.18171183787791415
0.0604992173984679
0.17968531180492636
0.04830710931707724
0.18789027102726746
0.042837136502183105
0.1924540736469232
0.05015240135101731
0.18431501771150835
0.06484883433561263
0.17403410495098443
0.07776587857319409
0.18578136584562152
0.03426970920174651
0.17844962517505572
0.016937144740094126
0.17741164840596424
0.0
0.2032786885245901
0.01647582173160884
0.16404975698162935
0.025306862179751057
0.18355712991185422
0.022934343850399747
0.20840266908312033
0.05292033940192772
0.17190872394760687
0.08461982041354324
0.1652524919680369
0.11368316994810136
0.2097207348216493
0.11875772304143677
0.23794381744789522
0.1291045390888871
0.26923140291622066
0.1616607628305463
0.3010791663234203
0.18617678556718026
0.30620314688195066
0.18914243347886986
0.3088392783590081
0.20166405799489245
0.304291951561084
0.21431748908476791
0.3111953208666284
0.2065409012274489
0.35327456956915737
0.23428618502347795
0.3877255128099512
0.26295411483647707
0.3828651453991266
0.32318971908723904
0.4351594035752532
0.31369964576983267
0.502479611170607
0.2719169618584723
0.5808550951478701
0.29755334047285614
0.5961117060713399
0.33590905346404115
0.6087651371612157
0.3832935167641488
0.5932284372683087
0.43318230496746035
0.5827498146470054
0.5295988137408348
0.5637367163687288
0.6512562814070352
0.5881044567097783
0.7195320866628222
0.6507784825768186
0.7671801631106347
0.7189224812587522
0.7033198780789192
0.676694950160639
0.7841832111376553
0.6501359255292858
0.7742977180986897
0.6427218057500615
0.7367987478375478
0.6602520800724934
0.7240135101738197
0.70783425323338
0.6938298047615122
0.7300766125710519
0.6272674849658122
0.8226542548809618
0.6254221929318721
0.9609028750308918
0.6763654337260071