0000100000
0.40100928370666905
0.988842517673111
0.3784600970956477
1.0
0.49037560684779846
0.9480453113022735
0.6503704965505496
0.8245464611191554
0.6685120517843453
0.771143854867558
0.5898560599608212
0.7726769440422452
0.5890895153734773
0.7819606507111829
0.5722468273571245
0.6691082531300572
0.6028873179456608
0.5576186014819863
0.6193467336683417
0.5234647815347927
0.5759092070522105
0.5422877097351159
0.5529767481475174
0.5020015330891744
0.59439144876927
0.4803679414019249
0.6046120432671833
0.4260284473213526
0.5903032109701046
0.4411038242057744
0.5406268631292053
0.5587258325525932
0.4978281236691936
0.6195383698151777
0.5088791414700623
0.547738693467337
0.4856698747977174
0.5563410271697471
0.45234647815347917
0.47772762115663014
0.44693808023166687
0.4714249212162508
0.4171918916616984
0.4614598415807852
0.40937739545183555
0.3469040115833403
0.3062984413593389
0.24095051528830602
0.2985265309598842
0.19010305766118726
0.35269568179882477
0.22638616812877943
0.34428498424325016
0.3434119751298867
0.25998637254066936
0.3258666212418022
0.25012775743122384
0.27544502171876306
0.24620986287369026
0.4473213525253388
0.24693382165062608
0.5019163614683584
0.28668767566646813
0.6236266076143426
0.26220083468188404
0.6593135167362236
0.22596031002469988
0.6182607955029387
0.17443147943105355
0.6483263776509667
0.14862447832382253
0.5498679839877354
0.1658291457286432
0.4589898645771231
0.15292564517502769
0.5223575504641852
0.10367515543820789
0.592964824120603
0.09926752406098278
0.6806915935610252
0.09828805042159959
0.5154586491780938
0.06592283451154062
0.43505663912784265
0.05721403628311049
0.3925560003406866
0.027212332850694125
0.4703176901456437
0.012115663061068042
0.5882803849757263
0.02337960991397664
0.6651903585725238
0.016629758964313075
0.7254918661102122
0.0
0.7274508133889789
0.01809896942338811
0.7336683417085428
0.035495272975044685
0.7231070607273654
0.037901371263095104
0.6318882548334895
0.056915935610254764
0.5091559492377141
0.07016012264713384
0.394685290861085
0.04056298441359335
0.3197342645430541
0.006920194191295376
0.3629162762967379
0.041095307043693005
0.43429009454049916
0.09013286772847287
0.509581807341794
0.1452176134911846
0.5629844135933904
0.1853334468954944
0.6381057831530538
0.24250489736819686
0.6823950259773447
0.26573545694574574
0.6536921897623712
0.36085086449195125
0.6278851886551396
0.34198535048121964
0.614598415807853
0.3418788859551997
0.5479942083297845
0.3334256025892173
0.5540413934077166
0.2900306617834938
0.5283195639213017
0.3748828890213782
0.5877693552508305
0.42562388212247687
0.6012264713397496
0.5005110297248955
0.6086364023507369
0.566859722340516
0.487863044033728
0.5875990120091986
0.40439485563410266
0.5870879822843029
0.5077080316838429
0.5478664508985606
0.5450132016012266
0.680159270930926
0.6711523720296395
0.6689379098884253
0.7342645430542538
0.592986117025807
0.6863980921556936
0.4870964994463846
0.5877693552508305
0.44810919001788596
0.36266076143428994
0.5386679158504387
0.2383953666638277
0.5772932458904694
0.17298356187718236
0.5539349288816966
0.35652840473554176
0.5475683502257047
0.42696533515032753
0.5651349970189932
0.4816455157141636
0.6330167788093007
0.5334298611702576
0.6845881952133549
0.5829145728643216
0.7130568094710843
0.5579592879652501
0.7527893705817221
0.5530193339579255
0.8152414615450132
0.4792607103313176
0.8261647219146578
0.3795247423558468
0.8274848820373053
0.3700706924452772