0000100000
0.39181097667022785
0.38204675892568757
0.4065691073070137
0.4315386717682423
0.45792442048249643
0.4697011105865982
0.46001142885537505
0.5330070312305897
0.4006062262416456
0.5759397749012396
0.35004596387487885
0.5393674377003153
0.31980918780590795
0.4674153395115404
0.268279957266019
0.4058982831871596
0.2509876021764515
0.39943849536634435
0.25968347039677997
0.3416979303833634
0.271932221918557
0.24172029118735844
0.2886282889015875
0.19212899699371427
0.2743919103580213
0.2289994782479069
0.2488260577902555
0.25563368033988404
0.23076349722974476
0.28187035702750374
0.23632885289075498
0.29300106834952416
0.23799349052150356
0.3242068125916171
0.22348381326244124
0.35968595493055733
0.20907351735446847
0.3775745981266615
0.22288752515590443
0.382344902978956
0.2928271509851175
0.3954632413227656
0.3196104251037293
0.4247807398941585
0.3382195830952321
0.48520460135655535
0.350741633332505
0.5261497180054162
0.35059256130587085
0.4710924495018511
0.3364804094511663
0.38632015702253475
0.34139978633009516
0.33812020174414253
0.37173594375015523
0.30949837263037583
0.41037044398618583
0.2993614748192502
0.402246018534622
0.30144848319212897
0.3663196601157792
0.29548560212676084
0.36038162438818344
0.2762056200154041
0.34356133071629097
0.2767025267708515
0.3099952793858231
0.2798827300057145
0.36147481925016767
0.27312479813163065
0.4220477527391983
0.27908767919699856
0.4272652736713954
0.30075281373450286
0.4384953663445054
0.31973465179259103
0.4485328828045415
0.3595865735794677
0.46729111282267877
0.396854580238018
0.5301001267112225
0.37707769137121433
0.5321125990707845
0.3270888717732118
0.4819498621083755
0.31238043181197034
0.4597381301398792
0.31496434694029657
0.46013565554423724
0.30800765236403366
0.46937812119555744
0.31238043181197034
0.4782230614425204
0.3366294814778007
0.47936594698004914
0.3775745981266615
0.4529056622524781
0.4066933339958753
0.44020969465079873
0.4080846729111279
0.4734527565902258
0.3982459191532709
0.49390046957688366
0.38463067405401363
0.49059603965315884
0.415935799647196
0.512534472906159
0.49206191458172865
0.5098511764267436
0.5652065889835771
0.5045342741434569
0.624239111530721
0.49613654997639683
0.644811051206241
0.5408084672911126
0.6175805610077268
0.5500509329424333
0.5583492757584037
0.5412308380332429
0.48888171134686587
0.5728341076796938
0.43074362095952656
0.5249074511167976
0.38045665730825606
0.389475514919625
0.35352431116301025
0.3664438868046411
0.3252006261025119
0.3391885512683543
0.32013217719694903
0.3015478645432183
0.29429302591368706
0.25667718452632365
0.24609307063529537
0.24981987130115016
0.23078834256751732
0.29009416383015724
0.3229148550274541
0.32400804988943815
0.42358816368108504
0.34763596611095937
0.45886854331784654
0.3776242888022061
0.4657258565430193
0.417749509304579
0.538870530944868
0.4472409252403786
0.6932097691868122
0.46649606201396304
0.8428780839275508
0.46694327809386543
0.9357996471962033
0.49250913066163127
1.0
0.5277895102983926
0.9691917811622649
0.557131854207558
0.7989515267460062
0.5665233918855125
0.5840890456905758
0.5157643668165669
0.3755869711048722
0.4387438197222289
0.23039081716315934
0.3893264428929912
0.15913438843201055
0.37697831002012466
0.11560535665482377
0.35662997838455596
0.08668538348778851
0.29851673333498957
0.09235012049988818
0.19965713433874113
0.12772988148773887
0.07485900270814183
0.1499913041317795
0.0
0.16907252354095736
0.026584511416432588
0.23227906283385932