0000100000
0.20115335420985328
0.3233361266704893
0.21646892779958563
0.4056366603449041
0.23209323865390574
0.41057645657830943
0.23232479160234662
0.37930578220791245
0.23651479733603867
0.38975874388038684
0.2617209897234598
0.3486525823666917
0.286034049309752
0.35839985886296477
0.2794733824372605
0.34869668769020445
0.2778966171216867
0.34781458121995357
0.26322057072288635
0.3632073391258325
0.23249018656551876
0.39050853438009997
0.21405416133727362
0.39610991046619326
0.1953424778370751
0.39610991046619326
0.19529837251356252
0.40629824019759214
0.1995765888942796
0.3756450403563713
0.1985731927843693
0.3726017730340052
0.20565209720813302
0.416751201870066
0.1824637233714111
0.44264102677193146
0.1700921801261413
0.44206765756626837
0.1819344594892605
0.4346138578926478
0.19405239712433314
0.4330701715697084
0.20545362325232677
0.43099722136461865
0.19923477263705752
0.436951440038813
0.18930004851585602
0.44762492832884954
0.20291756715035528
0.45282935650333006
0.22299651567944265
0.4462576632999606
0.22509151854628875
0.4219997353680592
0.23458518943236462
0.41031182463723415
0.22567591408283
0.41357561857716224
0.21281921227892228
0.43170290654081944
0.1819013804966261
0.4365985974507124
0.1874696775900853
0.4395977594495658
0.2058174921713052
0.39055263970361254
0.21715256031403013
0.3168085387906322
0.20919154942001522
0.32307149472941393
0.1943831870506771
0.3404048868698453
0.19461473999911796
0.368941031182464
0.18413972566488807
0.39558064658404285
0.14226172098972356
0.3662506064481986
0.10343800996780322
0.3149561152031053
0.11982313765271486
0.2605301459886211
0.12448727561416689
0.2127640806245316
0.1034600626295595
0.14938473073700004
0.10318440435760608
0.10642614563577835
0.12125656066687267
0.05402902130287123
0.12420059101133517
0.005645481409606137
0.10908349137740936
0.006351166585806904
0.0964803951836987
0.016495390993693092
0.10001984739558076
0.017686234728531806
0.0876813831429454
0.035196048163013416
0.08950072773783807
0.04873638248136564
0.08434040488686989
0.04591364177656257
0.10113350681427259
0.05058880606889241
0.10501477528337681
0.056057866184448434
0.08299519251973725
0.0557491289198606
0.08292903453446836
0.06143871565297929
0.06484585189432378
0.05896881753627676
0.06208926917478945
0.057469236536850134
0.08066863670445035
0.05451417986150934
0.07909187138887668
0.0474132227759892
0.0946059189344155
0.045604904511974735
0.11231420632470358
0.04132668813125758
0.10616151369470306
0.033167203281436214
0.11111233625898664
0.023508137432188055
0.12532527676090513
0.016539496317205558
0.1223261147620518
0.020464870109822245
0.11330657610373575
0.02509592907863986
0.13698010849909595
0.0278745644599303
0.1385789264764258
0.025933930225378272
0.11227010100119086
0.016363075023155448
0.15233978741234083
0.005160322850968029
0.17414986988929587
0.0
0.17077581264058594
0.011599700083800029
0.17344418471309503
0.023067084197062656
0.17225334097825623
0.02743351122480498
0.2167225334097827
0.03748952498566567
0.2084527852511801
0.04617827371763786
0.056543024743086624
0.05102985930401797
0.03689410311824644
0.062012084858642486
0.04506461429894594
0.06377629779914433
0.06259648039518383
0.06730472368014824
0.08183742777753288
0.07321483703082958
0.09779252855819709
0.08627001279054394
0.11469589379438117
0.10783751598817988
0.14646275305429374
0.15123715432452722
0.25167600229347703
0.2721739513959337
0.5009592907863981
0.5354827327658452
0.5878578044369961
0.6064040929740224
0.7953402725708997
0.8058483658977641
0.9970449433246591
1.0