0000100000
0.7397490656700481
0.6527495995728779
0.744447410571276
0.5570742124933263
0.7348104644954617
0.4634276561665777
0.7109183128670583
0.37255739455419123
0.6879604911906032
0.31094500800854225
0.6676187933796048
0.2608649225840896
0.6584356647090231
0.23246129204484772
0.6608649225840896
0.22594767752269074
0.6717832354511478
0.24292578750667373
0.6845435130806193
0.2694073678590497
0.7005339028296851
0.2955686065136146
0.7151361452215694
0.29012279765082755
0.723278163374266
0.24634276561665783
0.7214361986118527
0.19925253603844087
0.7065403096636411
0.178323545114789
0.6711425520555258
0.1554725040042711
0.6108115323011212
0.10742124933262148
0.5587827015483182
0.07090229578216757
0.5405499199145757
0.04345969033635874
0.5664975974372665
0.02722904431393486
0.6079284570208223
0.02199679658302187
0.665483182060865
0.02295782167645489
0.7136145221569675
0.0249866524292578
0.7294981313400962
0.02957821676454885
0.7226107848371596
0.033315536572343825
0.738654564869194
0.0384410037373198
0.7788307528029897
0.03609183128670581
0.7819006940736785
0.0378003203416978
0.7906567004805126
0.03961558996262679
0.8264548852108917
0.04132407901761875
0.8214895888948213
0.04249866524292577
0.817191671115857
0.04249866524292577
0.8100373731980779
0.04452749599572871
0.8069407367859048
0.05328350240256273
0.7689001601708491
0.06609717031500266
0.7902295782167646
0.08179391350774161
0.7868126001067807
0.09834490122797648
0.7696476241324081
0.12375867592098229
0.7478376935397758
0.1607047517351842
0.7496529631607048
0.20864922584089698
0.7481046449546183
0.25520555258942856
0.7553390282968501
0.29022957821676465
0.7526962092899093
0.30945008008542435
0.7726641751201281
0.3150026695141484
0.7720234917245062
0.30646022423918845
0.7644687666844635
0.29247197010144155
0.7654030966364123
0.27848371596369464
0.7944474105712761
0.2630005339028296
0.8045381740523225
0.24111051788574467
0.8214895888948213
0.21217298451681796
0.8431126534970634
0.1806727175654031
0.8843032568072612
0.14628937533368924
0.9058996262680189
0.1128670581954083
0.9565936999466098
0.11553657234383344
0.9902028830752803
0.19882541377469287
0.9794447410571274
0.20491190603310186
0.999679658302189
0.20533902829684986
0.995835557928457
0.25787506673785376
1.0
0.1437266417512013
0.9538974906567004
0.09877202349172454
0.9253870795515216
0.0770955686065136
0.911852642819007
0.06470902295782169
0.8767218366257342
0.030112119594233797
0.8254938601174585
0.021356113187399897
0.8274959957287774
0.04602242391884675
0.8314468766684462
0.06780565936999466
0.8435130806193273
0.0967431927389215
0.8677522690870262
0.12429257875066743
0.867538707955152
0.14404698344901226
0.855552589428724
0.15515216230646015
0.8816070475173517
0.15707421249332618
0.8876668446342763
0.14169781099839832
0.8899626268019222
0.12269087026161239
0.8972237052856379
0.0945008008542445
0.8972504004271221
0.07026161238654566
0.8930325680726107
0.048585157501334686
0.9010411105178858
0.036946075814201805
0.925867592098238
0.02274426054458089
0.9405766150560596
0.012066203950880879
0.9604644954618258
0.005766150560597917
0.957794981313401
0.0003203416978109738
0.9774426054458089
0.0016017084890549418
0.9806994127068872
0.0
0.9726374799786439
0.00266951414842496
0.9449012279765081
0.0008542445274959949
0.9135344367325146
0.0009610250934329215
0.8857714895888947
0.004911906033101898
0.8473571809930593
0.010464495461825962
0.811318739989322
0.016978109983982925
0.7798451681793913
0.022957821676454816