0000100000
0.4275286301250109
0.3328962321881283
0.4434172567532127
0.33735466386921914
0.46861613777428107
0.33219687035580026
0.48485444531864685
0.31051665355363234
0.4959131042923333
0.27773406766325737
0.4810735204126236
0.23865722528193029
0.4995847539120553
0.18751639129294506
0.5409782323629688
0.15202377830229913
0.5509878485881635
0.15106215578284798
0.613362182008917
0.1532476615088733
0.7375207623043976
0.14275723402395316
0.7713305358860041
0.14092140921409207
0.7879840895183147
0.17090654777515507
0.7544147215665703
0.22484482909345246
0.7306582743246789
0.27362531689833036
0.698334644636769
0.31226505813445227
0.7035798583792291
0.33814144593058826
0.8032826296004898
0.34714572952181144
0.9155739138036543
0.33901564822099844
0.9339540169595245
0.3273887577585456
0.8914240755310777
0.29626715621994937
0.8429058484133228
0.23393653291371613
0.7751988810210684
0.1741410962496723
0.7174359646822276
0.127808374857942
0.7542617361657488
0.09677419354838723
0.7848369612728386
0.08645860652154931
0.7073389282279922
0.09502578896756715
0.6339059358335518
0.12203863974123615
0.5661334032695166
0.1559576886091443
0.4989728123087685
0.1918874027449953
0.48478888014686594
0.2253693504676983
0.4571422327126498
0.24259113558877513
0.45882507212168894
0.24224145467261138
0.45336130780662626
0.23271264970714245
0.4078372235335257
0.2198618760381153
0.39658186904449694
0.20753562374333429
0.4209502578896758
0.1972200367164963
0.40571728297928145
0.18087245388582907
0.39712824547600317
0.18104729434391137
0.3973905061631263
0.1976571378617014
0.4036410525395577
0.22510708978057523
0.40431855931462546
0.24311565696302137
0.4151586677157094
0.24836087070548138
0.4656219949296265
0.24591310429233312
0.38982865635107966
0.22764227642276397
0.33409826033744217
0.25867645773231945
0.3111067400996592
0.3908558440423113
0.3379447504152462
0.6043360433604337
0.3216190226418393
0.70364542355101
0.29307631785995286
0.6854620159104815
0.29224582568406343
0.5018795349243815
0.2959393303610457
0.4497770784159457
0.30776291633884084
0.6017134364892036
0.3125491738788357
0.821487892298278
0.3545108838185157
0.9371448553195213
0.3818952705656088
0.971238744645511
0.3952924206661422
1.0
0.38582918087245377
0.5898242853396276
0.4414065914852697
0.1792114695340503
0.4582131305184019
0.18935221610280614
0.4275067750677507
0.2209109187866072
0.4213217938631001
0.3199580382900606
0.4298889763091181
0.6900078678206134
0.4067663257277736
0.8286563510796399
0.3886047731445057
0.7531252731882158
0.40508348631873403
0.8034793251158312
0.41188040912667195
0.8540956377305711
0.39688783984614046
0.807588075880759
0.3968222746743597
0.7181571815718159
0.3487848588163302
0.39837398373983746
0.31180610193198705
0.29644199667803134
0.30859340851473027
0.2963545764489904
0.3040694116618585
0.29845266194597436
0.3295961185418305
0.24993443482821914
0.3522379578634497
0.2481860302473993
0.35798583792289546
0.2536935046769824
0.360411749278783
0.24110499169507837
0.38569805052889244
0.22694291459043636
0.40766238307544367
0.20097910656525939
0.3514730308593411
0.13357810997464806
0.3689789317248012
0.039513943526532154
0.40082175015298543
0.018970189701896997
0.3738307544365767
0.022816679779700918
0.3288749016522424
0.018270827869569156
0.2880277996328351
0.000262260687123159
0.2401870792901478
0.0
0.23286563510796404
0.04869306757583723
0.19405105341375997
0.040300725587900994
0.14020019232450398
0.021680216802168157
0.1383643675146429
0.04502141795611524