0000100000
0.8844935335474358
0.9669299539970498
0.8763128200677028
1.0
0.8385556809304752
0.9136359690999052
0.8557199895842384
0.7944622862598743
0.8359951393108247
0.7466365766860525
0.8019703150768169
0.6377050603246254
0.8249934901484253
0.5629719642392158
0.8035326794549091
0.5865810259526084
0.7521916500303797
0.5746896970749068
0.7206839684055211
0.4669733530075513
0.6899574689697079
0.3635969099904526
0.6467537540144086
0.45916153111709135
0.6464282614356397
0.4907560107629554
0.6875922228973187
0.36099296936029895
0.6902395625379746
0.4697508896797161
0.6620953042270641
0.6015970835864947
0.6331264647166046
0.6443017099210145
0.6141176981164834
0.6199114660185755
0.5783569134623738
0.5684402395625384
0.5192257616526348
0.4228799583369504
0.5058154674073436
0.33972745421404416
0.530314208836039
0.33174203628157317
0.5617133929346418
0.3061366200850626
0.5660749934901489
0.3576078465410994
0.5031247287561849
0.43520527731967695
0.4579680583282703
0.5023869455776413
0.42591788907212935
0.4499609408905485
0.371061539796893
0.46923010155368505
0.3940630153632502
0.47895147990625797
0.3907863900703069
0.4080374967450744
0.3538972311431303
0.2981512021525913
0.3325232184706192
0.2346150507768427
0.2763431993750548
0.20979081676937775
0.303163787865637
0.2937245030813303
0.19557764082978918
0.291728148598212
0.11700373231490334
0.3004079506987246
0.07649075601076309
0.24581199548650315
0.07824841593611663
0.17819633712351401
0.1254882388681539
0.27245898793507534
0.0905520354135927
0.4628938460203106
0.09170210919191071
0.6376182623036193
0.12839597257182564
0.6194774759135493
0.12316639180626694
0.689089488759657
0.1268553076989846
0.790382779272633
0.14250065098515782
0.7889940109365513
0.13863813905042977
0.7809217949830745
0.16845325926568916
0.7904695772936384
0.16975522958076567
0.6692127419494833
0.1763952781876579
0.5506466452564883
0.19418887249370756
0.5171426091485113
0.18457599166739008
0.5189653675896191
0.18155976043746244
0.5454387639961811
0.15788560020831535
0.5410988629459247
0.1273326968145129
0.4608974915371931
0.1076946445621041
0.4492665567225072
0.13310476521135345
0.3537887336168739
0.16997222463327863
0.18114746983768812
0.17047131325405807
0.06032462459855929
0.14892370453953646
0.0
0.1238824754795595
0.05841506813644631
0.10700026039406314
0.08888117350924381
0.07863900703063983
0.15198333477996698
0.041706449092960826
0.2332262824407606
0.0857564447530596
0.3516187830917459
0.13139050429650215
0.37245030813297475
0.17802274108150376
0.38026213002343595
0.2824841593611668
0.45907473309608526
0.39421491190000885
0.45169690131065027
0.47024997830049525
0.4537800538147729
0.42876052426004707
0.6455168822150853
0.31592309695338955
0.696988108671123
0.17038451523305262
0.5801579723982297
0.1796068049648472
0.560715215693082
0.23810867112229867
0.4765211353181149
0.22521916500303835
0.43642044961374865
0.2004383300060761
0.4293898099123345
0.21762433816509008
0.4807742383473658
0.25032549257876946
0.6565402308827359
0.27080982553597815
0.7466365766860523
0.2540795069872411
0.754274802534503
0.3293767902091834
0.7276278100859308
0.397296241645691
0.7286693863379913
0.3818027948962767
0.6191302838295294
0.4132887770158845
0.4603767034111621
0.42353094349448883
0.42808783959725766
0.4351184792986725
0.4222723721899146
0.44416717298845604
0.425917889072129
0.325861470358476
0.5025605416196509
0.27506292856522896
0.5526429997396064
0.33297890808089614
0.5990799409773455