0000100000
0.14421119876394653
0.33568064655108365
0.14591968623256224
0.3198139977121124
0.140229680141433
0.30014410720387463
0.12824055503558107
0.2697181738497423
0.12379848761718004
0.2444622721397691
0.12886452437194512
0.23198288541248838
0.1440626346362407
0.2278825154878105
0.16407422263820193
0.2209891399622648
0.15232280013667895
0.2203354578003597
0.12696290353731196
0.23126977759950046
0.09632898040439167
0.23590497838391938
0.06313975427493271
0.2276448128834808
0.029727681953915484
0.21219414360208583
0.020100726478584567
0.19769428473800715
0.04846161845760696
0.1803419946219784
0.07428206385286201
0.17885635334492136
0.10466342796868257
0.20001188513021656
0.09444221598252908
0.23905453789128073
0.0270238148296712
0.2808901962532127
0.02715752254460635
0.3148816686722822
0.10291037126175502
0.33098602011558276
0.14074965458840324
0.3433465555406992
0.13139011454294264
0.3432277042385346
0.11647427612128773
0.33883020605844477
0.0853203785413973
0.34299000163420523
0.06581390857363574
0.32985693274501904
0.07529229992126103
0.38161667483769374
0.12766115493752875
0.48079808649403505
0.17142814695963504
0.433138714326039
0.15432841586070611
0.32486517805410703
0.146588224807238
0.2709066868713881
0.19969990046203434
0.31505994562552947
0.23848999420599898
0.41370652642213007
0.25330183773825976
0.4466877627728004
0.2681582505088323
0.4068131508965841
0.2534504018659655
0.348635438487023
0.20995082527372919
0.2977076555095007
0.1572996984148208
0.3261131167268348
0.10201898649552069
0.35962918393724613
0.0365022061772965
0.39617595935285443
0.03516512902794498
0.4640994785399119
0.009597242649789771
0.37597123798487575
0.004932329039830037
0.21498714920295312
0.0
0.06452140066259551
0.009196119504984317
0.09251088232235434
0.005006611103682899
0.16495075099166537
0.015420956455854153
0.18705709319427732
0.026890107114736155
0.19549553564796254
0.020650413751095748
0.14302268574230084
0.014574140927931634
0.061787820712810616
0.045386341014098684
0.01074118643312363
0.05912852282687816
0.03243154907815977
0.04819420302773687
0.058162855996790955
0.03376862622751107
0.055250999093758975
0.04849133128314843
0.05293339870154936
0.057880584154150184
0.10106817607820416
0.07166733520524127
0.1470636300158961
0.09950825273729394
0.1637028123189374
0.09702723180460836
0.19056320660813209
0.09341712350135926
0.2059544502384451
0.07784760291779938
0.2363803835925777
0.08517181441369158
0.26965874819865976
0.14272555748688917
0.2219399503795811
0.1400662596009567
0.1549672416098407
0.061639256585105
0.13107812987476009
0.07157819672861794
0.1433198139977123
0.08811338414226502
0.1593053141388482
0.166986079541234
0.17570679383756002
0.2956574705471619
0.19056320660813209
0.39060480456389
0.19644634606527908
0.43438665299876666
0.27019357905840014
0.4408640489667364
0.5369553267667987
0.4966053096819243
0.6846874953573712
0.5917160642391286
0.7210559938197324
0.6758479297588803
0.6716732777703497
0.7372494837396563
0.6016698607954123
0.7318863187294796
0.5619141002213608
0.6533850336497748
0.732525144478614
0.6809733921647281
0.8620730638380056
0.8010429201764941
0.9685044049263861
0.8412443731336633
1.0
0.8346778386890703
0.9629183937246515
0.7967791297113399
0.9914427062441503
0.7175053111675656
0.8890523094293646
0.706095586159766
0.7937929907444544
0.847736625514403
0.8022314331981402
0.8421357578998975
0.8573784374025043
0.7792485626420642
0.8690258650146335
0.7462673262913937
0.8851896421090163
0.7847900046054882
0.8536940470354023