0000100000
0.5253945321182487
0.1939690301548491
0.5595317477958066
0.2184189079054606
0.6235459731792253
0.19930354893680088
0.6433651922649483
0.15684967029710287
0.6074683262947325
0.15433059198340365
0.5661258057346079
0.16729643624509144
0.5472141957472034
0.18285544935911663
0.5307290509002004
0.16062828776765195
0.5386011706305109
0.13921612210120754
0.5650885381936729
0.13314069793287378
0.595650885381937
0.1426242868785655
0.6080425279691787
0.16648144032007126
0.6143587463880869
0.21760391198044016
0.6115247832851748
0.24790694228347052
0.6102467214936655
0.25894643254056465
0.5942802104171301
0.2662073053271099
0.5607727643179966
0.32021930799436926
0.5154849225753874
0.34911461806327315
0.4774764762539826
0.29332444246869704
0.45152626509594734
0.20708305549381323
0.4424131288434468
0.37282359042750224
0.4537860265244132
0.540786841520338
0.4833481514410612
0.5724235015188561
0.5272097503148849
0.5298214418018821
0.575053715640513
0.47788397421649276
0.6393457805438247
0.39505075201896717
0.699840705341928
0.3728235904275027
0.7209009409498411
0.33348151441060975
0.6973031043935695
0.25805734607690606
0.6678891605541974
0.20737941764836634
0.678132177520931
0.168481884863303
0.6805401200266727
0.15299696228791584
0.7104726976365121
0.1753723049566571
0.7327739497666151
0.29154626954137985
0.8182373860857972
0.4209824405423427
0.8708046232496115
0.5367118618952363
0.8698044009779953
0.6617766911165449
0.8135141142476109
0.7075646439949622
0.7688004741794477
0.5761280284507667
0.7215862784322445
0.26791138771578893
0.7206045787952884
0.028228495221160246
0.743128102541306
0.0
0.7302178261835968
0.022004889975550113
0.6793917166777806
0.058235163369637744
0.7237904719567315
0.09357635030006671
0.7494628435948735
0.1089130917981774
0.7886382158998299
0.10913536341409198
0.8180892050085208
0.1426983774172039
0.8157553530414171
0.24694376528117376
0.8008816774097954
0.38734533600059284
0.7941764836630367
0.4054975179669559
0.8126250277839523
0.27598725642735433
0.8242387197154928
0.164332814699563
0.8745276728161819
0.18137363858635244
0.9197229013854934
0.2545750907609098
0.9403385937615769
0.3098466325850189
0.975383418537453
0.3634881825590872
0.9663073275542718
0.4409127954360232
0.8820663851226205
0.5291546269541382
0.8164777357931396
0.5855375268578205
0.8094947025264878
0.5623471882640592
0.7369971104689935
0.4774394309846632
0.67111209898496
0.3817885456027264
0.6653886048751578
0.32466474031266224
0.6766133214788476
0.33600059272430927
0.7160109653997188
0.38771578869378376
0.7693191079499152
0.4504704749203529
0.7775431577387573
0.5580499370230421
0.7574646217678006
0.6436985996888203
0.7047677261613694
0.6592576128028451
0.6679817737274952
0.6446617766911166
0.7052307920278585
0.6654812180484557
0.7572238275172264
0.6931910794991479
0.7421093576350304
0.6948951618878273
0.7346632585018895
0.7555753130325256
0.7523153293324447
0.8976068756019859
0.8046788175150039
1.0
0.8559679928873085
0.9968141068385575
0.8726013188115882
0.913314069793288
0.8536526635548647
0.8044009779951105
0.8403719345039642
0.7297177150477886
0.8766948210713496
0.6985996888197381
0.8582647995850935
0.6692598355190046
0.808031414388383
0.673408905682744
0.7983811217307555
0.679336148773802
0.8520597169741432
0.6597762465733129
0.7521856708898276
0.6806697784692894
0.6034859598429283
0.6957842483514858
0.5255797584648443
0.6767429799214646
0.5296732607246057
0.6697043787508341