0000100000
0.9330711590582984
0.9426901206355959
0.9344316309719934
0.9432002976032314
0.9370250305574747
0.9435404155816552
0.9394696285273955
0.9440505925492906
0.940649412765053
0.9459212414306213
0.9444332252750173
0.9474517723335283
0.9488016155603975
0.949152362225647
0.9522665674655897
0.9473242280916193
0.9552851145241006
0.9475793165754371
0.9559972365414253
0.9624169633841736
0.8970717967795077
0.8508582664611789
0.8376255513631292
0.5416910240739754
0.7974916299091249
0.35513631290854003
0.7360365626826805
0.24821172344156886
0.6829462719880961
0.2155178827655846
0.6589998405696977
0.22053462294733497
0.6165807514481584
0.20778019875644368
0.5692086942658237
0.18006058351490656
0.5453366636552054
0.18460966147632443
0.5031514056438328
0.18137854068129866
0.44413030770048356
0.17198278152734237
0.3755646489876175
0.1948557155763406
0.3035552957432109
0.20348620927884364
0.22085348355210702
0.19846946909709304
0.16692352659828885
0.2017856193867249
0.12955306371897757
0.23133336876228944
0.10276877291810595
0.23813572833076482
0.08283998511983837
0.20565446139129515
0.08563532975500876
0.2036987830153585
0.09259711962587021
0.21721847265770308
0.09761385980762076
0.22117234415687936
0.09292660891746816
0.22287293404899827
0.0886326194398682
0.21258436520167945
0.07344422596588185
0.22172503587181774
0.0678535366955412
0.25556677472498274
0.045969070521337044
0.29340489982462686
0.03221554976882611
0.31564011266408043
0.038539618430142995
0.35755965350480956
0.011946643992134683
0.37558590636126926
0.0
0.40028697454429474
0.03159908593293296
0.4340436839028539
0.046925652335653885
0.4749003560610088
0.04667056385183614
0.5549131104851994
0.18685231439655636
0.7296912366477118
0.27272147526173146
0.8969867672849018
0.23608439177339627
0.9772546101929107
0.20548440240208318
0.9826964978476912
0.16427698357867887
0.9833767338045385
0.1296593505872349
0.9737684009140671
0.10923101450815749
0.9355901578359997
0.09835786788542274
0.8914598501355155
0.09023755115055541
0.8569378753255037
0.07765318594887602
0.8280278471594836
0.07255141627251954
0.7973747143540417
0.06434607004304613
0.7676143912419616
0.051836105649147
0.7229313918265398
0.05787319976616891
0.6859860764202583
0.06651432215549755
0.6712334591061275
0.07834405059254937
0.6300791837168518
0.09296912366477128
0.6049529680607962
0.10241802625285644
0.5932614125524791
0.12638571504490617
0.580294414625073
0.15490248179837382
0.555550831694744
0.17563904979539785
0.5502790030291758
0.20178561938672482
0.5694956688101185
0.230281128766541
0.5885847903491526
0.25974384864749966
0.5984482117234418
0.28264866875697514
0.609714619758729
0.3182866556836903
0.6390497953977784
0.38481160652601376
0.6876016368177714
0.44572461072434516
0.7152787373120051
0.4881755859063612
0.7606419726842745
0.513758835095924
0.8626773662114045
0.5481745230376786
0.9218153797098372
0.6010734973694002
0.9469415953658926
0.6782483924111177
0.9824839241111761
0.7736408566721583
0.9894988574161665
0.8658128288249988
0.9952808630493702
0.9460062709252273
0.9975341446564276
0.9858107030876339
0.9949832598182498
0.9985119838443963
0.9953233777966736
0.9995642238401449
0.9958335547643092
0.9916883669022692
0.9971940266780043
0.875761279693894
0.9971940266780043
0.7005898921188287
0.9971940266780043
0.7098581070308763
0.9974066004145191
0.9321570919912845
0.997619174151034
0.9864377956103524
0.997619174151034
0.9859913907636711
0.997619174151034
0.9971833979911782
1.0