0000100000
1.0
0.9685736474242815
0.9618431271032875
0.8993010613512807
0.9570799896453532
0.8860471136422471
0.9646906549314007
0.908620243334196
0.9712140823194407
0.8951592026922078
0.9572611959616877
0.8632668910173442
0.9456381050996637
0.793062386746052
0.9426870308050737
0.7290706704633704
0.9197514884804557
0.6956251617913544
0.8850893088273364
0.7542324618172406
0.8660885322288376
0.8129433083096042
0.868470100957805
0.7995858141340929
0.8632927776339631
0.8077659849857628
0.846337043748382
0.7964794201397878
0.8616360341703339
0.7621019932694792
0.9098369143152989
0.6700491845715763
0.9286047113642247
0.6293554232461814
0.8884545689878333
0.6170333937354384
0.8492622314263526
0.6103028734144448
0.8202433341962208
0.628630597980844
0.7848304426611441
0.6340150142376394
0.7671757701268443
0.6743981361636034
0.7565622573129691
0.7499870566916903
0.7365260160497018
0.8080766243851931
0.7221589438260417
0.8213305720942274
0.7054103028734146
0.8107688325135906
0.6872378980067303
0.8108723789800677
0.6488480455604448
0.7755630339114682
0.615066010872379
0.6853740616101476
0.6303650012943307
0.6004659590991456
0.61568728967124
0.5823453274657001
0.601734403313487
0.610302873414445
0.595133316075589
0.5994304944343773
0.5529381309862801
0.5585296401760291
0.47610665286047116
0.5280869790318407
0.4664509448615066
0.5356458710846493
0.4929329536629561
0.5410302873414444
0.4824747605487963
0.5228061092415222
0.46321511778410585
0.4910173440331349
0.46282681853481733
0.4722754336008284
0.4699715247217187
0.4854258348433858
0.4590732591250322
0.5698162050220036
0.45604452498058506
0.5618431271032873
0.4685477608076623
0.40300284752782783
0.4533782034688065
0.36313745793424795
0.4369660885322289
0.7727672793165936
0.4026404348951591
0.8534299767020445
0.40333937354387794
0.8120113901113121
0.38754853740616096
0.6752265078954177
0.37509707481232196
0.6053326430235567
0.34493916645094486
0.0020709293295367213
0.3172922599016309
0.24115972042454034
0.2838985244628526
0.4620243334196221
0.2756665803779445
0.34356717577012647
0.28646129950815435
0.3013202174475795
0.2798602122702563
0.3768055915091899
0.3159979290706705
0.5490033652601606
0.32254724307533006
0.6375355940978511
0.34429200103546487
0.5992234015014236
0.39679005953921836
0.49277763396324104
0.41548019673828623
0.4050737768573643
0.4190525498317369
0.3638622831995858
0.4375355940978513
0.32927776339632375
0.46329277763396326
0.30794719130209686
0.46769350245922864
0.3235827077400984
0.4824747605487963
0.33435154025368863
0.5177064457675383
0.3640693761325391
0.5317628785917681
0.41232202951074304
0.557312969194926
0.3983432565363708
0.535257571835361
0.3669686771938907
0.5036241263266891
0.33818275951333177
0.4980326171369404
0.3046337043748382
0.46303391146777123
0.26756406937613264
0.4509189748899817
0.2548278539994824
0.4514625938389851
0.2902407455345585
0.4153248770385711
0.29862800931918165
0.3323323841573904
0.30794719130209686
0.2707740098369142
0.3676935024592287
0.2490033652601605
0.38788506342221085
0.2708775563033912
0.34242816463888187
0.280585037535594
0.3307274139269997
0.27297437224954707
0.3362153766502718
0.2744499093968417
0.24530157908361377
0.31327983432565365
0.12083872637846248
0.37442402278022274
0.09660885322288384
0.42751747346621805
0.10924152213305728
0.39717835878850627
0.10365001294330829
0.32024333419622036
0.055707998964535176
0.32989904219518507
0.010665286047113537
0.37662438519285507
0.0