0000100000
0.5385953261866365
0.04338614299718555
0.5141194700060082
0.09044050216614481
0.515574107453436
0.1968187711475825
0.45040002529804263
0.30054074565980465
0.3851626980362393
0.40843689719507964
0.3586313758972897
0.5096290674509057
0.3439901337633999
0.5886854504632701
0.29418461246561045
0.6233437687758906
0.23524017329159147
0.6143629636656858
0.22094677924295586
0.583752332163299
0.18758498561173823
0.5604781330044589
0.19188565284761086
0.5215191474559656
0.21990323498719266
0.4790184359485185
0.2296746039275209
0.44853429465895084
0.2571862252158237
0.409322328684818
0.3264396167346551
0.35252822312873555
0.3709957942004237
0.2827056256522149
0.378869809948455
0.21300951838851462
0.4244062865635772
0.1366094298453656
0.5696802959870979
0.06501596938936843
0.679948139012744
0.02061790468962462
0.6956013028491919
0.009486765961483606
0.7251683900958161
0.0
0.7965404926793787
0.002782784682035225
0.7314929007368053
0.012269550643518947
0.6350124909085161
0.02479208171267746
0.6227745628182019
0.048319261297156975
0.7043607500869621
0.06855769534832225
0.7867691237390506
0.08576036429181284
0.7408531764854694
0.19656579072194247
0.6724535939031716
0.28814470480346566
0.7319039939284696
0.33001296524681406
0.870474022072542
0.383012364418303
0.9375770799734371
0.2839705277804126
0.9821965025456157
0.28460297884451163
1.0
0.42045346741295886
0.8815735382474778
0.45561774657685855
0.8357208361003067
0.5526357398096318
0.7566328305347374
0.6052556683426619
0.5874837934414822
0.5870410776966132
0.570976820668501
0.601713942383708
0.5528570976820668
0.6091768649400754
0.4980868355311008
0.5557979951301267
0.5614584321538121
0.6332100053758342
0.6112323308983969
0.5364449925687002
0.6935774594440753
0.46535749296398193
0.7867058786326407
0.4566296682794169
0.7666255573475003
0.379976599310628
0.7389874458463777
0.2595579167061946
0.6719476330518929
0.23514530563197628
0.6357081870790247
0.21667773456028844
0.6733074028397051
0.19542737880656488
0.7157764917939474
0.20149890902191425
0.6779559181608326
0.22920026562944695
0.6242608228188343
0.26385858394206746
0.6925655377415171
0.2865003320368084
0.7564747177687127
0.3150871201340797
0.7559687569174335
0.33406065205704666
0.7419283432944376
0.33368118141858766
0.6544603611295577
0.32280302311608644
0.5627865793884198
0.3120513550264047
0.6851658602915598
0.29257186225215787
0.662271131771179
0.276381115011226
0.5166176517091987
0.28472946905733165
0.4865762261645005
0.3066122758751541
0.5813806406729278
0.3497454384467002
0.661132719855801
0.4056541125130443
0.6510767479366285
0.4446130980615374
0.6248616513297285
0.47699459254340176
0.6471871738924202
0.49622110489200877
0.6924390475286973
0.5154476172406157
0.7922082028903011
0.5436549346994278
0.862473516111691
0.5932390981247827
0.7206779875407141
0.6100622964298137
0.5349271100148626
0.5923536666350443
0.5558296176833317
0.5659172121557093
0.6454163109129429
0.5340416785251241
0.6754577364576416
0.4642190810486039
0.6993960092337855
0.39629383676438035
0.7998608607658982
0.36479777377225425
0.8124150143882617
0.37339910824399963
0.7492963981911898
0.4477753533820321
0.7231445466906998
0.515194636814976
0.7692502292635107
0.5322708155456467
0.8359421939727415
0.5297410112892517
0.7993548999146188
0.501913164468899
0.7916073743794071
0.4772475729690415
0.7921765803370964
0.5040634980868355
0.839483919931695
0.5447933466148056
0.9297030642254054
0.6501596938936851