0000100000
0.5297346039096942
0.7934274391058468
0.44394843478648105
0.7476510664826113
0.41283341497083326
0.5981653827314425
0.6123814400854968
0.5543037805584006
0.757002271006813
0.8542547980585123
0.7996838402279917
0.9687402591619539
0.8338936634456964
0.9917175045642784
0.8542993276038655
1.0
0.861657834973505
0.9988867613661666
0.8654317139422008
0.9857950750322843
0.8746159326713275
0.9688293182526607
0.887830075254932
0.9662020750768137
0.8912811150198158
0.9530658591975778
0.8975820456873138
0.9347642160573543
0.8726900298347955
0.9265707797123394
0.8037805584004989
0.9257247183506259
0.7660417687135417
0.8907244957028988
0.7390902613884315
0.6398005076368168
0.700249365453979
0.514627955648573
0.6463352184174201
0.4839916284454736
0.6018056730640783
0.4478781671639133
0.558957118047825
0.39306229683394944
0.5135703789464311
0.3638954446275105
0.46901856882041254
0.37671995368927313
0.43873847798014004
0.36897181279779145
0.4135013581511332
0.32649062653070327
0.375951819031928
0.31700583337044147
0.3502137418176962
0.3004408424989981
0.32932938504697884
0.2751480607383
0.29233646524469
0.25974083804604364
0.25305027385670414
0.2835641448100817
0.24168410740526347
0.2823173175401881
0.21695907734782038
0.2932715856971103
0.1759696308500691
0.2661085630315715
0.1519125439729263
0.3007525493164718
0.135681524691633
0.31037093111279346
0.12575143607783767
0.32052366745335514
0.09885559068441926
0.3250211515340428
0.07741461459678513
0.3203010197265886
0.0809101839070224
0.3361980674177315
0.08459500378501143
0.34982410829585414
0.06210758338157386
0.38522509685176143
0.04642205103085909
0.41746448768758077
0.04495257603419889
0.448991405797747
0.060515652135191805
0.48408068753618044
0.11072271452108487
0.5490492942067062
0.1349245224206262
0.6251057576702144
0.13318787015184577
0.6739101393774768
0.10474462305739872
0.6928351961526478
0.06551409360110451
0.6798770984548249
0.04400632319544037
0.657523266687447
0.024602573807721562
0.6415816894509504
0.01392661530925776
0.6182036781404464
0.0
0.5770583782339587
0.005287883510709512
0.5345326624215168
0.002181947722313915
0.5068798147570915
0.014850603375339604
0.49490136705704235
0.030001781181814187
0.5005120897715636
0.03850692434430257
0.5256267533508484
0.04671149307565573
0.5351560760564635
0.06353252883288071
0.5274524647103352
0.08979382820501418
0.5490047646613531
0.11559869973727573
0.5766130827804249
0.14613483546333003
0.589526650932894
0.18860488934407993
0.6179810304136797
0.2203433227946744
0.6642917575811549
0.24930979204702344
0.6918555461548739
0.30503851805673066
0.7211114574520197
0.37215567529055543
0.7533508482878389
0.42668210357572256
0.7858128868504249
0.47795787505009574
0.8180522776862451
0.5548603998753172
0.8474417776194503
0.640223538317674
0.8733579730150958
0.6917776194505054
0.903059179765775
0.7304626619762215
0.9204257024535782
0.7777975686868238
0.9373914592332014
0.8329028810615844
0.9458520728503358
0.857204880438171
0.9438927728547893
0.8604332724762882
0.9299995547045466
0.8586854878211695
0.9142360956494632
0.8616689673598436
0.919490582001158
0.8626708821302936
0.9233201229015451
0.8655319054192456
0.9232755933561922
0.8721334105178784
0.9301331433406066
0.875996348577281
0.9344970387852344
0.8744044173308994
0.9378367546867347
0.8689606804114535
0.9458075433049831
0.866533820189696
0.9473660773923499
0.8717103798370223
0.9369461637796679
0.8686378412076414
0.9310237342476734