0000100000
0.4192951015531659
0.9145758661887693
0.41523297491039407
0.8038231780167262
0.40757168458781345
0.7094384707287932
0.3952807646356033
0.6543608124253285
0.3699970131421744
0.6195340501792115
0.329495221027479
0.6071684587813616
0.30170250896057343
0.6065113500597371
0.29304062126642755
0.6067502986857826
0.31505376344086017
0.6041218637992829
0.3459229390681001
0.6145161290322578
0.38546893667861404
0.6219832735961768
0.4221176821983273
0.6421146953405017
0.434274193548387
0.6896057347670248
0.4340203106332138
0.7350059737156508
0.4425179211469533
0.76726403823178
0.46030465949820787
0.7655913978494617
0.46739844683393067
0.7247311827956984
0.45525686977299856
0.7033452807646353
0.4262992831541217
0.7266427718040616
0.393010752688172
0.7476702508960574
0.3769563918757467
0.7314217443249698
0.36793608124253285
0.6588410991636797
0.3469832735961768
0.5434886499402625
0.3251045400238948
0.4531063321385901
0.31481481481481477
0.40925925925925943
0.30612305854241334
0.38769414575866196
0.29689366786140964
0.4059139784946237
0.28166069295101537
0.4415173237753881
0.2645011947431302
0.4638590203106333
0.2646206690561528
0.5056750298685782
0.28000298685782543
0.5513739545997609
0.28346774193548385
0.5877538829151733
0.27229689366786136
0.6041816009557943
0.25201612903225795
0.6268219832735962
0.26124551971326165
0.7008960573476701
0.2507616487455197
0.7894862604540024
0.27371565113500596
0.8264635603345278
0.24017323775388283
0.8427120669056155
0.2151881720430107
0.8857228195937871
0.1881869772998805
0.9502389486260454
0.15449522102747903
1.0
0.13694743130226997
0.9433691756272398
0.1351702508960572
0.6742532855436079
0.13194444444444436
0.43178016726403795
0.12343189964157704
0.37825567502986857
0.12208781362007155
0.3915770609318995
0.13533452807646346
0.3903823178016726
0.13061529271206687
0.4118876941457586
0.11926523297491032
0.4110513739545998
0.13000298685782555
0.36941457586618875
0.1391875746714456
0.32234169653524497
0.12253584229390668
0.31654719235364387
0.11493428912783739
0.33452807646356014
0.11499402628434874
0.3131421744324968
0.10781063321385896
0.26762246117084815
0.10198626045400222
0.26367980884109904
0.11544205495818398
0.2611111111111109
0.1403076463560333
0.25334528076463536
0.16996714456391862
0.2481481481481478
0.20283751493428906
0.26487455197132603
0.22401433691756265
0.2316009557945042
0.2153076463560334
0.20704898446833891
0.20026881720430093
0.19653524492234153
0.19944743130226986
0.15400238948626044
0.18300477897252088
0.1221624850657109
0.17638888888888887
0.11851851851851829
0.19196535244922336
0.13972520908004768
0.18179510155316592
0.12293906810035823
0.15091099163679797
0.04557945041815999
0.14870071684587802
0.004420549581839846
0.17576164874551958
0.0
0.16578554360812417
0.03745519713261645
0.14577359617682192
0.0499402628434887
0.1487604540023895
0.07037037037037035
0.15861708482676218
0.15071684587813608
0.17377538829151723
0.22365591397849455
0.18805256869772985
0.3425328554360809
0.2048387096774193
0.3697729988052567
0.21008064516129027
0.37610513739546003
0.24262246117084818
0.347968936678614
0.23394563918757447
0.35752688172043
0.19087514934289124
0.35722819593787336
0.1181451612903225
0.25364396654719235
0.06087216248506565
0.3098566308243727
0.021684587813620048
0.33381123058542406
0.026000597371565085
0.2807048984468338
0.046296296296296245
0.26290322580645137
0.07843488649940254
0.27741935483870966
0.10231481481481487
0.28793309438470704
0.11512843488649933
0.3011947431302268