0000100000
0.22961431268542665
0.19221433066618746
0.24831430369504617
0.18466241121999408
0.2730153735503012
0.17441337768587575
0.29683988132698014
0.16506338218106623
0.3183044142767237
0.1615571338667627
0.33513890137552826
0.1499595432886811
0.3518834846714015
0.13692349186370584
0.36997662501123774
0.1322484941113006
0.38388923851478923
0.1302706104468221
0.39465521891576
0.1274835925559653
0.4035107435044501
0.13710329946956773
0.41070304773891936
0.17306482064191278
0.41317540231951827
0.20857682279960452
0.41432167580688667
0.24831430369504634
0.41591746830890963
0.2958734154454737
0.4194461925739459
0.33650993437022414
0.42319967634630945
0.37849501033893757
0.4262339296952261
0.4299199856153915
0.4290434235368156
0.4808055380742603
0.4289759956846175
0.5233300368605591
0.41888429380562814
0.5553357907039468
0.41000629326620486
0.5816776049626899
0.42284006113458616
0.605951631754023
0.40330845994785597
0.6247415265665732
0.3832374359435405
0.6329227726332818
0.3862042614402588
0.6354400791153461
0.3933516137732625
0.637148251371033
0.4027690371302706
0.6375078665827563
0.42857142857142855
0.6249213341724359
0.4396520722826577
0.6008271149869641
0.4482154095118225
0.5780814528454555
0.4344826036141327
0.5622583835296233
0.39831879888519306
0.555875213521532
0.4375618088645151
0.5408612784320778
0.48004135574934814
0.5198237885462552
0.4864694776589049
0.5063382181066258
0.4600827114986965
0.5054391800773171
0.44722646767958285
0.5111930234648928
0.43650543918007745
0.5050795648655939
0.40031915850040445
0.49429110851389024
0.40634271329677246
0.48017621145374445
0.41025352872426507
0.4541940124067248
0.39537444933920707
0.42155893194282135
0.36808864514969025
0.4030387485390631
0.3340375797896254
0.3873055830261621
0.3295648655938144
0.36195271059965844
0.3495459857951991
0.3338128202822982
0.33615031915850035
0.305223410950283
0.3391396206059519
0.2718691000629327
0.35089454283916216
0.23419940663490088
0.3321720758788095
0.20165422997392768
0.29052413917108727
0.17387395486829088
0.25977703856873147
0.14789175582127123
0.25577631933830786
0.12361772902993783
0.23539063202373467
0.10653600647307401
0.2393463993526925
0.11273936887530363
0.25685516497347843
0.052953339926279146
0.22871527465611802
0.10698552548772834
0.13613683358806095
0.20650903533219447
0.13964308190236446
0.1465431987773083
0.1651982378854627
0.2042614402589227
0.15859030837004404
0.24471815157781196
0.16369234918637057
0.3205969612514606
0.1980356019059609
0.32742965027420673
0.19198957115885995
0.2936258203722021
0.17778477029578363
0.3304863795738559
0.1817854895262069
0.3512541580508858
0.11388564236267197
0.31151667715544396
0.10168120111480704
0.11858311606580978
0.11213251820552013
0.022655758338577532
0.07776678953519725
0.0
0.10383889238514793
0.04513170907129383
0.10022026431718066
0.11309898408702691
0.17041265845545264
0.1781893374089722
0.1842353681560731
0.29272678234289323
0.16773802031825943
0.461296412838263
0.2019014654319877
0.6299559471365633
0.08889238514789165
0.7146453294974378
0.08682459768048195
0.7744313584464619
0.08372291647936715
0.657016991818754
0.09763552998291833
0.47127573496358927
0.16214150858581317
0.45410410860379374
0.2143531421379125
0.5250382091162459
0.2639126135035512
0.62644969882226
0.31807965476939687
0.6602535287242645
0.39312685426593547
0.7482693517935805
0.43169558572327626
0.9258293625820363
0.5286793131349453
1.0
0.5590667985255775
0.954149060505259
0.4942012047109592
0.7962779825586618