0000100000
0.5623469301579258
0.19964530022802118
0.5527404780001688
0.21053965036736752
0.5835444641499872
0.25943754750443376
0.625833966725783
0.4193058018748416
0.6493117135377081
0.47293302930495706
0.6003715902373108
0.4226838949413056
0.5677307659826026
0.4312135799341271
0.5593910987247697
0.3889029642766655
0.48617093150916296
0.4031754074824761
0.4855164259775357
0.6744362807195334
0.5600667173380626
0.7737522168735746
0.7415125411705091
0.6676800945866057
0.8183852715142302
0.7509500886749428
0.6918545730934885
1.0
0.553922810573431
0.9459505109365758
0.48234946372772575
0.5924330715311207
0.48503082509923107
0.47006165019846224
0.49626298454522394
0.47293302930495706
0.5697787349041463
0.5192973566421751
0.5504602651803056
0.6445401570813274
0.5038425808631027
0.7013765729245832
0.44343805421839333
0.7855755426061989
0.422134954818005
0.7847310193395823
0.4109661346170085
0.8738282239675699
0.4645933620471243
0.9143653407651373
0.5387425048560084
0.8689299890211973
0.5478422430537959
0.7330461954226839
0.4892745545139769
0.6235959800692508
0.4015285871125748
0.5904906680179037
0.35465754581538694
0.552909382653492
0.2955409171522675
0.49970441685668454
0.24294823072375646
0.45671818258593017
0.2501266784899924
0.4472595219998309
0.2589519466261295
0.4280888438476478
0.3221222869690059
0.38763617937674183
0.34838696056076335
0.44337471497339725
0.3068575289249218
0.37488387805084017
0.2901148551642597
0.22253188075331462
0.3651296343214254
0.19525377924161785
0.4826239337893759
0.3405117810995692
0.5515581454269063
0.2962587619288908
0.5458576133772485
0.21442445739380125
0.5124144920192549
0.2560594544379693
0.5249345494468374
0.36035807786504503
0.5247234186301829
0.4065535005489399
0.5708343889874166
0.3452411113926189
0.6321678912254031
0.3291107170002534
0.6648298285617766
0.26264673591757454
0.6500295583143311
0.21096191200067552
0.674816316189511
0.18900430706865967
0.6461869774512286
0.11054809560003372
0.6356515497001941
0.054133941390085386
0.6371928046617684
0.054556203023393306
0.6099569293134024
0.0
0.6118782197449538
0.0053204965796807635
0.5994215015623677
0.012921205979224712
0.5558441010049823
0.03285195507136225
0.5562030233932943
0.21189088759395294
0.5112954986909888
0.2988767840554007
0.46849928215522313
0.3243813867072037
0.43416941136728276
0.542183937167469
0.42519635165948816
0.6043408495904063
0.4065957267122709
0.553922810573431
0.3867705430284604
0.5446330546406551
0.3680854657545814
0.4629676547588882
0.3914365340765138
0.48053373870450056
0.37699518621738015
0.44937083016637097
0.364939616586437
0.43028460434084936
0.424879655434507
0.4508065197196183
0.5010556540832697
0.4285955578076171
0.5104509754243729
0.4046955493623849
0.4471328435098386
0.445570475466599
0.43685077273878886
0.5246178532218557
0.429735664217549
0.5536694535934464
0.42236719871632455
0.5912507389578578
0.392344396588126
0.6645553585001261
0.3352968499282154
0.7181825859302423
0.24575627058525462
0.6791656110125834
0.24366607550037975
0.5820454353517438
0.21488894519043988
0.3708301663710835
0.2744278354868675
0.20445908284773237
0.40676463136559393
0.029558314331559643
0.5291571657799172
0.036990119077780624
0.5696520564141542
0.057427582129887605
0.49731863862849407
0.0658728147960477
0.5355544295245332
0.14517354953128972
0.5989992399290599
0.25361033696478336
0.6453002280212818
0.3036061143484501
0.7258677476564478
0.3744616164175323
0.757558483236213
0.46018072797905585