0000100000
0.6738854513723628
0.6190702839917501
0.6896517531334287
0.582976360463272
0.7237426622243376
0.5083293669681107
0.7468864033000162
0.4285260986831668
0.7359194034586708
0.4120260193558625
0.6985364112327466
0.4183722037125182
0.6404489925432335
0.43003331746787277
0.5909090909090913
0.4565286371569096
0.5713945740123755
0.4808821196255753
0.5703236554021897
0.49087735998730764
0.5477748691099475
0.5140409328891002
0.5226876090750439
0.5399809614469302
0.48147707440901205
0.5281611930826594
0.422774869109948
0.4646200222116451
0.3815246707916869
0.43725210217356847
0.36899095668729204
0.4582738378549897
0.36458829128986225
0.5180866254164689
0.3757932730445822
0.5636204981754718
0.416666666666667
0.620656830080914
0.46684118673647484
0.6819768364270986
0.5229255909884186
0.7056163731556402
0.5733380929716012
0.7083928288116768
0.5794462954148821
0.6962557512295731
0.5548349992067273
0.6964144058384899
0.5384539108361102
0.705378391242266
0.5158257972394101
0.717198159606537
0.5258210376011424
0.7448833888624465
0.5368673647469462
0.7710613993336507
0.5535260986831672
0.7049817547199752
0.5452760590195148
0.6394574012375065
0.46136760272885946
0.6078058067586867
0.4243217515468828
0.6314453434872288
0.46055449785816294
0.7595589401872128
0.4884975408535621
0.9409011581786452
0.5231834047279075
1.0
0.5038275424401082
0.8622084721561163
0.4514516896715853
0.6098683166745997
0.42902189433603066
0.44597810566396956
0.4231120101538953
0.6222433761700777
0.4409804854831035
0.7508329366968115
0.48244883388862475
0.7402030778994133
0.4450460098365861
0.6682532127558308
0.38588767253688744
0.4628748215135653
0.358579247977154
0.21981596065365694
0.38124702522608306
0.27986673012851027
0.3817626527050613
0.42011740441059847
0.37821275583055697
0.5141202601935585
0.32161272409963537
0.5566396953831512
0.21333095351419984
0.5669522449627161
0.16248215135649705
0.48175471997461555
0.1747183880691737
0.24996033634777082
0.18554656512771708
0.053625257813739516
0.22556719022687619
0.0
0.22715373631604022
0.013485641757893343
0.1677574171029669
0.09162303664921487
0.06516738061240702
0.2026019355862292
0.025503728383309658
0.30874186895129335
0.04963906076471546
0.4631128034269396
0.05350626685705244
0.5399016341424723
0.09315008726003511
0.5514834205933686
0.14641837220371268
0.637632873234968
0.18219498651435836
0.46446136760272877
0.2122402030778995
0.34039346343011306
0.26380295097572604
0.3033476122481361
0.3479097255275267
0.307789941297795
0.28861256544502634
0.2953355544978585
0.20916627003014462
0.3251626209741393
0.2848643503093767
0.36300174520069833
0.35647707440901183
0.38489608123116004
0.3622084721561164
0.4829446295414885
0.40072187847056995
0.6431857845470415
0.45627082341742076
0.7348881485007145
0.47132317943836255
0.7962081548468987
0.4962121212121215
0.8229414564493103
0.5281611930826594
0.8745835316515952
0.6071513564969068
0.8678407107726478
0.671148659368555
0.8353165159447886
0.6887394891321595
0.8798191337458351
0.6813620498175477
0.8653022370299855
0.6612922417896243
0.8736316039980959
0.6597056957004606
0.8674440742503574
0.6743614151991119
0.784943677613835
0.6428288116769794
0.8150880533079489
0.530759162303665
0.846898302395685
0.4318380136442967
0.8933841028081869
0.4557155322862131
0.8918768840234806
0.5516024115500557
0.9014754878629222
0.5534071077264798
0.8370617166428692
0.4862565445026181
0.8506266857052202
0.426721402506743
0.8995716325559259