0000100000
0.993515060001589
0.993515060001589
0.993515060001589
0.993515060001589
0.993515060001589
0.993515060001589
0.993515060001589
0.993515060001589
0.993515060001589
0.993515060001589
0.993515060001589
0.993515060001589
0.993515060001589
0.993515060001589
0.993515060001589
0.993515060001589
0.993515060001589
0.993515060001589
0.9936263212270522
1.0
0.9953747119128984
0.9367400460939361
0.9507907494238256
0.6939998410553924
0.8788842088532146
0.5393785265834857
0.8294047524437731
0.46950647699276776
0.7905110069140903
0.4826670905189536
0.7542557418739567
0.47796233012795025
0.7091313677183501
0.45971548915203025
0.6672017801796073
0.462067869347532
0.6489708336644678
0.4442024954303423
0.6446952237145355
0.4083445919097195
0.6293093856790908
0.39384884367797807
0.6090916315663989
0.3936581101486132
0.5858062465230864
0.4007788285782403
0.5474052292775966
0.39136930779623275
0.49992847492648784
0.42112373837717537
0.4818723674799331
0.4459190971946276
0.4545974727807358
0.4108241277914647
0.4260351267583245
0.3987443375983468
0.40680282921401884
0.3932130652467612
0.39335611539378523
0.4246840975919891
0.3560200270205832
0.4040848764205675
0.3378844472701263
0.3714694428991496
0.34255741873956913
0.35296829055074286
0.31706270364777855
0.3876182150520544
0.288404990860685
0.4697607883652543
0.25904792179925296
0.5156639910991018
0.208249225145037
0.49315743463403
0.1886513550027815
0.5065087816895808
0.16169434951919243
0.5238655328617977
0.1346101883493602
0.5329571644281969
0.13136771835015487
0.5630930620678694
0.1053484860526106
0.593991893825002
0.08144321703886186
0.6000953667646826
0.08400222522450922
0.7161249304617338
0.10339346737661918
0.9200826511960574
0.09447667487880468
0.9223078757053166
0.06629579591512351
0.8623539696415794
0.04604625288087091
0.8027179527934513
0.02662322180720016
0.7444170706508783
0.019772709210839998
0.6975602002702055
0.008710164507669068
0.6679329253755067
0.005451800047683434
0.6509576412620202
0.0
0.6405308749900659
0.011666534212826816
0.6236191687197011
0.02355559087657943
0.5959628069617738
0.04553763013589764
0.5593419693236907
0.07297146944289912
0.5743463403004049
0.10565048080743854
0.5890963999046332
0.13081141222284023
0.6081061749980132
0.14762775172852255
0.6166891838194385
0.16870380672335678
0.6070253516649443
0.19507271715807037
0.6233012795040928
0.22217277278868305
0.673654931256457
0.2505284908209489
0.7105300802670268
0.29501708654533876
0.7254072955574983
0.33262338075180803
0.7047444965429547
0.38102201382818085
0.7372963522212505
0.42983390288484463
0.7896209171103866
0.47996503218628306
0.8115552729873639
0.5253437177143764
0.8366049431773024
0.5680044504490186
0.8703012000317891
0.6043709767146149
0.9118175315902409
0.6466979257728681
0.9642056743224986
0.7278868314392433
0.9891281888261938
0.820011126122546
0.9935786378447111
0.8921719780656437
0.993515060001589
0.9390129539855356
0.993515060001589
0.9647619804498133
0.993515060001589
0.9871413812286416
0.993515060001589
0.9929905427958354
0.993515060001589
0.9935786378447109
0.993515060001589
0.993515060001589
0.993515060001589
0.993515060001589
0.993515060001589
0.993515060001589
0.993515060001589
0.993515060001589
0.993515060001589
0.993515060001589
0.993515060001589
0.993515060001589
0.993515060001589
0.993515060001589
0.993515060001589
0.993515060001589
0.993515060001589
0.993515060001589
0.993515060001589