0000100000
1.0
0.5988457822748767
0.869298825443637
0.6107438856968527
0.8164692123862312
0.578405450755072
0.8458331214725175
0.5414908221894545
0.8967559871866579
0.5823714852290638
0.8948492398433923
0.5849138150200843
0.8443839934916355
0.5363044694157724
0.8144607718513247
0.5304062643006052
0.7488686632429958
0.5302028779173236
0.690471347943255
0.48840697615294676
0.635862104032135
0.45820409823562264
0.5953882137590887
0.47355977017338635
0.585854477042762
0.4732546905984641
0.5904560939645094
0.7244368739512893
0.6055321096252603
0.5489144251792344
0.6285147709360861
0.5369146285656177
0.6545736512940459
0.5484059592210304
0.6571414043829765
0.5861341333197744
0.7108354095693293
0.6238623074185186
0.6734631616413282
0.6185742614531959
0.6302181318960695
0.4832206233792648
0.5542278944424672
0.42901815223470796
0.5652107591396756
0.5008135455331267
0.599964407382926
0.5368129353739769
0.6709716784461278
0.4611532007932073
0.6903950780495249
0.4843392484873138
0.5679310520160674
0.5470839477296993
0.5691767936136677
0.6181674886866325
0.5979305435501094
0.6219301367773422
0.5497788173081813
0.6200996593278081
0.4913306554126201
0.6522347078863072
0.47144963644683974
0.6708445619565772
0.4523058931204558
0.627421569125947
0.39937458687140925
0.6228453755021104
0.3458331214725174
0.5896933950272029
0.33429094422128436
0.5803376213962477
0.3598413586210401
0.5930492703513499
0.374942797579702
0.6167437840036606
0.3942899272893679
0.5451517770885239
0.4578481720648805
0.48657649870341163
0.4593989932374028
0.3543753495703459
0.4590684903645699
0.3161387095133979
0.47236487517160763
0.29163065032796076
0.5128387654446535
0.2679361366756498
0.5439060354909239
0.23091981491839114
0.545685666344638
0.3297655971932681
0.5633040117964103
0.26132607921899637
0.5840748461890477
0.20122540295927221
0.6124726699547466
0.09587125641938261
0.6139726445314485
0.08743072151319423
0.5632023186047695
0.05031270656429565
0.5562871815731938
0.0678039355265166
0.53968576803783
0.09709157471907226
0.546499211877765
0.08529516448873757
0.5597701733868917
0.08722733512991296
0.5726852087252757
0.07441399298316988
0.5380078303757565
0.09343061982000295
0.46905984644328086
0.04543143336553613
0.4403823664005697
0.068820867442925
0.4004169420857275
0.05997355977017369
0.44874663141302695
0.06485483296893266
0.517592922153862
0.05692276402094892
0.6045660243046731
0.051126252097422206
0.6448873747902578
0.019804749072049606
0.629531702852494
0.04990593379773255
0.5685920577617328
0.021330146946662267
0.5206691412009969
0.06871917425128381
0.48609345604311793
0.07390552702496542
0.4001627091066252
0.08661717598006805
0.3390705242284029
0.11336248538160339
0.3035287537499365
0.10766766664971787
0.2750800833884172
0.15963288757817665
0.27558854934662147
0.19136116337011252
0.26552092337418015
0.2176997000050848
0.1824630091015408
0.2176997000050846
0.24291961153200803
0.2204454161793871
0.3015711598108507
0.24902120303045722
0.3192149285605329
0.25034321452178787
0.26963949763563316
0.21627599532211314
0.22329282554532967
0.2109879493567907
0.1704377891900139
0.20834392637412938
0.14712462500635584
0.18881883357909168
0.17470890323892815
0.18790359485432467
0.1902171149641531
0.20285249402552513
0.08310876086846014
0.17681903696547477
0.01675395332282502
0.14366705649056816
0.0
0.15037880713886206
0.03335536685818899
0.1535312960797271
0.1980220674225864
0.14417552244877208
0.23816545482279952
0.11671836070575062