0000100000
1.0
0.47229033241842017
0.9943153400426963
0.4655077767612078
0.9853613906678873
0.5242573955474231
0.9606099420555051
0.5853491918267764
0.9138151875571825
0.6318511741384568
0.8321561451662093
0.663568161024703
0.7778347057029584
0.6215553522415375
0.7333211344922234
0.5703202195791403
0.7225007624275699
0.5938883806038426
0.7144739249771277
0.6000365965233306
0.7159011893870083
0.5703202195791403
0.7042512961268682
0.5020555047270511
0.7098383653552915
0.46067703568161034
0.6865873741994512
0.4449649283318088
0.6745959133882284
0.4681427264409882
0.6911619396157367
0.5737846904544068
0.7101189387008235
0.6220921012503812
0.7147666971637695
0.6116498932601403
0.7009576090271425
0.608819762122598
0.681146691064349
0.6667886550777676
0.6809881061299178
0.6930893565111316
0.7449100335468133
0.6830863068008539
0.8275571820677037
0.7168526989935957
0.8435864592863679
0.6641537053979873
0.8732540408661178
0.7135346142116499
0.867862153095456
0.8303507166819153
0.814309240622141
0.9253552912473312
0.7935102165294298
0.9287709667581581
0.760341567551083
0.8771942665446787
0.7247819457151573
0.7885818847209519
0.7072400121988413
0.6309240622140898
0.7087648673376032
0.4775602317779813
0.7067276608722173
0.36137846904544096
0.6906861848124431
0.2745715157060081
0.6831107044830742
0.21060079292467201
0.6899420555047273
0.19562061604147618
0.6705458981396769
0.22099420555047292
0.663592558706923
0.30667886550777673
0.6684842939920711
0.3007746264104911
0.6852942970417811
0.2589082037206466
0.6928453796889299
0.3095089966453187
0.6882342177493139
0.43701128392802707
0.6555779200975909
0.5882769136931993
0.6181518755718208
0.7057273559011895
0.48752668496492835
0.683964623360781
0.46777676120768535
0.6817688319609638
0.518145776151266
0.7393961573650506
0.5221469960353768
0.6535651113144253
0.5230985056419641
0.49868862458066504
0.5412503812137848
0.25476059774321447
0.5574626410491006
0.29609027142421485
0.5793351631595001
0.3455199756023179
0.5866056724611162
0.3084842939920709
0.5995364440378166
0.33844464775846295
0.619969502897225
0.24261055199756032
0.64901494358036
0.22314120158584946
0.697663921927417
0.05670021347971939
0.6511131442512963
0.0
0.6227508386703265
0.11271729185727365
0.6298505641964015
0.25017383348581873
0.6948459896309853
0.37391887770661797
0.8075754803293689
0.3447880451357122
0.8837572430619092
0.2606648368405001
0.9437145471180242
0.22226288502592265
0.9437755413235747
0.47311985361390685
0.9343824336688019
0.6319975602317783
0.9319060689234526
0.7391033851784085
0.9449588289112538
0.8158096980786826
0.9568648978347061
0.8923696248856363
0.9724672156145163
0.9689783470570296
0.9832875876791708
0.9557060079292468
0.9872644098810617
0.8955413235742605
0.9906068923452276
0.8523086306800854
0.9792375724306195
0.793656602622751
0.9603781640744133
0.747984141506557
0.9662824031716991
0.7291979261970112
0.9557426044525774
0.7492040256175666
0.9192192741689543
0.8081000304971032
0.896114669106435
0.8178103080207382
0.8815736505032027
0.780384263494968
0.8614943580359867
0.7260262275083872
0.8332540408661179
0.6679597438243372
0.8109179627935348
0.6363403476669717
0.8081610247026537
0.5921317474839889
0.7766392192741692
0.5357731015553526
0.7912290332418421
0.4824397682220191
0.8011954864287898
0.47043610856968615
0.8009637084476976
0.4915157060079293
0.8164562366575177
0.5333821286977738
0.8137358950899666
0.587642573955474