0000100000
0.7453905630452026
0.7269528152260113
0.7784248612212534
0.7421689135606663
0.7979530134813643
0.7001387787470265
0.7960943695479781
0.599871134020619
0.7743854084060274
0.4478588421887392
0.740471352101507
0.24316019032513891
0.7089487509912771
0.06468080888183989
0.6912668517049964
0.004956383822363246
0.6815151665344967
0.0
0.670152656621729
0.02542624900872329
0.6546763481364001
0.11166732751784303
0.62718080888184
0.23146312450436177
0.606859635210151
0.3670202220459955
0.5789923671689138
0.49375495638382255
0.5391802141157813
0.6132038065027758
0.5298374306106266
0.6993457573354483
0.5375198255352897
0.7482652656621733
0.5256740681998416
0.7846946867565427
0.4995787073750994
0.8108148295003966
0.5067282910388583
0.8181998413957181
0.5103836241078512
0.8110130848532913
0.4809550951625695
0.7923770816812059
0.469865186360032
0.7634813639968282
0.47860081284694705
0.7256641554321972
0.4673622125297385
0.6772402854877083
0.46381839809674874
0.6291633624107853
0.44261746629659016
0.5825733544805709
0.41183832275971466
0.561062648691515
0.38288065027755763
0.5689432989690726
0.371121629659001
0.5867367168913564
0.35871827914353693
0.6159793814432993
0.33921490880253774
0.6542922283901665
0.3109635210150675
0.6854678826328312
0.30201724821570186
0.7162470261697071
0.32186756542426653
0.7259119746233148
0.3599202022204601
0.7122323552735927
0.36540939730372746
0.685120935765266
0.39888977002379095
0.6585547184773991
0.41354827517842996
0.6472045995241875
0.41929768041237137
0.645668120539255
0.42297779540047614
0.6466098334655036
0.42751288659793835
0.6484932593180017
0.40321421490880266
0.6429421094369552
0.37636300555115004
0.6277260111023002
0.38782464314036497
0.6108247422680415
0.37123314829500403
0.5970459952418721
0.3767966891356068
0.5764274385408409
0.4276120142743856
0.561062648691515
0.4689110824742271
0.5866871530531328
0.4766182593180018
0.6665344964314038
0.49514274385408424
0.7620440126883429
0.5025525376685174
0.8510111022997625
0.4677215503568598
0.9257533703409998
0.47135210150674095
0.9808683584456785
0.5709382434575735
1.0
0.6535363798572563
0.976358049167328
0.6614665939730376
0.8779738302934181
0.690944686756543
0.8661776367961938
0.7369894924662967
0.9102894528152264
0.7215751387787473
0.7425654242664551
0.6299811657414754
0.583564631245044
0.5085993259318005
0.583564631245044
0.46576377874702635
0.6355570975416339
0.4594691712926252
0.5848532910388583
0.4792947065820779
0.5625991276764475
0.506914155432197
0.5842585249801748
0.5006443298969074
0.5954599524187157
0.5106190523394135
0.5934278350515465
0.6366475019825537
0.5753370340999209
0.7328633029341796
0.5355372720063443
0.7125793021411583
0.4723929421094372
0.6461265860428234
0.3874900872323555
0.6221872521808092
0.30199246629659005
0.6187549563838227
0.24806701030927858
0.6574767049960353
0.22184773988897707
0.6826303528945286
0.20568992862807303
0.6008004559873119
0.23067010309278366
0.5835770222046
0.2488104678826327
0.5655977398889771
0.28038263283108666
0.5720534298176051
0.2685368754956385
0.6034397303727203
0.19220856463124514
0.6174662965900082
0.15206185567010302
0.640525872323553
0.17828112609040445
0.6746010111023001
0.19870142743854094
0.6989244647105475
0.20583862014274393
0.7012415741475023
0.20048572561459174
0.701687648691515
0.18859040444091987
0.714760111022998
0.16623711340206188
0.7182915344964317
0.13099722442505957
0.7214016653449649
0.10725614591593984