0000100000
0.2315387475075195
0.18165534489168245
0.2151644192098414
0.19814796039068563
0.19806346953259654
0.22079151035857889
0.1736456115448307
0.2354591233228564
0.1474703437088106
0.24255635540234532
0.12068674169454852
0.251884146135388
0.09174017371320407
0.2612119368684309
0.06112068674169454
0.2601304538848895
0.03224171144682142
0.25986008313900405
0.01775997837034031
0.2665517590996651
0.007181722937578084
0.27979992564804484
0.0
0.2757443644597654
0.017100949677244903
0.27871844266450363
0.019331508330798587
0.27540640102740876
0.031819257156375645
0.264591571191997
0.061678326405082966
0.23809523809523803
0.07582209604920745
0.2079488999290277
0.08621447159417342
0.20842204873432685
0.10853695630132813
0.20855723410726953
0.12401568150326134
0.19226739666768047
0.13185643313393478
0.20416370948663332
0.14081246409138523
0.2156544661867585
0.1342728716752847
0.22498225691980123
0.14578052654702758
0.2533711852377571
0.16786643685153255
0.2905471627969853
0.17587617019838447
0.30582310993950457
0.17585927202676668
0.3379296360133833
0.18986785629794842
0.41890567440602905
0.19285883267430462
0.4997465274257326
0.19439656629152716
0.5819392341748619
0.1868768799215924
0.6608874919733685
0.19203082226503082
0.7310487005306026
0.21418432525600725
0.7976274967048562
0.23861908141539065
0.8210821589104056
0.252796647402751
0.8014126871472509
0.25987698131062215
0.7832302544864643
0.2725675081956132
0.7947210111865896
0.27425732535739616
0.8286525397951942
0.2874716955625402
0.8773868667410181
0.2967149954374936
0.9311230524857211
0.308053668593058
0.9780323768968195
0.3134441853391462
0.963364763932542
0.2989117577478117
0.9048294974483762
0.2810503903477642
0.8481192334989354
0.2751360302815235
0.8580553584102202
0.2595728142215012
0.8921896650782382
0.23997093514481732
0.915711919970259
0.21810470107134403
0.9378147284463819
0.19733684815302963
1.0
0.16060022305586524
0.9607962418466315
0.15052891277163807
0.9538341951400859
0.17766737638987448
0.9040183852107201
0.16646388860725264
0.7903274865659534
0.21774983946736964
0.7991821284936965
0.27484876136402037
0.8220284565210046
0.30002703707458844
0.8756970495792352
0.2982020345398628
0.9017878265571668
0.3181925715637567
0.9311906451721924
0.31910507283111966
0.8808340937510558
0.3197978978674506
0.8586636925884619
0.3384534793335361
0.8035080604278614
0.34533103518199315
0.742607049917199
0.34975835614586487
0.6505458109432559
0.37537598431849667
0.6976579134137686
0.3663016661597215
0.7393626009665752
0.32752036229679937
0.764777451079793
0.33502315049511644
0.7997228699854678
0.3641218020210212
0.8250025347257421
0.35705836628476795
0.8247321639798568
0.37301024029200025
0.7463246476731217
0.39687045861637754
0.6712967656899523
0.4360911149413631
0.5895772077461217
0.44695663929162865
0.45128257122579335
0.45865017405116765
0.36287133732130145
0.5074520936834632
0.31596201291020315
0.5004055561188279
0.30683700023657445
0.49580925343877774
0.34299908749873237
0.49128054344519906
0.42607049917198936
0.5001858798877961
0.514346547703538
0.4675048159789111
0.5468586298962449
0.4847409510290985
0.5628105039034775
0.5249417013079184
0.49582615161039534
0.5422116327013417
0.5495623373550982
0.5020277805941395
0.44533441481631675
0.43898070228801245
0.32218054006556457
0.34832201155834924
0.34874446584879526
0.22594545270201757
0.3876102605698063
0.15372266720740818
0.40714454696001884
0.14049139883064649
0.41748622799013163
0.16423332995369896
0.37855284058264904