0000100000
0.6221079691516708
0.36743397990184623
0.6212315961673286
0.36018929656461746
0.6183103528861886
0.3545805094648278
0.6200046739892501
0.3412596401028278
0.6238607151203546
0.32747137181584396
0.6333255433512506
0.3150853003038093
0.6410960504790832
0.30082963309184435
0.6516709511568122
0.28236737555503627
0.6675040897405938
0.2716172002804394
0.6858494975461559
0.2608670250058425
0.7065318999766302
0.2475461556438425
0.7894367842953962
0.2454428604814201
0.7890862351016594
0.233056788969385
0.773778920308483
0.23071979434447265
0.7822505258237903
0.2227740126197704
0.7831268988081329
0.22277401261977103
0.8330217340500118
0.21108903949520902
0.9139985978032251
0.19963776583313847
0.923813975227857
0.18865389109605016
0.8410259406403366
0.1797733115213836
0.8381046973591966
0.16925683570927796
0.9179130637999533
0.15219677494741732
0.9913531198878247
0.14214769806029415
1.0
0.13981070343538202
0.9084482355690586
0.14378359429773302
0.9017293760224356
0.1545337695723301
0.9705538677261046
0.16458284645945304
0.9811287684038331
0.17953961205889235
0.9904767469034821
0.1900560878709978
0.9138817480719795
0.2026758588455243
0.8503739191399861
0.21132273895770068
0.8617667679364343
0.2349263846693149
0.8511334423930826
0.2505842486562273
0.8582612759990649
0.26600841318065016
0.8176559943912131
0.2891446599672821
0.784645945314326
0.31017761159149293
0.8174222949287218
0.3384552465529325
0.8766651086702506
0.36860247721430284
0.8068473942509934
0.39851600841317975
0.7030264080392613
0.42749474176209346
0.6387590558541714
0.4471254966113573
0.5934797849964943
0.46582145361065663
0.5489600373919142
0.4894250993222719
0.49637765833138575
0.5071862584716046
0.4522084599205421
0.5202734283711142
0.4207758822154713
0.5261159149333959
0.44700864688011255
0.5345290955830796
0.4947417620939471
0.5378008880579578
0.5279855106333254
0.5331268988081326
0.5012853470437021
0.5408389810703438
0.47557840616966573
0.5284529095583087
0.48773077821921
0.5146646412713254
0.5043818649217106
0.49783827997195595
0.4526758588455246
0.4831152138350081
0.5014606216405701
0.4714302407104454
0.4575251226922173
0.45320168263612987
0.4658798784762798
0.43684272026174376
0.46663940172937596
0.4288969385370405
0.3912713250759527
0.408331385837813
0.30971021266651044
0.3854288385136714
0.3202266884786169
0.3695372750642673
0.4555971021266646
0.34827062397756486
0.517527459686843
0.3356508530030381
0.5612292591727042
0.3213951857910727
0.5839565318999764
0.29615564384201876
0.5041481654592194
0.2842369712549653
0.34657630287450336
0.2816662771675621
0.37993690114512735
0.2840032717924749
0.35808600140219676
0.2984926384669307
0.2842369712549657
0.3073732180415977
0.3017060060761865
0.31017761159149293
0.2814325777050713
0.30386772610422913
0.17258705304977787
0.2977915400794574
0.13373451741061007
0.28680766534236934
0.12222481888291607
0.27372049544285965
0.18088338396821696
0.2671769104931055
0.1812923580275762
0.2625029212432799
0.1857910726805325
0.26624211264314096
0.14676326244449608
0.2716172002804394
0.07419957934096705
0.28283477448001787
0.0
0.28704136480486053
0.06374152839448423
0.30900911427903716
0.12286749240476717
0.328639869128301
0.16867258705304966
0.5574316429072216
0.1540663706473472
0.7502336994624914
0.0887473708810467
0.5342953961205884
0.03242580042065859
0.42469034821219903
0.054335125029212186
0.4457232998364103
0.045279270857676995
0.4714302407104454
0.029387707408272942
0.5020448702967982