0000100000
0.7151340784183545
0.46195271292095474
0.7006381173693332
0.4554608830364059
0.6884474936372688
0.444985430268157
0.6828409132824316
0.43952639150160444
0.6905315185717972
0.4443952639150158
0.6909188152410458
0.444026409944303
0.6875438014090219
0.44653461694515145
0.68450075615064
0.4511084061819923
0.6827302570912177
0.4476411788572906
0.6977426136992365
0.4477887204455754
0.7068717494743831
0.44867396997528686
0.6944413706613553
0.4393788499133195
0.6934639076389658
0.43229685367563014
0.6873593744236658
0.4319279997049169
0.6709453727269372
0.42742798126221837
0.6635314079156063
0.4148869462579764
0.6681605252480544
0.39445243628047616
0.665744531739884
0.37637859171553983
0.6786359780163032
0.3782966323632474
0.7210726273468334
0.43023127143963713
0.7744457969090037
0.5422891077422448
0.8307329128398067
0.7111504555346542
0.8805281988860612
0.8661428940282535
0.9218398436059165
0.9360776068754381
0.9540039098520896
0.9462579764671162
0.9516616871380621
0.9135775146619455
0.9379587621260743
0.8857659252701856
0.944911659474014
0.8629707498801226
1.0
0.8101508612740218
0.970583895835639
0.7366751503079926
0.8900999594260628
0.6803142635830476
0.8243886245435431
0.635904245509203
0.7517059496145476
0.5903138947290768
0.7424292722511158
0.533953008004131
0.7732101361071154
0.4691084799527865
0.7724539854671538
0.4024934528420198
0.7220132049721516
0.3936409575449081
0.6767363800671315
0.5758548190771274
0.6390763896573345
0.5583711408653314
0.6068938807126258
0.4996495887278228
0.588229869794548
0.4201984434362437
0.5730884142967798
0.38486223304193856
0.5450555125225924
0.3852310870126514
0.5418095975803179
0.4466821585334364
0.5566190845044445
0.4402640994430302
0.5104385673711779
0.3900261886319206
0.4786064696986462
0.34967356423591905
0.4312640625576335
0.3107225849286267
0.33147062078123274
0.284755265390432
0.3219541883368375
0.28165689203644273
0.3420567297406957
0.23208291837261602
0.3397513924237395
0.1681236398509828
0.2634908339788276
0.12268083065914191
0.24106451255947783
0.08269706023385333
0.12935708752904723
0.05554940798937681
0.11135701375825312
0.038508354542436674
0.1163180996643429
0.031131275128176854
0.13086938880897064
0.03489358562944933
0.15469735531702997
0.057762531813654774
0.18267492899561058
0.07377079414259886
0.20475083914278328
0.08837741138283343
0.22765667072406037
0.11205783630260795
0.2623842720666889
0.10689388071262576
0.31513038987864683
0.07303308620117314
0.3689830696027444
0.04477887204455758
0.415292685625761
0.038877208513149734
0.45772933495629087
0.029950942421895208
0.49583195013094306
0.021909925860351998
0.5269632252591202
0.008926266091254463
0.5541108775035966
0.0025082070008484287
0.5762605584449115
0.0
0.5939471063405998
0.01195086865110115
0.6018221386153222
0.019991885212644292
0.6111725867728968
0.0348935856294494
0.6269779794179484
0.04485264283870031
0.6438899339751394
0.03600014754158838
0.6627568145771088
0.019327948065360902
0.6797056545313709
0.12607428718970146
0.6926708716019329
0.3302718453764155
0.70777544170263
0.4117885729039871
0.7208882003614766
0.45383792556526875
0.732728412821364
0.49758400649183016
0.7436464903544687
0.4450592010622996
0.7470215041864926
0.3820589428645202
0.73757884253624
0.31463243701818416
0.7180849101840578
0.28667330603813934
0.716830806683634
0.31868983069602763
0.7396444247722327
0.5096824167312161
0.6666482239681308
0.4058869093725794
0.5414960717052119
0.2975913835712442