0000100000
0.44545424281767043
0.5275475215553114
0.46030160790971714
0.5899996670994375
0.4825726555477879
0.5957255567761909
0.4214854023103297
0.43047371750058216
0.4058390758680384
0.26961616565132007
0.4432570991044973
0.13312693498452
0.45717234262125883
0.047771230733380014
0.5193581677153034
0.22873597656380004
0.6193947867771895
0.4918605812443821
0.7029861180465395
0.4918605812443821
0.7566163986817138
0.33073670894503815
0.7459302906221912
0.21701787676021164
0.6774526448949699
0.2670861213755451
0.5787476280834911
0.32501081926828473
0.4448550218049869
0.33792736109724053
0.35850061586604093
0.37707646725922966
0.39212357268883796
0.3902593295382669
0.4403608642098603
0.33393255434601676
0.5410965744532106
0.2244748493624952
0.6572455807450316
0.11168813875295462
0.6714937248243951
0.09317886747228593
0.6050800625853059
0.08305869036918664
0.565032124904291
0.035919970704750455
0.616898032557675
0.050434435234195496
0.7077465960917472
0.10795965245181266
0.714837378075169
0.15123672559006635
0.6640367522221111
0.2598954692233427
0.5945936948633442
0.36083091980425447
0.5633010419787609
0.397449981690469
0.5518159725689938
0.45417623755784126
0.5050767335796797
0.6728253270748026
0.5034455208229301
0.9768301208429038
0.5721894870002332
1.0
0.6524851026998234
0.9083857651719425
0.6711275342055326
0.8998635107693328
0.6637371417157696
0.8027897067146046
0.7763906921002699
0.6998568527580814
0.7970305269815906
0.6716268850494356
0.7283531409168079
0.655780818269583
0.7595126335763505
0.581211092246746
0.7278870801291655
0.4848030893172207
0.6621392190152805
0.45604048070841247
0.6864409600852226
0.5182263058024565
0.6502213788741303
0.6274176903358968
0.6995572422517394
0.7026532174839376
0.7105096707613434
0.569093511768035
0.5870701421485404
0.27347781217750256
0.6010852558340822
0.05309763973501098
0.5551782682512733
0.1380538633110291
0.42920869536269524
0.3555045108026234
0.36562468790572245
0.5452578314857347
0.38130430440427454
0.5677619095176273
0.36499217683677876
0.46456273511102214
0.3183528080162456
0.47015546456273466
0.33726155997203616
0.6564466193947869
0.3939878158394089
0.7367422350943771
0.44438896101734415
0.6619061886214589
0.4272445820433435
0.5469889144112653
0.4441892206797828
0.4094344019441394
0.29035587070142155
0.2732114917274211
0.2758414061719764
0.26655348047538213
0.28529578214987195
0.34924598022570663
0.30467059489330517
0.4055727554179566
0.35427277872099605
0.43540064582709154
0.3908918406072106
0.5276806817803522
0.2806351742734445
0.568827191317953
0.2561004028096807
0.4773461167149375
0.3324677918705683
0.4487166683311695
0.3262425513499118
0.6250208062851625
0.3155231532341289
0.7374080362195812
0.29854522454142957
0.6244881653849996
0.19517959985352382
0.41342920869536254
0.1849928426379041
0.47068810546289824
0.2304004793768103
0.6898698358800229
0.24841039981357568
0.7705649322547354
0.31662172509071534
0.6623056692965812
0.29961050634175557
0.508372449149439
0.19201704450880516
0.4231499051233397
0.28962348946369737
0.32194813409234657
0.3224474849362496
0.25843070674789453
0.2315989214021772
0.30650154798761614
0.13256100402809692
0.38653084323712505
0.09707380405472876
0.3439195712240753
0.17543859649122814
0.33047038849495675
0.23819035254169604
0.32980458736975293
0.16918006591431123
0.3010419787609443
0.019274942574652933
0.3043709843869637
0.0
0.2650887179999334
0.12353939878158395
0.21182462798362145
0.2449815240187756
0.21035986550817276