0000100000
0.502036258539149
0.06516027325275875
0.44206516027325293
0.03074093536521292
0.33792038885969544
0.022858644245927585
0.3770034156594855
0.08315817130846026
0.4460391487125593
0.11481870730425647
0.4767143983184449
0.09905412506568569
0.3565423016290073
0.19929059379926453
0.31174461376773566
0.2990015764582239
0.3343733578560173
0.3631108775617451
0.32970966894377346
0.42157120336311127
0.2790331056227015
0.504072517078298
0.29318838675775144
0.5352075669994751
0.36649369416710503
0.5939306358381505
0.3631108775617448
0.5714661061481872
0.42561087756174504
0.49027850761954866
0.5582632685233845
0.49303730951129854
0.4737585391487129
0.6146873357856024
0.3556555438780877
0.4063321071991594
0.3048476090383607
0.1948239621650032
0.2881634261692069
0.08328954282711538
0.39020625328428843
0.011954808197583114
0.43382159747766724
0.020493956910142105
0.3774632159747769
0.15042038885969558
0.38702049395691057
0.19495533368365772
0.3834734629532322
0.10706778770362578
0.3952312138728328
0.026931161324225246
0.36889122438255406
0.11035207566999515
0.4086639516552818
0.03730951129795046
0.45960325801366325
0.24776668418286957
0.4886692065160279
0.39214398318444604
0.4917564372044144
0.4072517078297427
0.3681358381502895
0.4143457698370995
0.25463084603258057
0.49474513925381014
0.11721623751970613
0.3426169206516032
0.029952706253284625
0.12165002627430412
0.042104571728849516
0.0
0.07780478192327933
0.1975827640567526
0.05369810825013157
0.1920651602732532
0.10460457172884935
0.31397792958486603
0.08171308460325843
0.4109301103520763
0.12394902785076223
0.4888334209143461
0.1897661586967949
0.49159222280609627
0.20881502890173442
0.5302154492905942
0.22165659485023667
0.4777982133473467
0.20050578034682115
0.5254860746190234
0.18506962690488737
0.49513925380977464
0.23765107724645326
0.5017078297425124
0.24444955333683677
0.5173410404624286
0.21741986337362093
0.3950341565948509
0.20145822385706813
0.4026537046768265
0.2469127693116138
0.3750656857593276
0.3237979506043092
0.28928008407777245
0.3536521282186024
0.15987913820283764
0.266946925906464
0.20704151339989524
0.2272398843930639
0.2733841303205468
0.36150157645822406
0.4297162375197061
0.41322911192853407
0.41631634261692085
0.33503021544929107
0.25906463478717845
0.405872306883868
0.34327377824487676
0.39270231213872897
0.54860746190226
0.502890173410405
0.6502890173410412
0.5987256962690496
0.7640567524960598
0.5723200210194432
0.7360746190225969
0.642570940620074
0.7241198108250135
0.6184642669469265
0.7224119810825017
0.5060430898581193
0.7607724645296906
0.45214792433000567
0.7100630583289548
0.45044009458749407
0.7757488176563323
0.4308000525486081
0.8832107199159226
0.4394705727798217
0.9788491854965848
0.4793746715712035
1.0
0.5709406200735686
0.9073830793483976
0.6254598003152921
0.8372306883867581
0.555800052548608
0.8967419863373626
0.5510049921177095
0.8302679978980556
0.48637020493956945
0.9671571203363118
0.3597609038360486
0.88202837624803
0.3075078822911198
0.7959800315291646
0.35105754072517126
0.8684971098265895
0.32596558066211295
0.8628481345244359
0.2968996321597483
0.7917761429322124
0.2452377824487654
0.7509196006305842
0.2338084603258019
0.7397530215449293
0.25013137151865517
0.7836311087756176
0.25725827640567567
0.5516290068313195
0.35854571728849205
0.4591434576983714
0.4163163426169211
0.4931686810299533
0.3833420914345772
0.6225696269048875
0.3570021019442987
0.7232002101944305
0.3516815554387811
0.7464529689963215