0000100000
0.3721945137157106
0.40565253532834566
0.36016902188972005
0.34425048489886406
0.38895816015516754
0.3280133000831253
0.4173316708229425
0.29786644499861425
0.43408146300914374
0.2635633139373784
0.44483236353560546
0.2693266832917706
0.47797173732335807
0.3013577168190634
0.5177057356608479
0.2911609864228315
0.5314630091438071
0.28988639512330283
0.5443890274314214
0.2907730673316709
0.5246051537822113
0.2831255195344971
0.4880991964533112
0.2681629260182876
0.47000554170130215
0.23978941535051226
0.4443059019118868
0.21596009975062344
0.4582571349404266
0.19279578830701027
0.49124411194236633
0.19567747298420607
0.5107370462732058
0.22022720975339408
0.5321280133000829
0.25646993627043474
0.5150180105292325
0.2824605153782209
0.4792601828761428
0.35555555555555557
0.47230534774175653
0.28811305070656684
0.4292878913826545
0.2333610418398449
0.3654197838736491
0.23230811859240755
0.3192574120254919
0.24594070379606534
0.28819617622610133
0.3011360487669715
0.28996952064283726
0.3244666112496537
0.2734413965087282
0.33787752840121904
0.24735383762815188
0.31792740371293965
0.22114159046827364
0.32324743696314734
0.16618176780271537
0.33089498476032125
0.14164588528678293
0.3317816569686892
0.14610695483513436
0.3326683291770572
0.15846494873926292
0.3460238293155995
0.16133277916320315
0.36807980049875305
0.1577583818232197
0.29576059850374053
0.15530617899695204
0.22150180105292333
0.1634109171515654
0.1941812136325853
0.16429758935993335
0.17389858686616785
0.15078969243557758
0.2000554170130229
0.13667220836796876
0.2392352452202827
0.1339152119700748
0.26677750069271267
0.11415904682737582
0.2892213909670267
0.10362981435300629
0.38381823219728445
0.09199224161817672
0.4947076752563039
0.08315322804100854
0.5117206982543638
0.09100858963701851
0.4588528678304238
0.11012745912995292
0.3927403712939873
0.12421723469105016
0.4354668883347186
0.13848711554447193
0.4936547520088663
0.16533665835411457
0.42078137988362413
0.18275145469659188
0.38852867830423937
0.1991825990579108
0.42837351066777496
0.2148101967303961
0.6052091992241619
0.21467165419783862
0.8250484898863951
0.20548628428927682
0.9530063729564973
0.16992241618176776
1.0
0.1932806871709614
0.9457467442504843
0.22072596287060117
0.8791909116098637
0.2028539761706844
0.8272097533942918
0.18052091992241612
0.7225824328068716
0.19005264616237177
0.5768356885563866
0.22141867553338873
0.5030756442227766
0.24405652535328343
0.4413965087281791
0.24233859794957047
0.3870324189526184
0.25293710169021894
0.30374064837905207
0.26503186478248825
0.2984206151288443
0.28125519534497084
0.2918259905791078
0.306359102244389
0.2364089775561094
0.3012468827930174
0.07536713771127722
0.3160016625103906
0.016237184815738413
0.32974508174009415
0.0056525353283458455
0.31052923247436953
0.06799667497921869
0.31115267387087836
0.16475477971737318
0.33337489609310045
0.16630645608201713
0.37104461069548333
0.09393183707398155
0.4427265170407314
0.043834857301191466
0.5518980326960377
0.024882238847326047
0.6222222222222221
0.0
0.6162926018287611
0.03934607924632873
0.5823081185924077
0.08678304239401481
0.5768079800498754
0.1061789969520641
0.5636741479634245
0.1727348295926849
0.5319756165142696
0.29215849265724586
0.49315599889165956
0.3222499307287337
0.44154890551399273
0.31244111942366326
0.3728456636187307
0.31221945137157125
0.36255195344970886
0.30229980604045453
0.3862288722637848
0.3118869492934331
0.41424217234691046
0.38525907453588243
0.41191465779994446
0.48146300914380696