0000100000
0.7453440656565659
0.44460227272727293
0.6990214646464649
0.3532196969696967
0.6459911616161619
0.34517045454545453
0.5865688131313131
0.39693813131313127
0.5799794823232327
0.3718434343434345
0.5829387626262627
0.28645833333333354
0.5008285984848486
0.3244949494949495
0.39405776515151536
0.5157828282828287
0.3482875631313134
0.6384154040404043
0.38521938131313127
0.6423611111111108
0.40005523989899
0.5039457070707072
0.36209753787878785
0.4340277777777774
0.3300189393939392
0.47995580808080823
0.30216224747474735
0.31092171717171735
0.3766177398989899
0.042455808080807754
0.3695154671717171
0.0
0.23705808080808075
0.1838699494949496
0.1370738636363638
0.45628156565656497
0.17388731060606075
0.7602588383838389
0.19937657828282826
0.892834595959596
0.27856691919191895
0.8109217171717176
0.45170454545454564
0.6677714646464643
0.49554135101010116
0.5350378787878783
0.40909090909090934
0.5538194444444449
0.36095328282828293
0.580650252525252
0.37638099747474746
0.47537878787878773
0.3434738005050505
0.3167613636363639
0.38131313131313127
0.2373737373737376
0.3263099747474749
0.3049242424242426
0.2570628156565656
0.38983585858585884
0.2986900252525254
0.46164772727272685
0.28862847222222243
0.6309974747474748
0.2762784090909091
0.6993371212121214
0.39768781565656575
0.6153724747474748
0.3710148358585858
0.5217803030303025
0.3215356691919192
0.4035669191919193
0.37945864898989895
0.40703914141414166
0.43363320707070696
0.4423926767676764
0.43560606060606083
0.4966856060606065
0.39827967171717193
0.48453282828282784
0.2732007575757576
0.4528093434343436
0.15009469696969713
0.3432765151515153
0.14997632575757577
0.277304292929293
0.1413352272727273
0.4158775252525249
0.15628945707070707
0.4505997474747477
0.23678188131313124
0.6704545454545454
0.29470486111111116
0.7384785353535356
0.3477746212121213
0.8046085858585861
0.3999763257575756
0.7905618686868692
0.40321180555555564
0.6856060606060609
0.48630839646464663
0.5500315656565655
0.5803740530303031
0.5383522727272728
0.6599195075757576
0.468276515151515
0.6930239898989896
0.45091540404040364
0.7162247474747474
0.47885101010101
0.6590119949494953
0.80792297979798
0.6491477272727273
0.9513888888888892
0.6377446338383842
1.0
0.6521070075757579
0.8524305555555557
0.6519886363636364
0.48374368686868674
0.6186079545454549
0.4158775252525249
0.6339567550505054
0.43907828282828304
0.5958017676767677
0.46559343434343425
0.564157196969697
0.44649621212121204
0.5742582070707072
0.37610479797979807
0.5660511363636365
0.46938131313131304
0.5168087121212123
0.6248421717171717
0.41141887626262647
0.6169507575757579
0.4823232323232325
0.5943813131313129
0.6777935606060606
0.5697601010101006
0.8696732954545455
0.5784406565656567
0.9798374368686872
0.7075441919191922
0.9720249368686869
0.7970328282828285
0.7773832070707073
0.7732007575757578
0.6952335858585859
0.8353851010101011
0.7215909090909091
0.9131944444444442
0.7421875000000006
0.9264520202020202
0.7107402146464646
0.9564393939393943
0.7050189393939391
0.8824179292929297
0.7419113005050507
0.7670454545454539
0.8096985479797981
0.6466224747474748
0.883285984848485
0.579545454545454
0.9352904040404046
0.580334595959596
0.9196654040404041
0.49273989898989856
0.9016729797979799
0.47837752525252486
0.9078282828282829
0.6163194444444448
0.8713304924242429
0.7427398989898989
0.8520359848484855
0.8379103535353537
0.9063289141414145
0.8664772727272732
0.9418402777777781
0.8499053030303032