0000100000
0.715396268537713
0.22954871631318757
0.7087386381757294
0.2059480146707064
0.7143996172859192
0.2626375378727474
0.7017421463881356
0.30433742624780724
0.7103731462286715
0.33351937490033456
0.6905397863179715
0.337585712007654
0.6926526869717746
0.4251315579652366
0.6691516504544728
0.4644394833359909
0.633770531015787
0.47313028225163445
0.5757255621113059
0.5166640089299952
0.5873664487322595
0.5651411258172541
0.5809878807207779
0.536676766066018
0.5781175251156114
0.5829213841492582
0.5876455110827619
0.6644075904959338
0.5882435018338382
0.7054696220698452
0.5988678041779619
0.7636740551746132
0.5796723010684101
0.7560197735608352
0.5266504544729708
0.7920586828257052
0.5016544410779779
0.7893477914208258
0.4785520650613937
0.7863977037155157
0.442114495295806
0.8192473289746448
0.3848269813426885
0.8778504225801301
0.3002910221655238
0.9500079732100144
0.2688965077340137
1.0
0.22881119438686004
0.9701004624461805
0.27437808961888044
0.9810237601658427
0.32092170307765905
0.9778344761601019
0.3097392760325307
0.9386062828894913
0.29993222771487793
0.9134906713442833
0.2946300430553341
0.947695742305852
0.3056928719502471
0.928958698772125
0.30605166640089293
0.9313506617764306
0.3083838303300908
0.9301546802742778
0.3059918673257852
0.8870993461967788
0.30890208898102367
0.8685217668633385
0.4708977834476159
0.862462127252432
0.6631119438686015
0.8044968904480944
0.700386700685696
0.7612023600701641
0.6426606601817891
0.7445383511401691
0.6231262956466274
0.742863977037155
0.6316576303619837
0.7482857598469143
0.5832801785999042
0.7501993302503585
0.5132953276989316
0.7602455748684419
0.4298357518737044
0.7769893158985806
0.41897225322914994
0.7046723010684101
0.43794849306330713
0.5504704193908464
0.4245136341891244
0.4946579492903843
0.40198931589858067
0.4988040184978471
0.40260723967469286
0.4671503747408704
0.3852455748684421
0.4032849625259129
0.3669271248604687
0.3635783766544409
0.40882634348588737
0.4125338861425608
0.4481143358316057
0.43533726678360707
0.4506657630361982
0.5716791580290221
0.47968824748843875
0.6870515069366925
0.48632594482538666
0.7116887258810393
0.4745853930792535
0.630043055334077
0.49481741349067127
0.46196778823154194
0.4865053420507095
0.387896667198214
0.4955748684420347
0.3833519374900333
0.4959336628926804
0.3729070323712323
0.49366129803859027
0.2573752192632754
0.5155876255780576
0.2860787753149417
0.5333280178599904
0.2903843087226916
0.5014750438526551
0.2113697974804656
0.43798835911337897
0.06553978631797162
0.4060357199808642
0.015707223728273004
0.4049792696539626
0.022245255940041397
0.41131797161537226
0.02479668314463402
0.4463203635783765
0.01363418912454156
0.505601180035082
0.0
0.5979907510763832
0.0028703556051666366
0.6223289746451922
0.05748684420347634
0.6150135544570241
0.11880082921384144
0.6344681868920428
0.1636900015946419
0.6326941476638493
0.1933503428480306
0.6202360070164247
0.27220538988996945
0.633391803540105
0.4435496730983894
0.6112860787753148
0.509089459416361
0.6521089140487959
0.501833838303301
0.6743143039387653
0.4874820602774677
0.6926925530218464
0.4813426885664169
0.6987920586828256
0.4986445542975601
0.6711848190081324
0.5546962206984528
0.6546802742784243
0.5581247010046245
0.6144952958060914
0.5340456067612821
0.6125019933025037
0.5381119438686015
0.6124820602774675
0.5716791580290224
0.6153922819327058
0.64981661616967
0.6384747249242545
0.7232498804018497