0000100000
0.5829205516705522
0.6545260295260301
0.5534916472416478
0.6576340326340335
0.5307643745143751
0.6658896658896667
0.5068230380730384
0.6665695415695423
0.49138014763014815
0.6539432789432795
0.47518453768453783
0.6317987567987575
0.4489850427350434
0.6086829836829842
0.3920940170940176
0.5948912198912201
0.35241841491841525
0.5929487179487183
0.34299728049728095
0.593434343434344
0.34615384615384664
0.5845959595959603
0.3465666278166283
0.5649766899766905
0.33282342657342706
0.5369075369075377
0.3162635975135978
0.508644133644134
0.3061625874125877
0.4832944832944831
0.2853049728049731
0.47076534576534645
0.2694493006993008
0.47047397047397116
0.28904428904428897
0.48232323232323304
0.3590229215229218
0.5035936285936294
0.3542637917637924
0.5244755244755248
0.3462995337995341
0.5301087801087806
0.326121794871795
0.522533022533023
0.3038801476301479
0.5024281274281281
0.24397824397824405
0.49193861693861746
0.21998834498834507
0.5072843822843828
0.20680361305361314
0.5391414141414147
0.18932109557109564
0.5805167055167055
0.1873543123543124
0.6154817404817411
0.1941287878787883
0.6266511266511274
0.19318181818181843
0.616258741258742
0.2122911810411813
0.5890637140637146
0.11863830613830618
0.5579836829836834
0.06767191142191127
0.5288461538461547
0.07886557886557871
0.5034965034965044
0.061941530691530536
0.4896076146076153
0.06419968919968905
0.49524087024087093
0.03139568764568748
0.5089355089355097
0.0021124708624708634
0.5234071484071487
0.005487567987567636
0.5433177933177938
0.0
0.5783799533799541
0.009882478632478459
0.6240287490287494
0.032099844599844614
0.6698717948717956
0.04028263403263387
0.6986208236208239
0.0606303418803419
0.7005633255633269
0.08279914529914516
0.7034770784770794
0.11295648795648817
0.7031857031857034
0.11771561771561775
0.6889083139083145
0.11443764568764556
0.6684149184149192
0.1164529914529915
0.6437451437451449
0.12347027972027977
0.6283993783993792
0.18344502719502745
0.6306332556332566
0.17880730380730386
0.6598679098679107
0.12072649572649577
0.7023115773115779
0.09433275058275062
0.7465034965034971
0.10474941724941711
0.7909867909867916
0.09639665889665876
0.8282828282828293
0.09697940947940951
0.8535353535353546
0.09098193473193476
0.8746114996115006
0.10790598290598277
0.890928515928517
0.14483780108780078
0.9034576534576542
0.15695415695415701
0.9081196581196588
0.20068473193473219
0.9111305361305375
0.20775058275058264
0.9141414141414151
0.19029234654234678
0.912878787878789
0.2080419580419583
0.907634032634034
0.24196289821289813
0.8906371406371416
0.2668269230769232
0.8602369852369866
0.2734557109557114
0.8246891996892011
0.2634032634032635
0.7888500388500391
0.29807692307692335
0.7550505050505053
0.31199009324009336
0.7249417249417248
0.31509809634809643
0.6978438228438234
0.3192744755244758
0.6766705516705526
0.32898698523698533
0.6641414141414147
0.3296668609168612
0.658216783216784
0.3868735431235436
0.6631701631701641
0.441530691530692
0.6737567987567997
0.40702700077700127
0.6905594405594412
0.3575417637917643
0.7128010878010884
0.3367084304584306
0.7393162393162399
0.3907585470085475
0.7635003885003895
0.36943958818958866
0.7821484071484078
0.30509421134421183
0.8054584304584315
0.2641074203574203
0.8497474747474761
0.3066967754467757
0.918900543900545
0.3566676379176382
0.9806721056721067
0.3903943278943284
1.0
0.4146756021756025
0.9811577311577322
0.43890831390831425
0.938519813519815
0.4708381895881901
0.9001554001554015