0000100000
0.0002407853306167808
0.00011113169105389883
0.07794962030005553
0.17373587701426188
0.24391553991479895
0.5426560474161881
0.23421003889609188
0.5236154843489533
0.2313206149286905
0.5265789961103908
0.2262548620114836
0.5223559918503426
0.2188553435821448
0.5131320614928689
0.21517873680311164
0.5176514169290608
0.2262178181144656
0.6189294313761807
0.26747545841822556
0.767957029079459
0.36680866827190217
0.8899796258566398
0.5008797925541766
0.9721800333395069
0.6291165030561214
1.0
0.7238562696795701
0.9952954250787182
0.7816817929246155
0.9630301907760694
0.8000463048712723
0.8881644749027595
0.777755139840711
0.7662900537136504
0.7085664011854045
0.5941100203741432
0.5901926282644933
0.49027597703278364
0.45240785330616773
0.5037229116503056
0.34249861085386174
0.5211335432487497
0.28972031857751435
0.5319503611779958
0.3068160770513057
0.5391739210964994
0.34119281348397845
0.5402481941100203
0.3893035747360621
0.5566215965919614
0.4301907760696424
0.5869605482496757
0.44670309316540086
0.6062233746990183
0.4558066308575662
0.6254862011483606
0.4546582700500092
0.6380811261344692
0.4506390072235598
0.6408964623078348
0.44887942211520654
0.6323763659937024
0.42442118910909415
0.6102982033709944
0.4117521763289497
0.5662159659196146
0.3921096499351731
0.5050935358399702
0.3717355065752916
0.43478421929987027
0.3585108353398777
0.3591035376921652
0.3467771809594368
0.2923874791628079
0.33604371179848114
0.24478607149472123
0.33020929801815135
0.22656047416188185
0.33129283200592696
0.23519170216706797
0.3210316725319503
0.2460085200963141
0.32441192813483966
0.2475643637710686
0.32886645675125015
0.25915910353769206
0.31454899055380614
0.28101500277829217
0.3007686608631228
0.2930172254121133
0.2969994443415447
0.2945360251898499
0.31323393220966833
0.291165030561215
0.34807371735506565
0.29153546953139464
0.38031116873495086
0.3884052602333764
0.4090294498981293
0.6318207075384331
0.4154565660307463
0.7105760325986293
0.4010464900907575
0.7417299499907387
0.37292091127986654
0.7772550472309684
0.37732913502500454
0.7764030375995552
0.3831820707538433
0.5145026856825338
0.3808483052417113
0.299907390257455
0.3886645675125022
0.2940544545286163
0.4024634191516947
0.3000926097425448
0.4227542137432857
0.3075013891461382
0.43506204852750496
0.318651602148546
0.4315799222078162
0.33091313206149287
0.4260140766808668
0.2783848860900166
0.38517318021855895
0.22819040563067225
0.3796258566401185
0.22807927393961838
0.41423411742915356
0.226338210779774
0.39516577143915527
0.22463419151694755
0.3618355250972402
0.2224115576958696
0.35817744026671605
0.21926282644934234
0.3594276717910723
0.2194480459344322
0.37975551027968135
0.2224486015928875
0.39067419892572697
0.2288571957769957
0.39741618818299684
0.23408038525652897
0.39010927949620294
0.23893313576588246
0.3964715688090386
0.2436006667901463
0.43167253195036115
0.24597147619929605
0.44100759399888856
0.24345249120207443
0.3765604741618817
0.23837747731061307
0.3518429338766438
0.22785701055751068
0.35894610112983877
0.21563252454158174
0.3160122244860159
0.20062974624930535
0.26966104834228555
0.18507130950175957
0.2715132431931839
0.16921652157807002
0.28002407853306166
0.15069457306908685
0.28823856269679565
0.13239488794221152
0.29623078347842186
0.116466012224486
0.30273198740507495
0.1056862381922578
0.30926097425449156
0.09624004445267641
0.32298573809964803
0.09461011298388591
0.08272828301537319
0.021633635858492307
0.0003519170216706797
0.0