0000010000
0.6498725031874202
0.657118572035699
0.7896090097747553
0.8120696982575429
0.8377178070548236
0.8441988950276242
0.7922864428389287
0.8225244368890771
0.7397577560560981
0.9571610709732248
0.7073523161920947
0.9225669358266044
0.6885252868678278
0.7650658733531662
0.6928176795580105
0.8643433914152148
0.5985550361240966
0.9609009774755628
0.6064173395665104
0.9286017849553753
0.6476413089672753
0.9098172545686353
0.6296855078623034
0.9634509137271565
0.6706332341691453
0.9301317467063325
0.6365065873353165
0.6766680832979174
0.6509562260943476
0.7543561410964723
0.6851253718657032
0.7666808329791749
0.6496812579685504
0.7421164470888222
0.5463238419039522
0.7533361665958342
0.5587972800679981
0.8178495537611556
0.5462600934976625
0.7754356141096463
0.41857203569910756
0.7490012749681255
0.3180195495112624
0.6832979175520604
0.2768380790480237
0.7130471738206536
0.24997875053123683
0.8057798555036118
0.1746281342966425
0.7257968550786228
0.24815129621759438
0.5783255418614532
0.3521461963450912
0.5631959201019975
0.36940076498087526
0.8713132171695707
0.4743093922651933
0.8188695282617934
0.5367615809604757
0.6558436039099022
0.5109222269443261
0.575435614109647
0.48172545686357837
0.5099872503187418
0.5484062898427537
0.4735231619209518
0.48790905227369297
0.45405864853378664
0.3402252443688908
0.41283467913302185
0.2496387590310242
0.4282192945176368
0.18531661708457295
0.4563535911602211
0.1727369315767105
0.6447938801529961
0.15743731406714842
0.7230769230769232
0.18654908627284322
0.6089247768805776
0.17717807054823637
0.6430089247768804
0.21162345941351451
0.7394815129621753
0.19902252443688911
0.9520611984700383
0.18087547811304708
1.0
0.19787505312367193
0.5124521886952826
0.2344028899277518
0.4125796855078619
0.207097322566936
0.8545686357841052
0.16848703782405447
0.5274968125796855
0.13529536761580957
0.0
0.1775818104547387
0.4776030599235017
0.18854653633659146
0.7852953676158096
0.24339141521461946
0.8595835104122387
0.2988312792180196
0.6742031449213762
0.24694007649808783
0.48491287717807047
0.2793667658308541
0.39600509987250265
0.22624309392265193
0.6292392690182748
0.13599660008499784
0.6957926051848702
0.2117084572885678
0.7685507862303439
0.38038674033149167
0.7277518062048446
0.4912239694007649
0.7740756481087964
0.5530386740331489
0.6962175945601352
0.517509562260943
0.7228219294517632
0.5415852103697405
0.7393115172120694
0.5916702082447935
0.7671908202294943
0.7163195920101996
0.7242668933276669
0.7484487887802802
0.7721206969825748
0.7737569060773478
0.7869953251168711
0.7093072673183168
0.7584360390990216
0.7402252443688905
0.5818104547386314
0.862919677008074
0.6411389715257114
0.8787930301742451
0.7415214619634507
0.8671908202294938
0.7818104547386306
0.8940288992775176
0.9028474288142788
0.8751381215469612
0.9051423714407139
0.8698895027624305
0.7319167020824474
0.864385890352741
0.6233744156396089
0.8958988525286866
0.6112197195070119
0.9417127071823203
0.7023374415639607
0.8906714832129196
0.7404164895877606
0.8544198895027624
0.7205269868253291
0.831215469613259
0.7082872928176793
0.816893327666808
0.8408839779005521
0.8539311517212066
0.8982575435614099
0.8575435614109647
0.7614959626009343
0.8726094347641308
0.7258818529536759
0.9189757756056096
0.672078198045049
0.928155546111347
0.8096047598810023
0.9009987250318737
0.9001274968125789
0.9051636209094771
0.9414364640883975
0.8672120696982574
0.9403314917127064