0000010000
0.3994399382000771
0.28845113943607587
0.4372151409810736
0.49849362688296633
0.49185013518733095
1.0
0.5299922750096562
0.5153341058323676
0.522750096562379
0.12723059096176131
0.4946890691386634
0.1477790652761684
0.49161838547701797
0.09486288142139827
0.4476052529934336
0.031363460795673974
0.4274237157203552
0.03646195442255679
0.5124372344534569
0.03337195828505204
0.5735419080726147
0.07686365392043266
0.543568945538818
0.08242564696794093
0.513209733487833
0.07833140208574703
0.5034569331788334
0.019235225955967467
0.5200270374662033
0.0
0.6002317497103128
0.003398995751255378
0.6385863267670915
0.02093472383159519
0.6584974893781383
0.17589803012746189
0.6870413286983389
0.21629972962533803
0.7183082271147159
0.19103901120123581
0.7611432985708761
0.16114329857087661
0.7537466203167246
0.1313248358439552
0.6516222479721895
0.13232908458864415
0.5496523754345306
0.10621861722672822
0.44830050212437234
0.062495171881035226
0.3539976825028968
0.06813441483198139
0.294438006952491
0.06458091927385085
0.22750096562379288
0.07555040556199283
0.1086133642332946
0.11378910776361505
0.03802626496716861
0.19103901120123595
0.030320587099266025
0.2904596369254537
0.05909617612977964
0.39752800308999575
0.06873310158362295
0.4149864812668984
0.0450946311317109
0.4665121668597914
0.023599845500192892
0.5273078408651991
0.04430281962147529
0.5725762842796445
0.06108536114329837
0.5956740054074936
0.043279258400926814
0.6562379297025878
0.049575125531093035
0.6063344920818846
0.06884897643877938
0.6037079953650057
0.1155658555426806
0.6477404403244496
0.12251834685206632
0.4896098879876394
0.16875241405948227
0.4453456933178835
0.16531479335650814
0.42587871765160296
0.14924681344148305
0.42603321745847833
0.1761490923136347
0.469911162611047
0.16844341444573177
0.5043646195442256
0.16131711085361128
0.4422556971803781
0.2088644264194669
0.39513325608342953
0.21535341830822705
0.3385863267670912
0.2695828505214367
0.4137504828118962
0.28570876786404004
0.46890691386635736
0.23700270374662022
0.4548474314407104
0.26429123213595973
0.41838547701815343
0.3238702201622248
0.45013518733101554
0.34032444959443797
0.47145616067979923
0.3938393202008495
0.4923136346079568
0.4593472383159519
0.47385090768636523
0.5104094244882194
0.4509849362688295
0.5839320200849749
0.4429509463113171
0.7375048281189646
0.3938972576284276
0.8507918115102355
0.35565855542680563
0.8479335650830435
0.3620702974121283
0.7543839320200849
0.309308613364233
0.6463306295867128
0.2645809192738508
0.6375241405948242
0.2842023947470067
0.6747199691000386
0.2572421784472767
0.6853225183468521
0.2778679026651218
0.7279644650444184
0.27585940517574353
0.7681344148319811
0.2854383932020085
0.7305137118578598
0.3876400154499809
0.6890305137118579
0.3463885670142913
0.6635187331015835
0.34577056778678994
0.6446118192352259
0.2926226342217072
0.621069911162611
0.3500193124758592
0.6053302433371958
0.457628427964465
0.5560641174198533
0.5756662804171495
0.5662997296253379
0.5028196214754731
0.5592699884125145
0.5388180764774043
0.5584395519505599
0.6441096948628814
0.5458285052143685
0.7365005793742752
0.5441483198146001
0.7757435303205867
0.547528003089996
0.7921977597527999
0.560505986867516
0.7530320587099268
0.5399768250289686
0.7219003476245655
0.5731749710312861
0.7178061027423713
0.5787176516029353
0.7293163383545773
0.5512359984550019
0.7645422943221315
0.574314407106991
0.7935110081112401
0.5944186944766319
0.7922750096562375