0000010000
0.6588582677165354
0.955118110236221
0.6339145106861644
0.9684476940382453
0.6132030371203602
0.9484814398200221
0.5761951631046122
0.7583239595050619
0.578810461192351
0.659223847019123
0.6091254218222725
0.7236782902137237
0.6213020247469069
0.822215973003375
0.5952474690663667
0.8340269966254217
0.5202896512935884
0.8609673790776149
0.4819178852643421
0.9841394825646799
0.5468082114735656
1.0
0.5582114735658044
0.975534308211474
0.6376968503937009
0.9595050618672666
0.6736361079865016
0.8990438695163112
0.7039791901012374
0.8521934758155235
0.7067069741282339
0.635151856017998
0.6443194600674917
0.4642294713160852
0.6502249718785151
0.37024746906636713
0.6549212598425199
0.27530933633295834
0.6780230596175479
0.49133858267716546
0.7102362204724411
0.4891451068616426
0.7999718785151859
0.45635545556805374
0.7850956130483693
0.4447131608548931
0.7813554555680541
0.38042744656917904
0.7488610798650172
0.3948818897637797
0.7129358830146235
0.40517435320584905
0.7311304836895391
0.4001687289088864
0.7257311586051745
0.44971878515185576
0.7106861642294713
0.49139482564679426
0.6728908886389205
0.4789651293588303
0.609659730033746
0.4614173228346458
0.566310461192351
0.44825646794150725
0.5270809898762655
0.39145106861642315
0.3968222722159731
0.35911136107986513
0.33281777277840274
0.4565241844769401
0.32031777277840284
0.4490438695163104
0.2775590551181102
0.3663104611923513
0.21280933633295832
0.220697412823397
0.13517997750281205
0.1266029246344207
0.09534589426321712
0.06968503937007889
0.08835770528683917
0.10129358830146244
0.013596737907761416
0.19932508436445437
0.0
0.2391451068616425
0.016591676040494923
0.3468503937007874
0.02019122609673789
0.3177727784026999
0.10312148481439833
0.2609111361079867
0.1190382452193477
0.3533745781777279
0.16445444319460076
0.4289651293588299
0.21079865016872884
0.4255343082114733
0.2315241844769404
0.4757030371203599
0.22124578177727797
0.41760404949381347
0.27428290213723294
0.3610236220472442
0.271189538807649
0.24105736782902137
0.27838863892013516
0.16979752530933662
0.300281214848144
0.21962879640044997
0.3120078740157482
0.409167604049494
0.2795275590551181
0.4705849268841394
0.2759842519685039
0.40455568053993246
0.32464848143982017
0.34820022497187864
0.39696287964004506
0.33402699662542157
0.5062570303712035
0.36957255343082135
0.6449100112485939
0.4102924634420695
0.7400028121484815
0.463835770528684
0.7875140607424073
0.509898762654668
0.716746344206974
0.5031496062992125
0.5494938132733409
0.557649043869516
0.48696569178852633
0.5735095613048371
0.46856017997750293
0.5536557930258716
0.4875703037120363
0.5073115860517434
0.48091957255343093
0.4153543307086612
0.46365298087739026
0.30146231721034844
0.43312710911136126
0.27688413948256485
0.4304696287964006
0.3471316085489315
0.4136529808773903
0.3658042744656917
0.4258295838020247
0.42350956130483686
0.4479471316085491
0.4381327334083241
0.4412260967379079
0.49240719910011216
0.4409308211473567
0.5708098987626545
0.4335489313835772
0.6140044994375703
0.40233408323959524
0.6509561304836899
0.41721034870641166
0.6929133858267718
0.42944319460067487
0.7615860517435323
0.4186586051743534
0.8926321709786282
0.40413385826771653
0.9292463442069742
0.39222440944881876
0.8675478065241851
0.37203318335208097
0.901012373453319
0.3486079865016874
0.9238470191226106
0.3328880764904387
0.9559055118110237
0.35276996625421825
0.981046119235096
0.38820303712036014
0.9524184476940387