0000010000
0.20438439513242673
0.0
0.2117394416607016
0.007444523979956848
0.21649964209019337
0.012598425196850315
0.21963135289906954
0.018110236220472357
0.22109878310665734
0.017895490336435005
0.22211882605583402
0.018969219756621115
0.22451682176091622
0.015390121689334207
0.22972440944881897
0.019541875447387433
0.23614889047959897
0.018969219756621115
0.2290801717967072
0.014602720114530928
0.23380458124552594
0.018611309949892543
0.23418038654259135
0.01768074445239804
0.23310665712240525
0.020544022906227415
0.23518253400143171
0.0210450966356476
0.23686471009305637
0.02369362920544027
0.23797423049391547
0.025697924123120882
0.23917322834645677
0.025697924123120882
0.23870794559770944
0.02541159627773779
0.2398532569792413
0.030350751610593904
0.23919112383679333
0.036864710093056315
0.2385468861846814
0.04144595561918386
0.23664996420901954
0.04187544738725817
0.24536506800286323
0.04889047959914077
0.30189692197566215
0.13493199713672147
0.31871868289191135
0.2331424481030781
0.302254831782391
0.4954903364352184
0.2747494631352901
0.7232641374373661
0.20595919828203277
0.8269148174659987
0.16229420186113103
0.8937007874015749
0.14649248389405875
0.8225483178239086
0.13700787401574796
0.7815318539727988
0.12750536864710085
0.7418038654259127
0.14810307802433792
0.8697208303507518
0.10903722261989973
0.9662848962061563
0.07083035075161072
1.0
0.07859699355762347
0.9862562634216178
0.05841088045812469
0.9073729420186114
0.01973872584108809
0.7022906227630632
0.0585361488904796
0.6289191123836795
0.0731746599856836
0.7219756621331428
0.04382605583392987
0.6498210450966352
0.041034359341445975
0.6739441660701498
0.04708303507516094
0.712670007158196
0.05816034359341447
0.739513242662849
0.08468146027201143
0.8150322118826052
0.11354688618468153
0.8386542591266994
0.13575518969219763
0.7581245526127418
0.12773801002147464
0.7196134574087327
0.10391911238367926
0.5951324266284898
0.08081603435934143
0.48790264853256987
0.15019685039370081
0.7270579813886904
0.14817465998568366
0.7932712956335001
0.1487115246957766
0.7052970651395849
0.17850751610594132
0.7555476020042949
0.1978525411596279
0.7773085182534001
0.16879026485325688
0.7664280601288476
0.14040801717967064
0.7103078024337864
0.15721188260558341
0.6182534001431641
0.1727093772369363
0.693056549749463
0.1668038654259127
0.7730136005726557
0.18774158911954186
0.8070866141732278
0.206209735146743
0.8128847530422331
0.22347888332140298
0.8038654259126702
0.27997494631352904
0.6989262705798134
0.38217609162491045
0.8136005726556902
0.43389405869720815
0.9175375805297066
0.4290264853256979
0.9467430207587688
0.4234967788117393
0.8819613457408734
0.487043664996421
0.7894058697208303
0.5256084466714387
0.7579098067287038
0.5251073729420187
0.7109520400858984
0.5384037222619902
0.7685755189692197
0.5787938439513242
0.7325697924123121
0.6837687902648534
0.8087329992841806
0.8160880458124554
0.8003579098067286
0.7275769506084467
0.8618468146027203
0.7385468861846815
0.8738725841088048
0.8295096635647816
0.8544022906227627
0.8274158911954187
0.7654259126700071
0.8690944881889763
0.8364352183249822
0.8765211166785971
0.9735862562634219
0.8257337151037938
0.9128131710808869
0.8608267716535435
0.8534001431639225
0.9558518253400143
0.6321403006442378
0.9128310665712241
0.5077308518253401
0.8549570508231927
0.49427344309234067
0.8672333571939873
0.3788833214030066
0.8272727272727272
0.45447387258410876
0.8232820329277022
0.37995705082319275
0.8241052254831784
0.28410880458124554