0000010000
0.826803972048547
0.10880470761309272
0.8398970209635893
0.10786318499448326
0.8527694005148954
0.11198234645090095
0.8473262228760571
0.123633688856197
0.847164398675984
0.13999264435454187
0.8557705038617138
0.1624126517101873
0.8571827877896285
0.18424420742920183
0.8874439132033834
0.21137182787789638
0.960544317763884
0.24791467451268834
0.976638470025745
0.2911658698050753
0.9704303052592865
0.3367708716439867
0.9937329900698786
0.3788451636631113
0.9901728576682608
0.4136815005516732
0.9783891136447224
0.44116219198234596
0.9622949613828612
0.46711290915777876
0.9877749172489881
0.4900625229863922
0.9848179477749173
0.5133652077969842
0.9823905847738137
0.5439058477381393
0.9825671202648031
0.5730342037513793
0.9832291283560131
0.5989260757631476
0.9879661640308938
0.6192276572269219
0.9744317763883779
0.6364692901802135
0.9727399779330634
0.6540639941154835
0.9928061787421847
0.665244575211475
0.9882751011401251
0.6627142331739609
0.9874218462670101
0.647649871276204
0.9988083854358217
0.6282309672673775
1.0
0.6126369988966531
0.9839646929018019
0.5985141596175064
0.9737844795880839
0.5852151526296431
0.963663111438029
0.5742111070246411
0.9621331371827878
0.565619713129827
0.9336667892607575
0.5503788157410812
0.9495991173225449
0.5276057374034568
0.9429937477013607
0.5034203751379185
0.9471276204486945
0.4778815741081283
0.796219198234645
0.4496947407134976
0.5020669363736667
0.41556454578889274
0.3549246046340567
0.38031629275468926
0.19036410445016563
0.3491283560132402
0.10827510114012483
0.3224714968738507
0.08767929385803595
0.3001691798455311
0.08636998896653172
0.2715115851415959
0.08848841485840372
0.23326222876057393
0.1181316660536962
0.19118793674144907
0.10743655755792549
0.15952923869069516
0.14537697682971665
0.13769768297168072
0.13521147480691426
0.12245678558293488
0.176152997425524
0.10109599117322535
0.2421037146009562
0.07573372563442433
0.25547627804339834
0.05272526664214779
0.2834571533652077
0.04201544685546152
0.29325487311511617
0.041368150055167294
0.3234277307833762
0.04001471129091584
0.36072085325487285
0.029422581831555796
0.3853916881206326
0.015947039352703075
0.3885840382493564
0.0025891872011769004
0.4166384700257447
0.0
0.44225082751011396
0.010886355277675605
0.4926369988966531
0.03089371092313347
0.48307465980139747
0.0450165502022802
0.44998896653181314
0.06084589922765716
0.4871496873850679
0.08909157778595041
0.5310481794777491
0.1283413019492458
0.5770945200441336
0.15894078705406392
0.6429275468922397
0.17647664582567102
0.7418168444280984
0.19636631114380276
0.8110628907686648
0.23261493196027969
0.9101581463773445
0.2806914306730415
0.9099963221772711
0.3315924972416329
0.8742037513791835
0.381787421846267
0.8683633688856194
0.41497609415226144
0.8642147848473702
0.42180213313718257
0.833291651342405
0.4249797719749904
0.8521662375873482
0.4364545788892975
0.8575211474806916
0.4531666053696209
0.8686428834130194
0.46093416697315204
0.8604486943729314
0.4594630378815734
0.8244648767929383
0.4438690695108491
0.7987495402721587
0.42992276572269195
0.7814343508642881
0.4033835969106285
0.7498933431408604
0.35795513056270684
0.6668775285031261
0.3228245678558294
0.6527105553512322
0.3142920191246782
0.6224200073556454
0.30952556086796607
0.6093710923133503
0.3108789996322177
0.605119529238691
0.31152629643251195
0.5917616770871644
0.294814269952188
0.5484075027583671
0.26545053328429563
0.5215446855461565
0.22667157043030503