0000010000
0.7672857811768381
0.8585401383903025
0.7609385567868479
0.867800842828157
0.7623302637739974
0.8889755996045994
0.7571146142240259
0.9096821185162063
0.7460589979709696
0.9139482857291507
0.7616279069767443
0.918630664377504
0.7723323448311745
0.9314811924457623
0.7637219707611468
0.9320534831694501
0.7802013422818795
0.9255501794911819
0.7914000312158581
0.9306487695749442
0.795106914312471
0.9325217210342854
0.7917382030071277
0.9471411477030334
0.7995811872431198
0.9538005306695807
0.7952369803860364
0.9584308828885082
0.7691457260288229
0.9712293845273403
0.7741922896831591
0.9939129077571408
0.7859112429113991
1.0
0.7905025753082567
0.9950574892045163
0.7707585453410334
0.9910514541387023
0.7534987773789086
0.9887622912439525
0.7635398782581555
0.9962020706518917
0.7575438322667919
0.9868373133551848
0.7610426096457004
0.9729982831278293
0.7521981166432549
0.9282035273919154
0.7666354508090113
0.9192549815306176
0.7598329951615422
0.9609801779303885
0.7427943395244786
0.9656625565787418
0.7417668175433123
0.9501586806097504
0.7323240206024662
0.9360595182352639
0.7402710576973104
0.9201914572602885
0.725664637635919
0.9112429113989907
0.6690728890276262
0.9026065241142505
0.570899016700484
0.8980281983247494
0.47082617969928753
0.8980281983247494
0.3884033088809116
0.8527131782945742
0.33743041465064255
0.8330471879714898
0.19936527756100111
0.817751417720202
0.06118308100515058
0.8146298319546335
0.029655064772904523
0.740180011445815
0.042661672129441684
0.5097549555174031
0.027665053847354442
0.4388429322095626
0.046888819520316344
0.36199989594714127
0.059934446698923116
0.29613443629363706
0.0690780916705687
0.26091254357213456
0.09682118516206237
0.30440663857239486
0.09308828885073613
0.2675199001092556
0.08955049164975812
0.2867176525675045
0.06680193538317467
0.32792258467301405
0.04301285052806823
0.36938764892565423
0.015516882576348824
0.3077883564850944
0.0039410020290307456
0.42146610478122915
0.0
0.5825399302845848
0.009533843192341657
0.6256698402788621
0.019119712814109558
0.7147911138858544
0.04774725560584779
0.7261328755007548
0.05257270693512296
0.8256594349929769
0.03943603350502053
0.8663441028042248
0.03263357785755162
0.8927215025232823
0.030877685864419108
0.8985484626190109
0.036795692211643444
0.9026585505436766
0.046836793090890096
0.8692575828520893
0.06504604339004215
0.8559388169189953
0.0694943031059778
0.8501638832526924
0.09509130638364294
0.8890796524634517
0.1361401592008741
0.9121273606992353
0.15927891368815364
0.9002653347900738
0.17313095052286576
0.8541178918890802
0.17527704073669428
0.848134852505073
0.21244992456167736
0.8776858644191252
0.26530877685864435
0.8755527808126531
0.3246189064044535
0.8666042349513555
0.3743561729358516
0.8809115030435464
0.4207897611986891
0.8741480672181471
0.4992716299880342
0.8899641017636962
0.5631210655012749
0.9227927787315965
0.6189974507049584
0.9428229540606632
0.6017506893501902
0.9168097393475886
0.6635841007231675
0.8796108423078929
0.6531528016232248
0.879298683731336
0.6823006087092245
0.8783101815722392
0.7118256074085639
0.8740960407887212
0.7122288122366164
0.8820560844909217
0.6965168305499198
0.864731283492014
0.6868529212840123
0.8713906664585612
0.6879975027313879
0.8717028250351181
0.6881275688049531
0.846782165339993
0.6802585713542482
0.8497476718172835
0.6603584620987462
0.8494875396701529
0.6515659955257272
0.8572394776546485
0.6575620415170909
0.8706622964465951