0000010000
0.9966794879499968
0.99477132039185
0.9980467576176455
1.0
0.979941703227357
0.9868381513312096
0.9266482360718792
0.7965622934070559
0.881122663621612
0.6443295871146107
0.831976080293287
0.6449906845363301
0.7879079271590838
0.6038824448584649
0.7998828054570586
0.611755514153495
0.7982751367269667
0.6776849570286678
0.7313690726606166
0.5553218342448463
0.6946030410481401
0.48572630566740826
0.6446601358254705
0.5928240879860571
0.5598293166656648
0.5526774445579661
0.47038584049522203
0.3839173027225194
0.48715367510066726
0.31708636336318297
0.5190516256986597
0.48103852394975677
0.4879049221708037
0.5477492637778716
0.43150129214496075
0.4765911412945493
0.4214646312879381
0.570887673538073
0.4338602079451891
0.7150670112386561
0.42317747460784916
0.75671614880702
0.362687060520464
0.6967365827273273
0.3332832501953245
0.6109141174349423
0.310114790552317
0.6336318288358671
0.31176753410661706
0.7069535428811832
0.32285594086183084
0.7970430915319427
0.28499308852695504
0.7779313660676727
0.24137568363483394
0.7095378328024521
0.21578820842598717
0.671073982811467
0.1719604543542282
0.6490774685978725
0.17068333433499625
0.6621191177354411
0.18016407236011794
0.7657311136486569
0.15803233367389896
0.78700643067492
0.10386741991706241
0.7151872107698785
0.07321653945549624
0.6302662419616566
0.050724202175611646
0.578941042129936
0.03715668008894768
0.6219724743073505
0.04854558567221601
0.712302422020554
0.047854438367690606
0.7254642706893445
0.04699801670773486
0.730692950297494
0.03784782739347319
0.7273874631888939
0.014754492457479515
0.6556884428150732
0.005063405252719511
0.6589338301580628
0.0
0.6583328325019533
0.009240338962678039
0.6883827153074105
0.08468056974577799
0.9454895125909012
0.11680389446481178
0.9977763086723966
0.13076206502794646
0.9705511148506522
0.12123625217861658
0.9450087144660132
0.10416791874511688
0.9578700643067488
0.077934371055953
0.9545044774325376
0.05976921690005411
0.9086483562714106
0.06101628703648046
0.8768555802632371
0.07617645291183364
0.8360478394134264
0.07016647635074234
0.8011899753590962
0.058236672876975905
0.7963819941102231
0.05789109922471315
0.7983652863753831
0.09180239197067142
0.8009495762966528
0.1210259029989785
0.8070797523889656
0.12759180239197085
0.8087024460604605
0.12146162629965751
0.8163351162930468
0.11782559048019721
0.8278141715247311
0.14100907506460733
0.8334635494921571
0.1679037201754916
0.8662780215157162
0.17836107939179052
0.8995732916641626
0.18865316425265968
0.9162810265039969
0.19571488671194198
0.9225314021275315
0.21841757317146476
0.9279403810325138
0.24804675761764552
0.9383977402488131
0.2666326101328207
0.9505979926678286
0.2804856061061365
0.9617164493058473
0.29648716870004227
0.9608750525872953
0.33541679187451173
0.9521605865737117
0.3884848849089489
0.9317867660316123
0.425566440290883
0.9462107097782321
0.45563134803774286
0.9082276579121342
0.5016076687300923
0.8641144299537235
0.5779944708215641
0.8470460965202237
0.6369974157100787
0.8800408678406155
0.6801189975359099
0.9345513552497148
0.7332622152773606
0.9867179517999878
0.7803503816335118
0.9970551114850652
0.8267323757437347
0.9968748121882323
0.8586603762245326
0.9968147124226218
0.8873279644209391
0.9968147124226218
0.9145080834184749
0.9969349119538428
0.9563976200492819
0.9969950117194547
0.9884458200613015
0.9969349119538428
0.9959733157040686
0.9969349119538428
0.9963489392391369
0.9969349119538428