0000010000
0.48399242720705643
0.5233794117335987
0.482437677817851
0.5179219240816927
0.4853462225935756
0.5191064950448973
0.5105077790352092
0.5136490073929918
0.5270706194671546
0.484669324900316
0.5121048345302435
0.4792541433542392
0.48889993548318855
0.47878877619012344
0.48333668256671136
0.4744312472897652
0.49296132164274586
0.48691154850923823
0.4875461400966694
0.5037493786290702
0.4842356873155719
0.47426202286645
0.46477487863435885
0.47405049233730623
0.4513321135072819
0.4919882812086854
0.45355318406328976
0.4962611978973863
0.4439708510930838
0.4665623116056223
0.4364403642555711
0.4556473363018116
0.4295338924790319
0.47197749315169907
0.4085606405144422
0.4773926746977757
0.40226760727241956
0.467112290981396
0.42118901310431606
0.4547166019735795
0.4205967276227141
0.42298702260203713
0.40809527335032625
0.41435657701297735
0.408899089361072
0.4113951496049666
0.37238892003088353
0.40657225354049226
0.3080519095918518
0.39129974933632294
0.2475964843626056
0.3677775544955523
0.24797723931506419
0.3291097737680988
0.23755936075474074
0.3178140435118299
0.1894784714803963
0.3333403843509714
0.16736295465843098
0.34713217485113507
0.17903943986715878
0.3697659414695025
0.15484034733312876
0.4035685200266528
0.12196850310421053
0.34543993061798645
0.08937164856317886
0.3093951284519137
0.08434779849601785
0.2849421992829114
0.06838782007213183
0.2947149097293465
0.053474917767506736
0.3410824017176278
0.03300933907286165
0.3771695099895292
0.01538884599519824
0.4493437265333319
0.01641476906154479
0.5884462024981757
0.014415805561137595
0.6839310833536051
0.011179388465240195
0.6412442225724229
0.02997387597965077
0.6824080635437708
0.021100170282075937
0.8811198426212858
0.010682291721752692
0.8924578789833842
0.0
0.9294334154776888
0.018572380458809736
0.9339601688013621
0.04132248886820586
0.9301103131709478
0.050629832150525106
0.9404330029931565
0.0652783212937206
0.9749547853493956
0.061597690086621686
0.9801584363663287
0.07553755195718617
0.9950078795122103
0.06993199293488025
1.0
0.07964124422257234
0.9971231848036469
0.10392494896825973
0.9965732054278732
0.13679679319717802
0.9205914393594853
0.15805561137611185
0.8306063522617902
0.1883150535701064
0.7488709558006958
0.238564130768173
0.5879808353340594
0.2836095569493066
0.5018456038667781
0.34139969751134325
0.5112375593607547
0.37427154174026167
0.5363250801171879
0.34276406942431953
0.5557858887984007
0.3747897915366634
0.5796888385916299
0.41256914404171374
0.5886577330273189
0.3535521264106442
0.5870924071116561
0.307364435372135
0.6212334345154361
0.2859892754021725
0.6361251837671471
0.3847951855651567
0.639213529492644
0.4321039884081269
0.6294408190462087
0.4135316079493172
0.6334598990999375
0.4076616357655817
0.6611703984177515
0.38966038773545963
0.6788120445483294
0.3766829897724989
0.6801658399348486
0.37252641487482674
0.691419264085289
0.397677394790003
0.657278236681509
0.41352103142286006
0.6077800928619024
0.41978233508551116
0.609345418777565
0.4199938656146548
0.6010111159293064
0.41751895842367437
0.6045225227130903
0.4176458767411606
0.6195411902822876
0.43214629451395564
0.6206834551396629
0.4515542205628827
0.5990227289553565
0.4593385440353679
0.5963997503939754
0.4639393330442414
0.6068070524278412
0.47138520767009695
0.6098953981533383
0.47736094511840416
0.6115030301748298
0.4893018434885616
0.5815926133539221
0.49489682598441015
0.5189795767274111
0.4861817681836931
0.44100942368507334