0000010000
0.8149250590056977
0.7648040409507054
0.8035899517431111
0.7227108044318168
0.8271320975961756
0.6969737969602667
0.8544476014371831
0.7078579052601514
0.9117244697003866
0.7308287857604595
0.8654219095296081
0.744118221861423
0.86005502187345
0.8099039372209447
0.8818533050707317
0.8266810986334729
0.922638644597784
0.764503374975571
0.8812970730167321
0.657045355462349
0.8663389407537694
0.6672679986169366
0.8139779611840227
0.6326914114764203
0.7886318194801486
0.538402561674108
0.7246200333739231
0.4163923089643557
0.7551526631488746
0.37345720771508906
0.7427201250770458
0.33166463717133454
0.7724559900178899
0.28295674919947694
0.7761391482132923
0.26118853259970837
0.6928095732046484
0.2777852944271559
0.6580525864790511
0.15330958072129777
0.6669823659405584
0.10237676453344143
0.5865091176956961
0.22252288819735705
0.5386581277529727
0.2169305010598477
0.4849441512951187
0.13551015499331023
0.4221500623881899
0.3239675882078804
0.37957576030908485
0.4746613749455044
0.3604985041867738
0.5013605135374858
0.3003352425622754
0.5736406139599214
0.20715885686796257
0.5609525098092276
0.1222357521911033
0.6356980712277694
0.0897187269802612
0.6807378343029813
0.05786316691471605
0.625595694463236
0.019377922097445825
0.5666651633367912
0.0
0.5418301537906463
0.0070656504156706495
0.5101399600114254
0.02844300124776377
0.5921616380282324
0.033479156331273796
0.6943880695741064
0.055277439528555815
0.6271591575339378
0.08913242832874821
0.5412889550354036
0.09000435965663954
0.46997098573339985
0.10375982801906224
0.44014492100001507
0.12782813932861287
0.4864474811707931
0.16572708549437004
0.5343736376072998
0.16142756204994058
0.5308859122957351
0.16811737999669274
0.6180790450848631
0.15419654534794566
0.606353072054601
0.1605255641245358
0.6028052135480091
0.16263022595048032
0.6356980712277697
0.17876095551646898
0.677851440941686
0.1952374509538628
0.7302274538101899
0.2072640899592598
0.7415324944752626
0.19511718456380878
0.8082803409552156
0.16865857875193555
0.8378658729084923
0.18999082968775838
0.8104451359761873
0.18469910852538374
0.7589711210330884
0.16858341225815177
0.7748462845202119
0.1583758024023211
0.9755708895202876
0.1420797065500082
0.9884393932560622
0.13955411235887494
0.9602369247884065
0.16515582014161365
0.9542837384807348
0.17856552263263128
0.9382281754085301
0.16244982636539929
0.9686555720921846
0.15173108435183935
0.8534403704204816
0.15896210105383426
0.7174792164644688
0.17411566620063437
0.6950495347194037
0.18472917512289716
0.8065364782994326
0.2000932064522918
0.8715404621236036
0.2205535260602234
0.9284264646191316
0.26210556382386985
0.9415956343300415
0.2859483756520693
0.9572903982320842
0.30908462243870166
0.8707587305882531
0.3216374269005847
0.6878335513161653
0.33985778499376124
0.5605315774440386
0.39651828800793765
0.5630571716351721
0.4520663269141148
0.5568634525473924
0.49808325440851486
0.5230084637472
0.5167546114643937
0.4883116102166296
0.569746989581924
0.48067469444820266
0.65787218689397
0.5130263533727204
0.7389167004915888
0.5689502247478164
0.7455163186458008
0.5930636359536372
0.7696748297478915
0.5700927554533293
0.8714201957335498
0.4266149521189434
0.9545844044558699
0.4149491122837083
1.0
0.4894541409221428
0.9378523429396114
0.5700927554533287
0.831010688675416
0.5951682977795818
0.7580841564064403
0.5959500293149327
0.7336249793292141
0.5690704911378707
0.7405553300560743
0.5425517521309703