0000010000
0.624491436841682
0.6892498190882046
0.6316796655141914
0.6186861783388277
0.6191364476963898
0.5873602958912923
0.5958671705395191
0.6173996944600783
0.5760874809037547
0.5961083862667845
0.6009166197636086
0.5551981989225695
0.6004181072605933
0.5147382809359166
0.6133311891935349
0.5078555921846101
0.6315027739808632
0.5331350004020258
0.6582938007558091
0.49035941143362544
0.6943314304092625
0.49492642920318386
0.656862587440701
0.49261075822143596
0.6194098255206238
0.45131462571359654
0.634333038514111
0.44501085470772705
0.6338666881080646
0.41812334164187487
0.6286885904961003
0.5316555439414647
0.6117874085390365
0.698126557851572
0.6219988743266058
0.7469486210500925
0.5966551419152526
0.9043499236150198
0.5672589852858406
1.0
0.5745919433947093
0.8775910589370428
0.6001608104848436
0.6834606416338346
0.579528825279408
0.7593631904800193
0.5687384417464019
0.8858888799549735
0.6450430168046953
0.8762402508643565
0.6565088043740451
0.7522232049529625
0.6396880276594034
0.721990833802364
0.6790544343491197
0.6506553027257376
0.72146015920238
0.6861622577792066
0.7191927313660851
0.7693334405403235
0.7204309720993809
0.6666077028222241
0.5235506955053467
0.6638417624829138
0.38893623864275956
0.6719466109190323
0.2979496663182439
0.6541931333922968
0.19983918951515642
0.6395272171745594
0.2164830746964702
0.5858808394307309
0.2837822626035217
0.5954651443274098
0.26890729275548736
0.6228029267508238
0.16997668247969774
0.6592747447133552
0.09134035539117152
0.6992843933424455
0.047985848677333715
0.7293237919112326
0.03463857843531395
0.6592104205194178
0.0574736672831068
0.7032081691726296
0.07533971214923205
0.7016000643241938
0.04214842807751061
0.5823430087641717
0.030377100586958354
0.5014874969848034
0.024169815871994828
0.6247969767628846
0.018332395272171727
0.6295569671142558
0.010420519417866033
0.5497949666318239
0.03574817078073487
0.5476079440379513
0.02852778001125659
0.6087159282785233
0.029299670338506157
0.6567661011497944
0.020278202138779428
0.6229315751386988
0.0
0.7499718581651527
0.00815309158157111
0.8909061670820941
0.005162016563479933
0.9554233336013506
0.02561711023558745
0.8011739165393579
0.043627884538071954
0.7305459515960443
0.01228592104205193
0.759749135643644
0.033014392538393465
0.7741577550856313
0.06715445847069233
0.800980943957546
0.13223446168690184
0.8458149071319454
0.227209134035539
0.8496743587681919
0.38280935917021774
0.6891854948942672
0.5206078636327086
0.596751628206159
0.6734743105250461
0.5670981748009968
0.8006110798424056
0.5842084103883568
0.8366969526413124
0.5578354908740045
0.7875854305700729
0.5482511859773255
0.7312535177293558
0.5961727104607222
0.6724612044705314
0.67374768834928
0.616129291629814
0.6318083139020666
0.5627080485647666
0.5261236632628448
0.5622256171102356
0.49608426469405814
0.5108466672027017
0.34318565570475157
0.5276674439173434
0.3948379834365201
0.5978129774061266
0.5762965345340516
0.6303449384899895
0.7691404679585111
0.6303449384899895
0.8554635362225614
0.6394146498351692
0.889941304173032
0.6514593551499555
0.917407734984321
0.6559298866286081
0.8553992120286242
0.6370668167564522
0.7984723003939854
0.6053710701937763
0.7955777116668009
0.5996301358848599
0.7840636809519974
0.5909463697033048
0.7878588083943071
0.5354345903352896
0.7112486934148107
0.5349039157353057
0.6533569188711108
0.5726300554796172
0.5918629894669132
0.5995979737878907
0.5709576264372435