0000010000
0.7342240059143476
0.46902888525109593
0.6906188942282306
0.39847916776680586
0.585229973068596
0.45683054338068335
0.5430506416010985
0.7221312773934627
0.6076992131805463
0.8788086814173315
0.660743517980673
0.83270845434863
0.6800971642815656
0.7865026139304011
0.645746422347785
0.7971695622326666
0.6020753023182132
0.8414743623594028
0.6262607593599834
0.8838253155198817
0.5764640650578234
0.8054602101705657
0.5296113428737395
0.6219042086919789
0.5391033426625127
0.5224164334371867
0.515855204097798
0.47879812008237843
0.504079315625495
0.38892115963457774
0.47980144690288873
0.42826213233352717
0.4552727464751547
0.45852035697312143
0.45218355600147864
0.4796958335533614
0.4803163119818347
0.47182763901357117
0.5013729735438559
0.502561123726039
0.4412921793314675
0.5241062470296244
0.38517188572635597
0.5658235200929401
0.44687648518772793
0.5798700955800813
0.5169245392617626
0.5975075249511541
0.5110101916882296
0.5637112531023925
0.4580979035750121
0.5967682315044622
0.38267677034377157
0.6215873686433966
0.31118973438242603
0.5918572107514393
0.33732903839045253
0.578919575434335
0.3876670011089403
0.5522522046786718
0.4000765696784074
0.5375191424196019
0.3523789406981044
0.6192110682790306
0.2267650631039764
0.7144743095527277
0.1891271056661563
0.6765063103976346
0.162921793314675
0.6012567988593761
0.1263531710408196
0.6091778000739294
0.10330305750646883
0.5679885937582514
0.07829909700586163
0.5198289063737657
0.04541374029677357
0.5862068965517244
0.0
0.6728098431641758
0.0024159053704388214
0.6596081744732535
0.03131435813486827
0.6668954955906431
0.057308443787294765
0.7887733009452398
0.03165760152083226
0.891165443312035
0.007155304430480056
0.7565612293393883
0.029400116174684552
0.7020647409832603
0.05534139515234726
0.6654169086972596
0.051380894545070555
0.5375191424196019
0.047050747214447915
0.49152452870042795
0.025149178856207453
0.5440671700902996
0.07914400380208057
0.5411628029782967
0.16251254158525644
0.6163067011670278
0.16595817711358724
0.7304747320061252
0.17057876115541007
0.7295242118603792
0.19945081058245762
0.7325869989966736
0.2220652690500081
0.6739715900089772
0.17534456355283315
0.6109204203411314
0.14589164070338495
0.6920842794529227
0.13206949358398906
0.735861012832022
0.12050483181074088
0.6364260442519938
0.13765379944024933
0.6819453978982944
0.10998310186407573
0.734699265987221
0.08138828747953744
0.6302476633046417
0.10356709088028733
0.5122775518825582
0.12231346042139722
0.5147594655964514
0.14833394941120565
0.5489253841685588
0.2132729577018536
0.7053387548186091
0.2275175582193589
0.7089824153773036
0.13511907905159215
0.6570206474098327
0.08261604266779324
0.7578285895337177
0.09646459312457097
0.7383429265459154
0.11400961081480705
0.7510693351639651
0.16832127580926232
0.8472302899086446
0.197853408670856
0.8561546179437082
0.2693404446322015
0.8474943232824632
0.30781010719754975
0.7509637218144377
0.43943074404604765
0.8111105243702805
0.6403601415218887
0.9193114009610819
0.8053677984897291
0.9692665152875327
0.8519960923060677
0.9540053862808261
0.8089058456988965
0.9766066430796853
0.7430031155938113
1.0
0.6758726303004702
0.9714843956276076
0.6268944394571476
0.9405924908908491
0.573493689602366
0.9208427945292289
0.4871019696889689
0.9399060041189209
0.4234699265987223
0.7573533294608442
0.40592490890848615
0.7077678618577389
0.3708348735280141
0.611131647040186
0.36394360247135255
0.8512964038654487