0000010000
0.38872998932764136
0.4666808964781218
0.351661330487371
0.6162077552472429
0.33494130202774813
0.7019850586979723
0.33259338313767345
0.7072785485592317
0.3456848096762717
0.72105300604767
0.37074350764852365
0.7087015297047313
0.4289007470651014
0.6753468516542157
0.48212024190679464
0.6626538598363569
0.5032942013518322
0.6375524724297402
0.5038918534329421
0.5813162575595869
0.5086019210245465
0.5137531127712559
0.5162860192102455
0.5040768409818571
0.5116897901102812
0.5202419067947348
0.4968765563856278
0.5220064034151548
0.5063820704375666
0.5237709000355746
0.5724083955887584
0.5503521878335108
0.5768196371398079
0.5966275346851654
0.5949626467449306
0.6036286019210243
0.6379082177161152
0.56082532906439
0.6526929918178583
0.47413731768054085
0.6549982212735679
0.39285663464959075
0.6313482746353613
0.3184631803628602
0.655524724297403
0.2432159373888296
0.6151120597652083
0.21236570615439335
0.5425115617218073
0.2380362860192103
0.48513696193525446
0.2695695482034863
0.4504304517965137
0.29256492351476326
0.3891426538598363
0.2559658484525081
0.368523657061544
0.20320170757737466
0.3434507292778371
0.13501245108502313
0.2710352187833511
0.14827463536108146
0.25242262540021343
0.22722162931341167
0.2482675204553539
0.3218214158662397
0.2849377445748843
0.44749911063678416
0.3075916044112416
0.45000355745286386
0.31181785841337595
0.3573959445037354
0.34464603344005684
0.3050871575951617
0.37539665599430816
0.3017858413376022
0.33598007826396303
0.3477196727143366
0.30552828175026675
0.32449662041977945
0.2996655994308076
0.336848096762718
0.3176520811099253
0.39513340448239054
0.33175382426182853
0.41027392387050876
0.31499110636784067
0.4381643543223052
0.29841337602276763
0.39291355389541094
0.29835645677694766
0.3810743507648524
0.3010458911419423
0.6608893632159372
0.32485236570615433
0.7020419779437923
0.3662468872287443
0.7143365350409105
0.399302739238705
0.7452436855211669
0.41511205976520826
0.8258982568480965
0.4195233013162576
0.8315901814300956
0.431220206332266
0.6095482034863038
0.42393454286730703
0.5197296335823551
0.4042262540021345
0.46315190323728217
0.4134471718249735
0.46007826396300266
0.4545144076840982
0.45945215225898256
0.46285307719672725
0.4583706865884028
0.48055496264674485
0.44214870152970487
0.4738100320170759
0.39866239772323014
0.4680754180007116
0.44391319815012464
0.4614585556741373
0.5631020988971892
0.4816648879402347
0.6536036997509784
0.5144076840981856
0.5695908929206687
0.527257203842049
0.4051511917467094
0.5431945926716472
0.5001494130202774
0.5387264318747778
0.4925222340803985
0.5333760227676984
0.4717467093561012
0.5556029882604054
0.4546709356101032
0.6057346140163643
0.46878690857346156
0.6041266453219495
0.4723159018143009
0.6173603699750978
0.4690145855567413
0.7072927783706865
0.18669512628957663
0.7922589825684809
0.12317324795446463
0.872145144076841
0.064318747776592
0.9603130558520098
0.0
1.0
0.10547136250444676
0.8964923514763431
0.34532906438989686
0.8118818925649233
0.4331554606901459
0.6971042333689079
0.5499537531127713
0.6091497687655638
0.6540021344717182
0.5771184631803629
0.7356243329775881
0.576022767698328
0.7737033084311633
0.5895837780149413
0.7965848452508004
0.6213304873710424
0.7970401992173599
0.6032159373888296
0.6917965136961937
0.6257701885450018
0.6532621842760585
0.6834578441835645
0.7549768765563855
0.7058555674137317
0.7788829598007828
0.6859338313767341
0.772564923514763