0000010000
0.4327286087110751
0.7231611219499836
0.4169686066840652
0.7308130843489501
0.40627612942458274
0.7435832467631186
0.3961790863252846
0.7516912863911623
0.3843084095573519
0.8017584310943322
0.38575265411609716
0.8807611422200831
0.40359034129779314
0.9296627562267215
0.41826082549978477
0.9407606354676056
0.42615349532520846
0.9368079661489346
0.45218790381838003
0.9220614690754302
0.5060936985329517
0.8883117541236988
0.5485595560848304
0.8533458332277604
0.5737958294271166
0.849241138166063
0.5949147388957864
0.852788405503332
0.6328831682164848
0.8586160589859888
0.6432082499303219
0.8684470570349914
0.6262573795829429
0.8666227481186816
0.6076215572503613
0.8417412015101229
0.5938758963184435
0.8077887855676898
0.5738971799224667
0.8868928471887911
0.563166696227228
0.9519091899561659
0.5810550586565992
0.9823650138090058
0.617249854308663
0.9994932475232476
0.6472876073681811
1.0
0.6750069678465557
0.9373653938733629
0.6861175158993591
0.8807104669724074
0.6654926900955228
0.884713811538754
0.6486051638077382
0.8751361897281278
0.6496820128208378
0.8268426786935923
0.6676970633693972
0.7685661438670286
0.7025362961461475
0.7596473002761803
0.6013885017863025
0.7517926368865129
0.4942356905769378
0.7536169458028229
0.4329186408898576
0.6829249752958169
0.3728051283350649
0.5831960878708795
0.2535409329313098
0.6480604048952291
0.17832619656928578
0.7478906428155169
0.1424227835913548
0.7816403577672486
0.08461499480578719
0.86449438771632
0.027250614437378133
0.9108115640915195
0.0
0.8954062887982362
0.02192971343147438
0.8594775381964684
0.046773253604277046
0.7932449894848863
0.07968682696936685
0.7613702586971397
0.1255099196797325
0.7545291002609774
0.13294651227607887
0.7315732130640792
0.14693288063445428
0.7303570071198726
0.16634150049408364
0.68535738718423
0.14413307320039534
0.6278916563204703
0.16064053513061552
0.5921656067094032
0.17678060151518996
0.5628246383054196
0.1892340436313883
0.663972432665265
0.20259964020574153
0.7592418982947782
0.21914510857171807
0.7879240884789829
0.25878582106570064
0.7670458864367704
0.30967643854359345
0.7012694149542655
0.31359110142650837
0.7431778447817164
0.33805457724174637
0.7516912863911623
0.3431094331973549
0.7338535992094662
0.3200141890693492
0.7443433754782479
0.3154280791547369
0.7530088428307194
0.32295335343451503
0.7531608685737454
0.31684698608964457
0.7866572072871009
0.2827045379684295
0.7458636329085061
0.28996376719791217
0.7057288367496899
0.3145792687561762
0.71044163478349
0.36655940405908743
0.6857121139179567
0.3953936199863178
0.6700534623862971
0.41524564826310595
0.6563204702662986
0.389591304127499
0.6189221374819471
0.37698583626827475
0.5922162819570784
0.37191831150074767
0.5595814224542021
0.37536422834266614
0.5243114500722125
0.397686674943624
0.5564902323460105
0.4939696455266427
0.6538373831302099
0.517989712924722
0.6745128841817216
0.4871791623381561
0.6903235614564069
0.48173157321306426
0.7265056882965518
0.4918286163123623
0.7203739833278439
0.4607773582993388
0.7032457496136015
0.47241999645273275
0.7211847872906482
0.5178883624293714
0.7308637595966251
0.5414270149745358
0.7327387437606104
0.557934476904756
0.7447994527073252
0.5664732561380394
0.7449514784503507
0.5279473990929133
0.7631438923657742
0.5368535738718424
0.7604581042389847
0.5799148655839058
0.7527554665923434
0.6003496592089594
0.7583297438366229
0.5802189170699574
0.752958167583044