0000010000
0.18949055107704518
0.1135853046121316
0.22016651248843647
0.20265627064887032
0.25776397515527955
0.24170741377031854
0.28480573543015747
0.20120259019426467
0.30884102021937376
0.16010307915950853
0.3214946478128715
0.18825161887141534
0.31954539447601443
0.28254261926787366
0.3054215673318357
0.36936698823840336
0.31260737412448786
0.39289018104929296
0.30644575128848944
0.3706224395401086
0.34141667767939743
0.31022862428967857
0.39082529403990995
0.21752345711642665
0.39249372274349154
0.23040835205497562
0.3822188449848024
0.2622571692876965
0.4068322981366461
0.24342539976212518
0.4183295890048897
0.23073873397647687
0.344191885820008
0.2843927580282807
0.29689771375710317
0.312343068587287
0.27761992863750495
0.30408352054975574
0.2622902074798468
0.2450112329853311
0.23415818686401485
0.12957578961279256
0.27879278445883465
0.10737412448790824
0.309650455927052
0.09237478525175102
0.2495705035020485
0.09415884762785767
0.23513281353244356
0.08028280692480509
0.2543445222677415
0.006012950971322962
0.3019690762521477
0.0
0.25145368045460553
0.0473106911589799
0.24821593762389324
0.05239857275009904
0.2670972644376897
0.10479714550019845
0.3183725386546849
0.24005550416281238
0.31151711378353386
0.3284657063565482
0.30043280031716674
0.347627857803621
0.2984339896920841
0.28796088278049436
0.3092870358134005
0.19723800713624962
0.3238568785516056
0.1651248843663275
0.33314061054579086
0.1770186335403728
0.2590359455530595
0.15019162151447088
0.2344885687855161
0.06924805074666317
0.24335932337782493
0.019492533368574226
0.26904651777454736
0.025571560724197317
0.256838905775076
0.05920444033302502
0.23268798731333426
0.0603277388661294
0.17586229681511842
0.022532047046385773
0.1516783401612263
0.059468745870226145
0.08930223338178934
0.11120655477732268
0.05692480507466636
0.1515131492004758
0.0661424606845515
0.13909078895202873
0.06967754724461492
0.20100436104136404
0.04057089996035436
0.22670807453416156
0.018765693141271345
0.1991542222809569
0.043924276463591976
0.1700145368045462
0.04993722743491481
0.23741244879080234
0.034657063565481774
0.32225452623232426
0.03850601295097157
0.4191225056164926
0.06799259944495853
0.5574864543412184
0.1256112065547774
0.4871151050614512
0.1789348486850802
0.3844984802431612
0.24058411523721415
0.3352054975551739
0.2879939209726446
0.2844588344125809
0.29450244482621907
0.21091581868640144
0.32889520285449986
0.26688251618871406
0.3092870358134002
0.3061979648473633
0.3589929959032643
0.2781155015197566
0.414728426060526
0.3520549755517379
0.4491542222809567
0.46425267609356424
0.5327078102286245
0.4822254526232325
0.5738403594555306
0.3622968151182765
0.6333917008061319
0.2937756045989162
0.648176291793313
0.26727897449451576
0.695107043742566
0.2821461609620719
0.8469836130566935
0.3819215012554514
0.9157195718250298
0.36308973172987985
0.9167767939738338
0.40174441654552695
0.9506409409277122
0.4106647284260606
0.8432998546319546
0.4666314259283729
0.8221223734637241
0.4429760803488833
0.8520549755517375
0.4176027487775872
0.8625941588476278
0.43841680983216613
0.8406402801638694
0.39751552795031025
0.8146392229417204
0.35714285714285726
0.7775042949649793
0.43973833751817065
0.7615468481564687
0.43881326813796717
0.7570536540240519
0.49438350733447883
0.7641733844324035
0.5571560724197171
0.7569710585436765
0.6156336725254394
0.751602352319281
0.6172195057486453
0.7379410598652041
0.8381128584643845
0.7465805471124616
0.9626007664860574
0.7405180388529138
1.0