0000010000
0.07578091958189838
0.03836626185728954
0.0862636698688901
0.049845930759470664
0.09739592773850521
0.060419310011479696
0.10941937043078964
0.07389281614403959
0.12085372485046215
0.08917890157694365
0.13114011237991655
0.10404205183976774
0.14142649990937095
0.11685094556220163
0.14693976194791847
0.13092864479487626
0.14781584194308503
0.14742311642801031
0.1441755785148933
0.16784484321189042
0.1417588061144341
0.1836142831248866
0.1425593619720862
0.19412724306688425
0.15005135641350967
0.21654280708114307
0.16402332185366433
0.28233943568364445
0.17903752039151688
0.4381004168932389
0.18790405413570174
0.6535556763941756
0.18915775481843994
0.8303425774877649
0.2047761464564074
0.9390369161984169
0.2558153585886047
0.9972811310494837
0.33582562987130665
1.0
0.41989909975228074
0.9955893903691615
0.4824481904416651
0.9919038124584617
0.5022053048154189
0.9742613739351095
0.4918131834934443
0.9149296115038363
0.4620566733127906
0.8307050933478337
0.43414295208748716
0.7791674219080419
0.4142045797836988
0.7473868648420035
0.37831550963687965
0.6534952570841641
0.3480001208386201
0.5172497130082772
0.32579602440940125
0.42178720319013935
0.3141804120596941
0.34185245604495207
0.2925654039030875
0.27249108815177314
0.30186997764485535
0.20494229955893897
0.3652045193643887
0.15280043501903198
0.45346202646365763
0.10706301734034161
0.5319920246510782
0.10241073046945791
0.5746631623466859
0.2500151048275028
0.5562352727931845
0.4738082291100234
0.5105733792520086
0.4574950154069239
0.5118421847622501
0.3549030270074313
0.5048335448009181
0.31768473204036024
0.42062413147241834
0.3221557609812095
0.361911666968763
0.3505528366866047
0.3216724065011178
0.3752039151712885
0.3757930034439006
0.30904477070871855
0.4531750347411031
0.2616760316597184
0.5241224095220829
0.26137393510966106
0.608059935955531
0.2549090689384326
0.6264425110265239
0.29176484804543507
0.6020935290918976
0.29230862183553846
0.6089058062956919
0.2908585583952631
0.4956196000241675
0.27968098604313935
0.31183916379674925
0.38076249169234494
0.16653072321914084
0.43864419068334204
0.1266690834390672
0.3730892393208868
0.11212313455380325
0.3257205002718866
0.06673312790767925
0.3725454655307837
0.018926348861095926
0.5053471089360159
0.01953054196121083
0.5732584133889193
0.0
0.4157452721889915
0.005694519968582007
0.36964533865023236
0.06603830584254713
0.3259017582019209
0.0655096368799469
0.2997401969669505
0.08436046160352849
0.23799166213521833
0.0685154975530179
0.4133284997885323
0.08333333333333344
0.6197208627877466
0.14116971784182217
0.5574889734759227
0.15567035224457726
0.4379795782732162
0.17722494109117273
0.302036130747387
0.23722131593257195
0.20814452298954753
0.21400519606066082
0.3173826354903024
0.1332245785753126
0.4730227780798738
0.25333816687813415
0.5738021871790216
0.44041145550117816
0.5942843332729134
0.5950999939580689
0.7154250498459302
0.7963718204338103
0.8134855899945614
0.8474110325660078
0.711618633315207
0.8053440879705152
0.6750045314482507
0.794921756993535
0.611866352486254
0.8174430548003138
0.6569391577548183
0.807549392785934
0.5880611443417311
0.843649930517793
0.6034076490846473
0.8526826173645092
0.663524862546069
0.8711407165730165
0.6409884599117877
0.8946136185124766
0.6565162225847376
0.8234698809739589
0.544680079753489
0.8705818379554103
0.6543411274243242
0.890701468189233
0.785390610839224
0.8867591082109839
0.8361428312488671
0.8616548849012142
0.849253821521358