0000010000
0.7843410012739228
0.7112441977947961
0.7938002430703004
0.6831300426105167
0.7730660536218941
0.6464644985576855
0.765085733530523
0.5044880148770738
0.7541036416616639
0.5018523128285477
0.7533568594145816
0.4846909639348104
0.7466797475583152
0.5237579254096323
0.730440894381562
0.6011304233230346
0.7402076347502674
0.6556601701492101
0.7558168479932061
0.7546454248605273
0.7208791530610753
0.7798895933697456
0.715300250391695
0.7217284348322672
0.7368690788221343
0.6676672572591625
0.7362540816774783
0.6025361310822483
0.7009356742272272
0.5930476037075543
0.6752082936757796
0.5820362262603779
0.6474309226421451
0.570614850716765
0.6532001815705858
0.5619463195349447
0.6194631953494504
0.5962690173224194
0.5848915701462816
0.5109308421068048
0.5802058776155685
0.5684477179213099
0.5706294935059231
0.5333050239409606
0.5177836674329728
0.4543511047984422
0.49518984376144
0.40837274684081803
0.4560057399733504
0.2666305477867426
0.4245383860717793
0.34781017088134963
0.38015609213242973
0.3357445126147631
0.3549997803581629
0.43203549412092035
0.35180765232161426
0.5200679425416956
0.33581772656055553
0.5006223185392354
0.30041146237535354
0.5253979177953819
0.28702795308450385
0.6411345233039992
0.26809482670259027
0.6223917531811459
0.26972017629918166
0.5518720805939118
0.25342275196579467
0.552984932569956
0.2504502657666233
0.5748905451510402
0.2747572957696983
0.6435945118826238
0.25377417890559806
0.6848871773095343
0.21940755275064797
0.640021671327955
0.20032799847714997
0.5042537302505387
0.17985737923359657
0.5514035113408405
0.16515601891848375
0.6429502291596507
0.12504941941340994
0.7148756095060989
0.11415518427950175
0.6056404023838461
0.10989413263438429
0.6039418388414626
0.07434144055759752
0.6673158303193595
0.07100288462946433
0.7647196638015611
0.02921236437116556
0.7166327442051164
0.0036021261329859154
0.6346331249176346
0.0
0.5851404975619756
0.016927064267201607
0.6468159254974892
0.012592798676291959
0.7241884234108917
0.03593340459490727
0.6456445023648106
0.0672104022374183
0.6276045861215642
0.09115136251153119
0.7335012373156843
0.054105105940579684
0.8450792907032937
0.0829660433719417
0.8446107214502222
0.18057487590236204
0.8733691593574747
0.22566002372131866
0.9362745815822998
0.22976000468569266
1.0
0.2519584730499467
0.9667315830319357
0.27437658325157804
0.8921119294803277
0.30798178437028695
0.9274303369305787
0.3413819864407774
0.9209289385442144
0.3529790754542927
0.9109718419164488
0.3714729181614515
0.9301246101357389
0.40421419471981024
0.900897602975415
0.4289165800301645
0.8344193401959207
0.4467807828035086
0.8196008375675402
0.47208352246936036
0.8470707100288466
0.5415928426046595
0.8531035391621399
0.5621073902156883
0.8442007233537845
0.6135475085294247
0.8404521693292144
0.7399001361779394
0.784106716647387
0.8806173399909215
0.7573396980656875
0.868112398049581
0.6367416865564552
0.8076962499816969
0.5186622347824814
0.73912406835254
0.6024775599256145
0.7093845635716693
0.753942570980921
0.6680479697772834
0.7719239160675326
0.6833203988695769
0.7597411154876784
0.6751057941516704
0.7601511135841159
0.6546644604864339
0.7088427803728056
0.6315142108268788
0.6679601130423325
0.6268431610853238
0.703864232058923
0.616856778879241
0.7701082102118814
0.6050400480283487
0.8121037295183988
0.6338570570922352
0.857847802849487
0.6280585125854775
0.8867233830700076
0.6048204061909715
0.9396717086670674