0000010000
0.851728468273625
0.6037953047057595
0.8555307496424466
0.7120731154288911
0.8658910942896021
0.7747933163567872
0.8862280671154993
0.6997941884396698
0.8223567167823633
0.639306519691632
0.7441134405413895
0.7002825548540138
0.7411832420553254
0.7235846094812856
0.7488575714235888
0.7343984372274748
0.7641364635294945
0.748979663027174
0.7898977918861415
0.7043987860606277
0.8031011267310851
0.6083301356960971
0.8241532075208432
0.6008651062196949
0.7778107231311268
0.6958174904942965
0.7467645725049713
0.6508180137440267
0.7617295147730847
0.4074022395088428
0.7640318135835634
0.2620783479261872
0.7034918198625602
0.4732619388146648
0.6154288903617402
0.5965395751212192
0.6141207660376045
0.5291450099417452
0.5898768618969552
0.6236090278020023
0.5613074266578298
0.728258973732864
0.524104370879409
0.7094917500959294
0.480639760002791
0.495796560505111
0.42177416541668156
0.438169323612516
0.3718212578923504
0.5579586283880426
0.3598737223985772
0.665678306066209
0.2833920535807725
0.7269334077510733
0.2105033662399277
0.8347228520598604
0.1383297868629435
0.8158858617923052
0.09059196986081577
0.6362367879443267
0.08319670701503491
0.2702410437087943
0.06903408099905849
0.23975302612760327
0.1670038720479997
0.4667038755363313
0.21083475773537516
0.7161893466355044
0.21025918303275556
0.7386542016953298
0.2111835908884783
0.7752816827711312
0.210799874420065
0.8928384553667976
0.2700143021592777
0.9109777793281482
0.3132347298287231
0.8701643004151121
0.3095719817211428
0.8911640562319046
0.35371681724631127
0.895280287438518
0.30147905256915636
0.8902570900338377
0.28297345379704897
0.8623504377856075
0.27294450064534154
0.834234485645516
0.25292147765723677
0.7468866641085575
0.18702689503610437
0.6996546551784278
0.17171311961488833
0.6725154358670248
0.22928803153451716
0.7092126835734472
0.2231311263822516
0.7167474796804693
0.17907349914535906
0.6905152265671329
0.1636027488052466
0.7116545156451674
0.20610806851083138
0.725956674922385
0.2549795932605438
0.726445041336729
0.24908431297310543
0.7933512401018599
0.3052115673073571
0.8387693166358536
0.5015523075313083
0.7890954756340046
0.6198765130638021
0.7330728712456831
0.6512017302124399
0.6558412111487077
0.7161021383472289
0.6473994488436183
0.7396134928663621
0.639306519691632
0.7848920361391151
0.6528412460320226
0.7901768584086238
0.5954233090312908
0.7952872641015809
0.5597725607841769
0.8289496633760078
0.4756340042557648
0.8157986535040297
0.5267031778700253
0.7940489064080651
0.7371891024522977
0.8033976349112221
0.7917466075975864
0.813478913035895
0.7236543761119061
0.7691073359612104
0.5064010883594382
0.678672341019291
0.18652108696410521
0.6103359263264383
0.16956779572330583
0.6236439111173131
0.03945302961593493
0.5832315903303456
0.001639515819583746
0.5468134091464059
0.17110266159695844
0.5227439215823078
0.2997523284612972
0.4805525517145153
0.36819339310008037
0.3742630899640703
0.5712840548365722
0.2684445529703145
0.5940977430494999
0.19286985035057744
0.6476785153661007
0.20045697143056515
0.7206544109952214
0.1933582167649216
0.7558865594586116
0.143492517528866
0.8225136917012599
0.1823525307845259
0.8687689678027003
0.2354623783444381
0.9030243834374017
0.17406774339833272
0.9307217357937699
0.1413646352949386
0.9347682003697642
0.12477761886489709
0.947814560295811
0.07887117591655932
0.9693026825269484
0.03109847559912092
0.9771165451564514
0.0
1.0