0000010000
0.39091671111788484
0.7308977694560265
0.3656720479855436
0.7986523116447676
0.34749240700623796
0.796388021031777
0.392963281479627
0.8587431009895392
0.44083996472931947
0.8825616964761978
0.4891303164563855
0.8715015077127402
0.540925964228563
0.8566965306277972
0.5453456853289211
0.8602671427482835
0.5306931124198518
0.8645780037230172
0.5617291342354213
0.860920303502031
0.5861138023753284
0.8662326776325107
0.586701647053701
0.8801232296622076
0.5583871283787465
0.8358389305581262
0.5511479300247115
0.8469862074220835
0.5427330423139313
0.871109611260492
0.527057184223991
0.8737657983257316
0.5183592601865865
0.8699339219037464
0.5301161537540418
0.8702822743057448
0.5247493495607496
0.9055529550081104
0.5071466672472542
0.9194870510880575
0.4813903615244775
0.9036370167971182
0.446903473726609
0.8757252805869736
0.43781365323695615
0.8623137131100258
0.4366161918550856
0.835751842457627
0.42831016426992974
0.8170279008501982
0.39735034454229795
0.8030938047702509
0.38988253992445127
0.8294379551714003
0.37205125134714423
0.8407158641861073
0.377145905226375
0.8342278006988822
0.369101141942718
0.8353599460053781
0.342484841227507
0.841194848738856
0.3318492069539849
0.8768574258934702
0.32409836600951447
0.9048127061538636
0.31122021314812615
0.914000500756578
0.28268797422192243
0.9455699371877075
0.24207226135138973
0.9706948541818621
0.1625390535700679
0.9801439130860762
0.13643439544529234
0.9908992934977856
0.14993305102274088
1.0
0.1324065707971827
0.9898977803420388
0.08218939484656171
0.9875899456787981
0.026594528690086022
0.944873232383711
0.022425185878664496
0.8789910843557117
0.023089232644974426
0.8304394683271473
0.021053548295794686
0.6971946745626547
0.0021772025124916195
0.5939081873700487
0.0
0.7022893284418856
0.01719989984868442
0.6610966569055422
0.052437922513362566
0.5964772863347884
0.0860757013313593
0.5666060678634027
0.08653291385898257
0.5711346490893854
0.07486310839202702
0.5829786307573404
0.07938080360544741
0.5759244946168672
0.06542493550037559
0.5746617171596216
0.05792447284484169
0.6252163594996794
0.07622385996233445
0.7019409760398868
0.10063030012736636
0.8084497229509808
0.1417467695757721
0.8326602148898884
0.179967559682564
0.860354230848783
0.20894612512382837
0.8908786100739167
0.24371604924832102
0.8660149573812613
0.20864131677207962
0.8111494540664705
0.17985869955693934
0.819640543865188
0.1604380531455135
0.8628797857632733
0.14108272280946219
0.8714579636624906
0.13660857164629175
0.8284364420156543
0.14834369318862192
0.8390611902766137
0.16845015839148278
0.8360131067591255
0.1942717801896344
0.8278268253121571
0.21360533850056077
0.8174633413526963
0.22929208260306336
0.8030067166697518
0.24950740793154896
0.7849359358160704
0.26700123011941984
0.7791010330825927
0.2925942456537596
0.7851972001175693
0.3054070824397734
0.7936447458660368
0.3084769379823865
0.801831027313006
0.3031863358770318
0.7964315650820266
0.28321050282492044
0.8010907784587589
0.266391613415922
0.8009601463080095
0.2639422605893688
0.8003069855542618
0.2563438238207728
0.7836731583588251
0.24765678579593092
0.7852842882180692
0.24894133527830103
0.7695648860778791
0.26800274327516577
0.7656894656056437
0.2962192878370584
0.7586353294651708
0.3182090332132245
0.7391711390034948
0.33865296480552154
0.735513438782509
0.36202523377712015
0.7433513678274789
0.38110841379910987
0.7608125319776624
0.39388859254743597
0.7559791423999304