0000010000
1.0
1.0
1.0
1.0
1.0
1.0
1.0
1.0
1.0
1.0
1.0
1.0
1.0
1.0
1.0
1.0
1.0
1.0
1.0
1.0
0.9983957004772791
0.9974331207636469
0.991076083904865
0.9771387318012271
0.9746821481570611
0.924236955039506
0.9415934705009424
0.8399711226085911
0.8854229334616772
0.6657040869530341
0.8377752376368668
0.5665583764488832
0.7899270043717164
0.5583764488830066
0.7927746360245459
0.6010107086993142
0.7427405446596881
0.5350739983154855
0.6451790799342237
0.5474672121285045
0.5133858741427025
0.3606064252195886
0.5198130991056029
0.30525809168571744
0.5394156338988491
0.3893233866762925
0.42561063650583564
0.34825331889463756
0.3970841856174548
0.41110175269722843
0.36378494364897934
0.5240444390967794
0.31664861829703606
0.4905546865599805
0.2977579914169976
0.5347932458990096
0.2858661212048289
0.6226687522560465
0.23577186860786903
0.5838447038062006
0.19150322865278946
0.49460554285485064
0.16362852444551398
0.4597922432118078
0.15592788673645358
0.49027393414350484
0.10649540769261621
0.5297798098905068
0.05741386916937397
0.4787229775799143
0.04218305057554245
0.43893634941643606
0.043857538202382376
0.4524124654072917
0.028626719608550923
0.5108490755224001
0.013436008502787457
0.4954879075923473
0.008633136806641755
0.5122528376047807
0.0
0.47751975293787313
0.007941282637468407
0.4691773954197247
0.01866000882364732
0.43953796173745635
0.054496049412425356
0.4232944290699075
0.10518188745838848
0.4970520996270006
0.10676613323707536
0.6389523924116629
0.11784582681586651
0.7888340753218626
0.11968074439497853
0.8578590622869292
0.10542253238679654
0.8370432759796257
0.1279829944250592
0.780411502827578
0.10841054024786427
0.7736333373440824
0.09632815946737257
0.7591946416395939
0.12885533229053878
0.7422692816748888
0.14281273813821035
0.7330846669073116
0.1329262423294429
0.7211326354630406
0.11492800705891797
0.7021216861187985
0.15097461196005296
0.7052500701881038
0.16641599486624148
0.753258733405527
0.1520675410099065
0.7668952793486541
0.18662014198050775
0.7646091525287769
0.2313700717924036
0.7824569847190468
0.2264468776320537
0.8071230898808807
0.28068222837203705
0.8137408254121048
0.36801628364015554
0.800745999278065
0.4235852083584007
0.7963341755905828
0.465647936469739
0.8096899691172343
0.5158725384029197
0.8526851963261538
0.5770164039626198
0.8411342397625639
0.6079593310070991
0.7421088517226164
0.6578530461637186
0.7332450968595834
0.7171419404002729
0.8187141539325391
0.7816648618297038
0.8931536517867887
0.8001143063409939
0.9464163959411224
0.7935166245538045
0.9775398066819075
0.8083664220109895
0.9914972125295792
0.8630329282477037
0.9964705410500142
0.9285585368788354
0.9990374202863677
0.9695584165563711
0.9998395700477279
0.9906549552801511
1.0
0.9986363454056872
1.0
0.9999197850238639
1.0
1.0
1.0
1.0
1.0
1.0
1.0
1.0
1.0
1.0
1.0
1.0
1.0
1.0
1.0
1.0
1.0
1.0
1.0