0000010000
0.00010113473168955677
0.0
0.01023483484698315
0.0
0.018871740933271302
0.0
0.009951657598252395
0.0
0.010376423471348522
0.0
0.011145047432189158
0.0
0.01771880499201035
0.0
0.025142094298023825
0.0
0.023867796678735405
0.0
0.023159853556908513
0.0
0.02702320030744958
0.0
0.030421327292218702
0.0
0.02947066081433685
0.0
0.027913185946317687
0.0
0.026092760775905666
0.0
0.026699569166043
0.0
0.03029996561419122
0.0
0.03074495843362527
0.0
0.026295030239284763
0.0
0.10443172394263639
0.18252796375331212
0.2306680960375412
0.3762212018851512
0.24883189384898566
0.5957240235441655
0.2641032383341087
0.6794635813831184
0.21193794372863528
0.732053641861688
0.16830842047776048
0.8471854204170797
0.14427880822832176
0.7344808754222374
0.23289306013471148
0.6558385080604381
0.45174861951091244
0.6848844030016785
0.4504338679989481
0.5922449887740447
0.4115779040838205
0.5942676834078359
0.41687736402435316
0.6337506826594388
0.3957604320475737
0.6017111996601874
0.42840672343696273
0.7812455753554887
0.39460749610631285
0.804142478610004
0.36800906167195935
0.8033334007564878
0.4056109549141366
0.8255830417281903
0.4283662695442868
0.8476708671291895
0.4626104896943708
0.8071360666680152
0.46404660288436256
0.7099658164606891
0.45075749914035484
0.6233135783490767
0.47620299763344737
0.56497906511054
0.5417180768219423
0.5072109063694651
0.5529642589858209
0.49054390258702646
0.5470984445478265
0.5025991626044215
0.556584882380307
0.5555937620097492
0.4575739800562308
0.5144926070511132
0.5089099698618499
0.4876312223143671
0.6354295192054855
0.46400614899168674
0.6143934950140577
0.4102833795181942
0.6341552215861971
0.3858492283419972
0.665426080624608
0.36036327595622875
0.6984769109407551
0.3388418050526909
0.6569105362163473
0.30744958433625275
0.588968223467303
0.28997350270029715
0.5608729950039443
0.2322053439592225
0.5892514007160339
0.11124820485851253
0.6216751956957058
0.024272335605493627
0.574162098747952
0.0
0.5304718946580634
0.0
0.5322316389894618
0.0
0.5643520297740651
0.0
0.5835878557414186
0.0
0.6307570946014279
0.0
0.6561621392018446
0.0
0.651530168490463
0.0
0.6438439288820565
0.0
0.6164364165941867
0.0
0.6162543740771455
0.0
0.6533505936608749
0.0
0.6561621392018446
0.0
0.6584477841380286
0.0
0.6630797548494104
0.0
0.7105523979044882
0.0
0.767855336879791
0.0
0.7176318291227574
0.0
0.7426525617427536
0.0
0.9635105888064078
0.0
1.0
0.0
0.9412609478347053
0.0
0.7757438459515766
0.0
0.5843969335949352
0.0
0.45362972552033815
0.0
0.2550213394283865
0.0
0.0687513906025607
0.0
0.035558971662048175
0.0
0.01949877626974656
0.0
0.00028317724873075893
0.0
0.0
0.0
0.0
0.0
0.0
0.0