0000010000
0.0
0.0
0.0
0.0
0.2169597195885768
0.19858645061196353
0.9198845026719534
0.8691604895707639
0.7205366890765964
0.730851002700684
0.7477302763891287
0.7860139056484516
0.7480175831753149
0.7007987128655979
0.7707866459805783
0.721254956042062
0.8014422800666556
0.8502557030397061
0.79401539964374
0.8419238062403038
0.7614922714474518
0.793828650232719
0.7028960524047582
0.783198299143826
0.6908722634028619
0.7454461874389474
0.6799833362064014
0.8165833476986726
0.7460064356720109
0.7510199390909615
0.7201919209331726
0.7579727633166699
0.8176463828075622
0.8657702694937658
0.8826639085215197
0.7797506177095902
0.9401109004194682
0.7343561454921567
0.9421651439407002
0.6998218697925646
0.929408722634029
0.6251795667413665
0.9343791300350519
0.5368039993104637
0.8927627420559677
0.48118140550479804
0.8331465839223126
0.5046831006148367
0.7670803884387754
0.5022122622536347
0.7068034246968915
0.5215767396425905
0.6824685399069129
0.5889214503246569
0.7259811526748263
0.6862035281273346
0.7955812216284552
0.7566511521002129
0.8313940125265762
0.8013560880307998
0.8281905418605991
0.83801643394817
0.8266103545365744
0.9067976785611681
0.747658449692582
0.9077170602769641
0.6565821984715282
0.9019709245532382
0.5998534735390454
0.9258748491639377
0.5204849738550826
0.876515543297133
0.47547836579900027
0.7606734471068209
0.4030052289835088
0.6331092340401083
0.3614893983795899
0.5792679423087976
0.3597080963052348
0.6366718381888183
0.3727661897374018
0.6267884847440099
0.381414124001609
0.6217318853071313
0.34968108946733334
0.6770097109693732
0.3272567948054934
0.7549273113830954
0.3227891742802966
0.7693501120496469
0.3266247198758836
0.6790783198299144
0.3551255530655635
0.6672987415962767
0.3621214733091997
0.830603918864564
0.38395678905935776
0.8747342412227781
0.4164511865770271
0.8821467563063844
0.4111647417111994
0.9517899212779406
0.4263058093432168
1.0
0.45306843647646977
0.8700224099293229
0.47405619720737824
0.7860713670056891
0.5048267540079299
0.807446991897949
0.4921996207550424
0.7969315635235308
0.5016232833419527
0.7874504395793829
0.5274952594380281
0.7663046601160723
0.514925587542378
0.8514049301844513
0.5151410676320176
0.872952939148423
0.5333850485548471
0.9267942308797338
0.5363155777739472
0.9522496121358389
0.5243205194506696
0.9235763948744473
0.5450497040740105
0.9049589151295758
0.6088605412859854
0.9173131069355862
0.6087887145894388
0.9308739872435792
0.6023961385967939
0.941791645118658
0.6528041142331785
0.943285640406827
0.7232948342239847
0.946733321841062
0.775340458541631
0.9030626903407462
0.8779377118887551
0.8918002643222435
0.9916393725219792
0.9394357294719304
0.9694736539677069
0.9235189335172101
0.9104033787278059
0.8754237775096251
0.8215250244210771
0.8429581106705744
0.7537637188990407
0.786071367005689
0.6950669424811817
0.8055507671091192
0.661279664425674
0.8597942883410907
0.6475894960638974
0.9546055277825662
0.6741653737861292
0.9843130494742286
0.7024076308682414
0.9621904269378847
0.7212836867206807
0.9810377521117051
0.7316267310233872
0.956501752571396
0.7518818594495207
0.879388611158996
0.7850657932540369
0.9184623340803313
0.7644084353272428
0.8585875998391086
0.9971987588346839
0.9698902488076773
0.21328219272539226
0.27104522208814585
0.0
0.3849910934896284
0.0
0.11584209619031208