0000010000
0.24450141240631607
0.86865437682674
0.25998073249187675
0.9330535734696218
0.276456084777036
0.9887007494734099
0.26367095014940495
0.9810590598109177
0.24138268863380316
1.0
0.24721192626096056
0.9324004376010324
0.307267769377725
0.9253465702202701
0.29240892836732396
0.868785004000458
0.2872981401956145
0.6471106902013293
0.2365984683963884
0.6215730777394972
0.24735888183139285
0.8793658050716008
0.2947112323041
0.8781248469212811
0.32333491174501594
0.7510899204807083
0.3720261907483307
0.4975425762944339
0.35840830788824873
0.2698594125042864
0.30251620593373957
0.23628822885880849
0.2379537253237106
0.1671864539620855
0.20617866531685267
0.22681775876426719
0.2210864915173983
0.1056610551409959
0.17396273859869715
0.12303446924546461
0.14257956011299255
0.3242003167708966
0.12505919043809094
0.4869617752232906
0.10760413435004836
0.48611269859412554
0.16447594010744113
0.5500547001289948
0.22729128226899414
0.6379667880410829
0.2614339597994873
0.643649070097807
0.19362212824322783
0.7232663324788142
0.10539980079356015
0.7419460183204615
0.10791437388762803
0.8343647437258139
0.10824094182192245
0.8492562415296441
0.09013274986529092
0.8904038012507559
0.08240941821922514
0.8763613800760901
0.030615743840112442
0.7348268373528409
0.022957725780905682
0.5305912512450405
0.06286432735169754
0.38063125581699114
0.10711428244860656
0.29291510866548026
0.08876116454125377
0.1483108273598616
0.0841075714775567
0.1350521692275036
0.14533905915778147
0.22812403050144495
0.15461358849174603
0.30009960321995954
0.15067844488349705
0.401270349264406
0.13789331025586604
0.43183710791437346
0.13403980863119067
0.3660663259474553
0.09519455284685628
0.3061737667978382
0.09432914782097565
0.34536191891318213
0.1094818999722418
0.37664712701859787
0.13379488268046955
0.3287722678510198
0.144098101007462
0.2745619907581278
0.15735675913982022
0.23909671309374123
0.1958264617997158
0.29363355812092834
0.1582221641657005
0.3579021275900925
0.1368156360726942
0.3637803504073933
0.17543229430302243
0.2621524092549356
0.1460248518198
0.22818934408830385
0.10412618584981159
0.23988047613604857
0.08758551997779346
0.21009748052838728
0.062717371781265
0.1644432833140113
0.04949137044233636
0.1850170631745673
0.0
0.1727381088450923
0.02762764724131748
0.13910161161275617
0.035334650490668425
0.08717731005992506
0.05840667504857719
0.08521790245415786
0.0950475972764235
0.09338210081152104
0.1379912806361545
0.10435478340381789
0.13315807520859532
0.14321636758486653
0.12318142481589739
0.1729993631925284
0.14004865862221005
0.1790082131835478
0.2006106820371308
0.10193818069003824
0.24383194814101203
0.03237921068530291
0.2537759417402806
0.017879594402625598
0.26211975246150615
0.018663357444932475
0.2809463938735859
0.05928840847117207
0.30805153242003186
0.10252600297176827
0.33910814297144193
0.21323253269761433
0.3027611318844606
0.3083944287510409
0.3185670199043158
0.2878206488904859
0.32828241594957813
0.20121483271557591
0.2757866205117321
0.15608314419607167
0.3086393547017618
0.1513805659422303
0.3313521545319465
0.15627908495664816
0.3686298842316676
0.1432816811717258
0.3882892738761984
0.12505919043809083
0.36552748885586955
0.1609816632104895
0.3741978675113891
0.20924840389922103
0.32614339597994896
0.2590826706725669
0.3836356808125013
0.30094867984912593
0.24102346390607943
0.26483026631615064
0.06448083862645512
0.16529235994317745
0.2728311807063665
0.05138546446124441
0.33912447136815654
0.030223862318958888