0000010000
0.32777457239107377
0.28388765843399266
0.32812819892423106
0.27324163859368333
0.33484710305421655
0.26810474790150557
0.33406540229671133
0.25574643116380325
0.3294682573656685
0.2465893651473135
0.3201436840439986
0.2682536432838878
0.30899514228815
0.3199947886616167
0.3078412030746896
0.36436561261143874
0.3208695490331104
0.38223305849727374
0.35061140166390564
0.38424314615942984
0.36678516257514576
0.3766494816579505
0.37212678441809866
0.3636955833907202
0.3729829328667946
0.3447114221370209
0.3695769509948077
0.2929702767592922
0.3602523776731373
0.21450241024400235
0.3559157996612632
0.1787675184723332
0.34085875411788796
0.16886597554393354
0.3354799084293397
0.16774926017606875
0.3592845576876546
0.18286214148783664
0.38885890301327014
0.23981462524893463
0.42544994323363555
0.318431387146606
0.4703419010217946
0.39563364291164876
0.5249120586647806
0.4778238939864875
0.5478977833199951
0.5404344022780996
0.5908727130599861
0.5912821753615363
0.7094678851272125
0.6283571255746433
0.7967578030486332
0.6271659625155876
0.7700869176794655
0.6092985166297527
0.7382605296953229
0.5792216493885982
0.7602412105194587
0.5400621638221441
0.7217145303281283
0.5034338997561832
0.6800796590295739
0.468369037205234
0.6825550447616744
0.4422378975972011
0.5778815909471606
0.4146922518565394
0.42572912207560143
0.4048651566193299
0.36015931805914886
0.4138733272534381
0.2744141897299411
0.3348098792086211
0.13676040871782463
0.29133242755309074
0.06329914943512835
0.4117143442089006
0.04409164510785618
0.5361908838802131
0.05172253345493131
0.5061140166390588
0.027154795361908946
0.500753782873309
0.02408382810028115
0.5364142269537868
0.04541309162649602
0.5999181075396898
0.06093543523981456
0.5988013921718255
0.06300135867036416
0.5411788791900091
0.08170634108209723
0.670941204935882
0.13441530644530886
0.8258668503043052
0.16201678795436367
0.8712054942396092
0.10865640529323073
0.8883284632135342
0.0
0.8284725194959893
0.07055779932624859
0.836215079379851
0.1813359638184223
0.6090751735561802
0.21554467792067603
0.4708258110145362
0.2668949729196523
0.5062629120214407
0.38277280425840754
0.5332129762325748
0.4164603845223251
0.466507844925459
0.4168512349010777
0.40598187198719454
0.42885592510562276
0.6196467457052984
0.43570511269519263
0.6908187384838729
0.43412309925738407
0.5754992648290497
0.35245398202088263
0.6549349513298219
0.25152152468871575
0.8397885685570178
0.2619255895326546
0.9229466396173387
0.2271585177464687
1.0
0.21100336875802644
0.9315825717954923
0.17357479201176296
0.8403841500865453
0.1561726441958717
0.6480113160490608
0.18517001991475732
0.6397476223268627
0.2835898676692289
0.5221947179363091
0.3326508961640828
0.49077779225371776
0.43851551303765196
0.2908112937147538
0.6166316142120644
0.2593199203409704
0.7520705764112491
0.3969737013530869
0.8669991996873195
0.5256193117310952
0.8402910904725569
0.5504103928976899
0.7125202404660426
0.5419978037931101
0.5755178767518472
0.5549517020603395
0.5372517634796851
0.4628599080571017
0.5494611848350053
0.36429116492024777
0.580040573991699
0.3466470621079864
0.5177092445420536
0.2870889091552049
0.5849541216103035
0.17906530923709763
0.5813247966647433
0.10424537959016521
0.5729122075601633
0.1140724748273747
0.5964190660537142
0.131120996110108
0.5509687505816225
0.17482179083921168
0.5089802527499119
0.06679819092110385
0.4799828770310261
0.12553741927078474
0.5080682685328222
0.12181503471123602