0000010000
0.5390349738530579
0.10570040425768636
0.5150576716240773
0.12305752327263289
0.46495197121981957
0.06230760672032011
0.4792122538293216
0.06623892000148358
0.5059526017134593
0.15792011274709786
0.49840522197084913
0.21177168712680333
0.48151170122019044
0.269851277676816
0.45543893483662795
0.3570077513629791
0.4902458925193786
0.28765345102547935
0.5366613507399028
0.3337165745651449
0.4790268145236065
0.39913956162148145
0.41692319103957276
0.3842302414419762
0.5016874976820089
0.48637021102992944
0.5058227941994584
0.5302080629010125
0.522975929978118
0.5896969921744613
0.37929755590995073
0.6385046174387123
0.4215035418907392
0.7516225939250083
0.49532692949597606
0.6339057226569744
0.4844045543893483
0.49252679597967564
0.4230056002670325
0.5202685161146752
0.43500352334680886
0.3558209398064013
0.3740496235582093
0.4682713347921228
0.2708155620665356
0.6253013388717868
0.20433557096762223
0.5751585506063864
0.12837963134666025
0.8354411601082959
0.11580684641916703
0.9240811482401805
0.05922931424544741
0.7318918517969066
0.07636390609353551
0.6376886844935656
0.12296480361977513
0.8438230167266257
0.06238178244260661
0.8685235322478954
0.08339205578014308
0.8056225197492862
0.09930274821051074
0.5422245299113597
0.12049846085376245
0.4372658828765345
0.11769832733746234
0.4326669880947964
0.10228832103252596
0.4435708192708526
0.09974780254422717
0.4598153024515077
0.14825872491933376
0.44446092793828607
0.2036123576753328
0.4154582205244225
0.20988020620850775
0.40002967028891445
0.19096539702555362
0.37837035938137437
0.2246782628045841
0.3907577050031524
0.23519267143863817
0.38704891888884774
0.26295293550420934
0.37050773281904825
0.32325779772280544
0.3475874346326448
0.28262804584059636
0.386455513110559
0.240885658124096
0.34373029707376757
0.23604569224492813
0.39884285873233705
0.2667544412713719
0.47880428735674824
0.2180024477988355
0.5023179913214404
0.18636650224381568
0.31168638504617435
0.27057449096910585
0.26755183028594703
0.2735044319994065
0.44891147127545167
0.2855208990097541
0.4014390090123503
0.2511219077995772
0.13989541223157662
0.25175240143900907
0.05985980788487936
0.259466676556763
0.017357119014946257
0.2803842302414418
0.02455216407669781
0.3224047769165152
0.0
0.3592330230315617
0.01980491785038755
0.3626265623261507
0.2466342766012683
0.3981381893706189
0.3334198716760003
0.45200830768089617
0.13262619144753937
0.49617995030226625
0.07083781478322139
0.5148166005266476
0.011719764121202984
0.5858027667544411
0.014241738678930103
0.7659755961873681
0.04969773393168411
1.0
0.12476356488521322
0.9723139116567151
0.19085413344212449
0.8657790305233093
0.10888996031598834
0.783536698438601
0.011274709787486546
0.6274153469569411
0.1453102399584616
0.4587953862700735
0.1479805659607609
0.3079405110707264
0.12921410822237897
0.25750101991618146
0.14849979601676383
0.29471868857322997
0.13025256833438417
0.37631198308793523
0.11489819382116236
0.3498683380929421
0.10458776842339493
0.3562103623484036
0.19322775655527927
0.2863182880243298
0.1863294143826725
0.1903719912472646
0.12417015910692418
0.19931016578273938
0.10614545859140294
0.2244742795682972
0.05926640210659059
0.24032934020695018
0.0522197084894115
0.19795645885101815
0.1038460112005341
0.16576419537885248
0.17490635315061365
0.16435485665541666
0.24574416793383516
0.16320513295998204
0.29455179319808655
0.16758150057486168
0.31598857693876753
0.14981641508734192
0.3334198716760003
0.14310351222045026
0.29714794347809975