0000010000
0.6108620338292231
0.6042133686570205
0.610428979009578
0.6099195027511713
0.6128744650499286
0.6186824943957603
0.6180201752598324
0.6295852863256564
0.6234715712247805
0.632030772366008
0.6278530670470756
0.6326421438760956
0.6344253107805176
0.6287701243122066
0.6417872427144897
0.6276492765437129
0.6425514571020993
0.6260189525168126
0.6444110454452825
0.6275473812920317
0.6542439372325248
0.6266303240269007
0.6661147340533929
0.6309099245975129
0.7341043407377215
0.6335592011412271
0.7686723048705928
0.6415070307723659
0.8089718769105357
0.6451752598328909
0.8262176482575909
0.6508813939270429
0.8181169757489303
0.6563837375178312
0.6916394945995515
0.6631088241287958
0.6295598125127368
0.6768646831057668
0.579605665375993
0.6900091705726515
0.5997299775830446
0.7026441817811292
0.6041369472182592
0.7195587935602192
0.4786529447727736
0.730359690238435
0.49918483798654983
0.7420776441817817
0.5299572039942942
0.7482932545343389
0.4753668229060522
0.751859588343183
0.40360709190951655
0.7539993886284901
0.43891379661707713
0.7575657224373339
0.4464030976156508
0.7589922559608716
0.39102302832687985
0.7598074179743215
0.3424699409007538
0.760724475239454
0.3557163236193187
0.7629661707764409
0.33123598940289356
0.7644945995516614
0.2804157326268596
0.7665325045852865
0.27025168127165233
0.7682647238638673
0.3081567148970854
0.7731556959445691
0.2854850213980028
0.7779447727735889
0.26800998573466456
0.7800845730588946
0.31638475647034825
0.7806959445689825
0.2595017322192784
0.7779447727735889
0.3243325861014874
0.7785561442836766
0.22340533931118794
0.778148563276951
0.0
0.7791675157937634
0.06567148970857953
0.7828357448542895
0.21726615039739133
0.7845679641328712
0.25410128388017084
0.7827338496026087
0.19087528021194197
0.7827338496026087
0.21647646219686129
0.7801864683105769
0.1941359282657425
0.7791675157937634
0.18473609129814536
0.7761106582433253
0.20575198695740746
0.7714234766659868
0.16349093132260006
0.7648002853067049
0.12497452618707959
0.7616415325045854
0.05127878540859974
0.7589922559608716
0.024887915223150398
0.7442174444670877
0.07361931933971853
0.6461942123497044
0.10739759527206005
0.5340075402486241
0.14652537191766854
0.43190849806399007
0.1773486855512532
0.3554870593030366
0.16290503362543313
0.3529396780110046
0.1649684124719785
0.3540605257794986
0.19979111473405306
0.3475392296718974
0.26141226818830204
0.3493733442021597
0.23356939066639495
0.365778479722845
0.2384348889341755
0.3391838190340331
0.2897136743427754
0.34488995312818416
0.3857244752394536
0.29883329936824904
0.4048553087426125
0.35324536376604826
0.49370796820868146
0.48530160994497584
0.5347717546362336
0.5924954147136746
0.6912319135928264
0.6137915223150593
0.9107142857142858
0.6046209496637448
1.0
0.5979977583044629
0.9527460770328103
0.5877063378846538
0.9494854289790096
0.5803698797636025
0.920801915630732
0.5687538210719373
0.8152639087018546
0.5489861422457706
0.6883278989199102
0.5250407581006714
0.6744956185041776
0.5065977175463623
0.7486753617281433
0.4794935805991437
0.7702007336458119
0.4578917872427142
0.7270735683717137
0.4350672508661093
0.7025168127165277
0.41774505808029333
0.6613766048502139
0.400728551049521
0.5997554513959649
0.3777002241695536
0.5547941715916034
0.351207458732423
0.5471265539025881
0.32430711228856746
0.5329631139188914
0.2969991848379869
0.5145455471775016
0.26948746688404246
0.5077695129406962
0.245032606480538