0000010000
0.3929423502364118
0.7228994057172599
0.364356049104238
0.8004164317008634
0.34433696265128183
0.7913503665466529
0.39321346462499446
0.8590638962391016
0.441905608814471
0.883572636966989
0.4868021515637878
0.8741595453953928
0.5423589120721816
0.8577625471739034
0.5454821498286557
0.8589771396347549
0.52700299310285
0.8708194161280529
0.5592439161931204
0.8650501019390102
0.5863119767492301
0.8649633453346637
0.587244610245955
0.8841365548952412
0.5550036871556847
0.8313885394525656
0.550123628161194
0.8395870385633105
0.5408732052227475
0.8681299613933106
0.523576107231163
0.869865093480241
0.5153233852427017
0.8724677916106368
0.529811738168568
0.8654838849607428
0.5232182362382335
0.9017915238797551
0.5049559710232943
0.9202273023033882
0.47986162321606735
0.9029193597362597
0.44502884657094527
0.8729883312367152
0.4386630807270204
0.8654838849607428
0.43613629462542836
0.8370710970372618
0.42915238797553446
0.8195896412614408
0.39571856157549995
0.8036264260616838
0.39039387498373307
0.8313451611503927
0.36983255975361123
0.8447056782197546
0.3759922786622132
0.8373747451524749
0.36714310501886954
0.8322994837982043
0.34019433479373623
0.8374181234546478
0.3307703986465971
0.8808831822322473
0.32436125450049896
0.9037869257797254
0.31031752917190825
0.9156292022730228
0.28335791437123153
0.9454734741682215
0.24181234546479843
0.9687242441330847
0.16008762417038996
0.9754045026677652
0.1377261094000781
0.9868563744415044
0.15122760595150309
1.0
0.1329219624343904
0.9968767622435255
0.0795558061857459
0.9907604216370974
0.02408580228169867
0.9491606298529479
0.02367370841105277
0.887303170953889
0.02371708671322602
0.8290461111352107
0.02343512774909988
0.6833383941352534
0.002797900490174812
0.5934585520322737
0.0
0.7186049538021081
0.0180887520062465
0.663644644948597
0.0549603088535115
0.599097731314796
0.09011842276493297
0.5754131783282004
0.08780852817420726
0.5771916887173033
0.0745673014358219
0.5936320652409665
0.07994621090530513
0.5826139764889604
0.06380948249685506
0.5835249208345987
0.0579751008545525
0.6298095692534597
0.07517459766624734
0.7115776688500411
0.10209083416475082
0.8221055827874896
0.14758382856894983
0.8349021819285994
0.1812562356309374
0.865874289680302
0.21339955754131787
0.8997093653754393
0.2471478766321087
0.8666550991194206
0.20633973886262102
0.8091788487398605
0.1799331974146532
0.8183316704984163
0.1601960699258231
0.8670455038389796
0.1403396521060165
0.8733353576541019
0.13758512991801503
0.8278748969765325
0.15121676137595977
0.84557324426322
0.1702815251811044
0.840020821585043
0.1959397909165835
0.8308246215243134
0.2171843144059342
0.8189823450310153
0.23196547087147004
0.8009803496291157
0.25073743113694535
0.7863184834945556
0.2689454734741682
0.7807226825142066
0.29705461328243615
0.7864052400989028
0.3070858456600009
0.7985077864052403
0.3089944909556239
0.80410358738559
0.30171778076606076
0.7927818505183706
0.280017785103891
0.8015876458595409
0.26477031188999267
0.8047542619181887
0.2649872034008588
0.8030625081334315
0.25522708541187705
0.7879234806749665
0.2458356829913677
0.7882271287901793
0.2501626686331497
0.7743460720947382
0.26957445885568027
0.7654968984513946
0.29958139938402817
0.7653667635448748
0.31875460894460583
0.7428100464147832
0.3409426105062247
0.7331800633323208
0.36522361514770324
0.7468442285168961
0.38304125276536677
0.7625037956014401
0.39536069058257056
0.7582961002906345