0000010000
0.35295042036615043
0.640056572640842
0.35638799402844334
0.6489353343285926
0.34796102773630866
0.6545925984128231
0.3390626227704878
0.6583641078023096
0.33939655849768186
0.665042822346193
0.3448573898012102
0.6135774338021529
0.3604737958670543
0.4994107016578927
0.36599355700479297
0.45446688143317304
0.35041643749508894
0.4358450538225817
0.2702129331342813
0.34870747230297794
0.2127759880568867
0.1720751158953404
0.2029739922998349
0.08407323014064592
0.17702522196904213
0.07338728687043278
0.1781252455409758
0.0
0.21576176632356397
0.13931012807417256
0.22968885047536722
0.18810403080066007
0.23192818417537506
0.11613105995128468
0.2522196904219375
0.04407951598962837
0.3405358686257562
0.08281606034415027
0.347666378565255
0.3154710458081244
0.3714543883083209
0.5129252769702206
0.4728137031507817
0.3905869411487389
0.48701579319556865
0.16516068201461456
0.511019878997407
0.07527304156517595
0.5437652235405043
0.06301563604934377
0.5490099787852595
0.22008328749901773
0.530466724286949
0.482753201854325
0.612634556454781
0.6976506639427987
0.6577748094602025
0.8757759094837743
0.6241062308478036
0.8830046358136241
0.649367486446138
0.8275320185432539
0.5286595427044863
0.7029150624656241
0.5040661585605406
0.6728215604620097
0.47953170425080527
0.7697807810167359
0.46468138602970055
0.780231004950106
0.4304235090751943
0.7507660878447392
0.4443505932269975
0.6381708179460986
0.4262787774023727
0.4459809853068282
0.4788245462402763
0.32042115188182596
0.4735797909955212
0.3473717293942012
0.42639663707079434
0.5142610198789975
0.38752258976978077
0.4998821403315787
0.3698239962284903
0.465074251591105
0.3918441109452345
0.5204682957491945
0.40557476231633516
0.5251041093737717
0.40777480946020256
0.5004321521175451
0.3991906969435059
0.4690814803174354
0.3918244676671641
0.4299520704015087
0.4354325449831066
0.36740787302585054
0.46782431052093965
0.3159424844818101
0.5158717686807572
0.32104973678007376
0.5120413294570598
0.34540740158717675
0.5837196511353813
0.3245069537204369
0.6215918912548125
0.36693643435216455
0.5564547811738823
0.5219611848825328
0.5635067180011
0.7877740237290793
0.6428655614048874
0.9303842225190532
0.7009900212147402
0.951363243498075
0.6209240198004244
0.981456745501689
0.5520154003300067
1.0
0.578140960163432
0.7757523375500901
0.5493832010685938
0.5404258662685628
0.44169875068751463
0.38225819124695526
0.4808085173253711
0.3590791231240668
0.4918480396008486
0.3342500196432781
0.46145988842618046
0.23014064587098268
0.4537204368665042
0.21788324035515008
0.4900015714622453
0.22856918362536327
0.5086823289070477
0.17506089416201756
0.6656517639663705
0.08391608391608382
0.6625088394751313
0.19611848825331962
0.47310835232183523
0.4589455488331889
0.42726094130588504
0.525261255598334
0.3783098923548362
0.46774573740865866
0.28520075430187786
0.49288913333857143
0.3214622456195489
0.5767266441423745
0.39133338571540804
0.6501925041250883
0.42543411644535206
0.6370707943741653
0.38911369529347056
0.6305492260548438
0.34699850711086655
0.7079437416516066
0.33839475131609953
0.8291034807888736
0.3704918676828786
0.8190461224169083
0.4047693879154553
0.8049029622063332
0.46067415730337086
0.833660721301171
0.4849336057201222
0.7914669600062852
0.46937612948848906
0.6527854168303601
0.48418716115345317
0.6155417616091771
0.5097430659228412
0.5815196039915141
0.5439420130431363
0.47033865011393106
0.6288795474188733
0.3592362693486288