0000010000
1.0
1.0
1.0
1.0
1.0
1.0
0.610493978080852
0.6009056796317753
0.3805661560702859
0.23846374623962235
0.42455327245862257
0.22128559735524558
0.44633422980026133
0.20908230842005657
0.4489067001158676
0.20989019165966866
0.4613332199462121
0.23693302010141062
0.48811029732229233
0.25007175278772875
0.5015147810742722
0.2476481030688934
0.5070317731974106
0.2767744198654238
0.5271225537614405
0.26350812666758794
0.5321080437532555
0.31746622303955435
0.518937420939058
0.37588893731463885
0.5100613353459547
0.34102239749981406
0.5202980663952461
0.3014786389293421
0.5104546469231342
0.23442433004156357
0.513154677750258
0.2376558630000107
0.5270800335909349
0.2132492851296334
0.546564901725256
0.21035791353523348
0.5461928502333293
0.24335356584779905
0.5589170112572153
0.21826666524932783
0.5715242418122097
0.23217076100475187
0.5680801080012331
0.2717995599162354
0.5520712638057681
0.21673593911111586
0.5005580772378897
0.24271576329021058
0.4244682321176109
0.25993643234509384
0.35958245192563243
0.2291093087283278
0.29978846215173327
0.2172887013276922
0.2715550689358265
0.30343456677261293
0.2672499016721057
0.3504193551816142
0.250869005984714
0.4033569674614397
0.2102090929384628
0.4183665876500166
0.18034930320070583
0.4052278549636981
0.1550923219202109
0.38260712425456844
0.13194008907975724
0.4182815473090047
0.12473292017900987
0.4613119598609593
0.10645987690410637
0.38583865721301513
0.08234031018464384
0.30743146280016603
0.07345359454891415
0.30037311449618903
0.0765788270810966
0.3032644860905893
0.06008100092481373
0.30959999149596584
0.04154220658424844
0.29229428210007125
0.02897749619975981
0.19947274988572716
0.02827591338641265
0.1433461248179606
0.03803429251751304
0.14105003561064267
0.027903861894486248
0.14283588277188985
0.016125774664356468
0.0838178861097233
0.002168528695799991
0.05749790056658129
0.0047303689687795605
0.08173439775493507
0.0
0.1433461248179606
0.012033208253165084
0.19585853539272696
0.0558502439594783
0.21380204734620997
0.06762833118960816
0.2398243916958107
0.03491969002795706
0.20585077546160965
0.05075845354139873
0.18497337174322076
0.13120661613853066
0.16248020154560827
0.18041308345646465
0.14253824157834852
0.17190904935528792
0.14304848362441935
0.1741519883494732
0.12803886343584225
0.19760186238346814
0.13513973191032483
0.1936581165690474
0.1890127879412797
0.23339321590679588
0.2597663516630698
0.28477884196315634
0.2631679653035409
0.32160130962125166
0.20568069477958612
0.3367066001934669
0.1707291146237497
0.32088909676527794
0.1313129165647953
0.3158185664324515
0.10805438329807693
0.300979026925898
0.10605593528430039
0.33916214004018164
0.06825550370456995
0.4129558959531429
0.048951346294898675
0.41368936889436925
0.0754414125200643
0.4118184813921105
0.08700689889766465
0.41146768998543687
0.10444016880507696
0.38317051651377126
0.10673625801239453
0.35621272841304097
0.10975519011831235
0.3462204883441583
0.11511273160205361
0.33530343456677253
0.1061409756253124
0.34055467562424946
0.11583557450065364
0.34106491767031993
0.10418504778204167
0.31419216991060145
0.11634581654672424
0.2823020420311885
0.11715369978633619
0.294367140412233
0.11077567421045341
0.30184006037864214
0.11319932392928884
0.31235317253622197
0.08403048696225272
0.10185706844684453
0.06162235710565186
0.4932552379535041
0.5343190926195615
0.9585428337567637
0.9610515238166102
1.0
1.0