0000010000
0.5145575181022206
0.5040445966007212
0.524964401490593
0.5114369679158968
0.548004968643015
0.5403399278940831
0.5828763595600933
0.5838458508801159
0.6421971097040023
0.6647377828945374
0.6859757021237916
0.7320568364286364
0.6815372496743116
0.7319356500136331
0.6376829157451449
0.7150907383282334
0.557639288635744
0.7641712364043987
0.5046050837701095
0.7524161541491199
0.4933650437785926
0.7061229436180201
0.4756112339806706
0.6518314296967309
0.4457236343805858
0.631108552731239
0.39956675856636475
0.5875420365377036
0.3959766110219045
0.605356439543127
0.38123731329717936
0.6993970975853608
0.2501590571696913
0.6085072863332021
0.17885600024237291
0.4948344290605024
0.18624837155754836
0.6034174569030814
0.20665313418365805
0.7073954009755505
0.26880661677825923
0.8067076680704088
0.37582936952767604
0.8317326627685039
0.3937043657406004
0.80125427939528
0.32341624503893107
0.8157360559881237
0.22766382888478204
0.8059805495803918
0.20160874965916314
0.8270063925833909
0.2012906353197807
0.8802678219771565
0.15839064440876188
0.9064440876177782
0.16343502893325668
0.9034144272427062
0.16107189384070056
0.8604538431241857
0.14778683309601015
0.8416699487987398
0.12520071499984844
0.8512436755839672
0.1297755021662072
0.8515466416214735
0.11515739085648513
0.8725724846244736
0.05214045505498845
0.9180173902505527
0.08732996031144905
0.9569182294664766
0.07504468749053228
0.9694610234192739
0.0
1.0
0.02763050262065636
0.9708546671918078
0.02066228375799076
0.9092313751628441
0.0363862211046143
0.8274305450359012
0.05523070863756183
0.8268852061683885
0.03259914563577425
0.8515466416214744
0.05907837731390321
0.8366407125761204
0.09391947162723065
0.8215530039082619
0.10588663010876485
0.7350259035962067
0.08575453691641163
0.6285636380161781
0.055927530523828324
0.5552458569394367
0.03685581846275039
0.4064895325234042
0.05165570939497688
0.5270700154512682
0.05492774260005447
0.6342593995213138
0.06421365164965016
0.5974793225679401
0.06430454146090221
0.5268882358287637
0.11005241312448868
0.48925985397037
0.14808979913351714
0.4546611324870482
0.14630229951222468
0.40303571969582236
0.15255854818674827
0.3946132638531221
0.15749689459811567
0.34589632502196516
0.15102856969733705
0.3315963280516253
0.1260490199048687
0.3512891204895929
0.1990032417366015
0.37770775896022074
0.31166116278365197
0.5653043293846756
0.312039870330536
0.8328233405035297
0.2913018450631685
0.7526585269791255
0.24761414245463095
0.47786833096009934
0.24400884660829522
0.25682430999484945
0.2811373345048019
0.20931923531372126
0.31981094919259545
0.26645862998757824
0.3621807495379769
0.22695185869664014
0.28584845638803874
0.1656921259126854
0.28104644469354995
0.20332050777107902
0.28771169751870823
0.2238010119065653
0.2859241978974156
0.24597812585209197
0.468249159269246
0.3040264186384706
0.6504680825279485
0.2839094737479927
0.6264277274517525
0.22592177416911566
0.5853152361620263
0.2809404065804223
0.5415820886478624
0.3056018420335081
0.4620232071984732
0.3541370012421605
0.4044899566758568
0.4242433423213255
0.3119186839155329
0.4770200260550794
0.38831157027297225
0.49289544642045613
0.35051655709394985
0.5670615324022178
0.33791316993365067
0.6652831217620506
0.3664677189687036
0.6820674402399488
0.30151180052716087
0.678371254582361
0.34379071106129017
0.6626170206319869
0.3755415517920442
0.6344411791438179
0.38017693216590437
0.5222225588511527
0.36051443633168734
0.4106098706335021