0000010000
0.5985217770380059
0.4843260809257717
0.6938929180042013
0.47917409741211947
0.6814687116078153
0.388736971426307
0.6860262354852773
0.3307177109340944
0.7364958585978679
0.3070185867712909
0.6620298815043792
0.4007846867197719
0.6175048547536957
0.35092933856457775
0.6377759283477986
0.3512463837038797
0.7422423017477117
0.38413981690643195
0.7077438275274444
0.33095549478857045
0.6417588079102763
0.38009749138033544
0.6519240676891374
0.39642531605437253
0.6787936432449571
0.43122102009273555
0.6584433083660287
0.36511710854832974
0.6793484722387351
0.325724249990092
0.7106566797447791
0.273570324574961
0.6796655173780368
0.33119327864304615
0.6757817144215909
0.5276820037252808
0.5985217770380059
0.40411366068243926
0.6365473784330048
0.3490270677287678
0.7159671858280824
0.6247770776364286
0.7364165973130425
0.6513296080529466
0.7473744699401581
0.8997344746958349
0.6017120437522293
0.7063369397217932
0.5994530971347046
0.43621448103673777
0.6713232671501606
0.41592359212142843
0.6793484722387351
0.4319343716561641
0.682677446201403
0.3873895295842745
0.650695517774343
0.32604129512939395
0.5550667776324656
0.40197360599215304
0.4311021281654974
0.5027146990052704
0.36840645186858495
0.517695081837277
0.3206911584036776
0.6151072008877265
0.28343835453572724
0.5575635081044665
0.18911742559346867
0.5054095826893356
0.12352871240042769
0.42321563032536774
0.05492807038402062
0.45174969286252115
0.0
0.5695319621131054
0.04547616216858845
0.6924662148773433
0.034538104862679816
0.6479213728054536
0.07743827527444203
0.5772203067411721
0.06634169539888211
0.4889232354456467
0.11617722823286933
0.6220029326675389
0.1532318788887566
0.6583046011175845
0.10080053897673649
0.7101414813934137
0.13149447152538338
0.7136289779257325
0.22682598184916541
0.6456227955455153
0.45359251773471265
0.7551618911742563
0.636448301826973
0.7389925890698692
0.8114770340427222
0.7980422462648117
0.7854000713351564
0.7668133000435935
0.78625213014703
0.8011334363730037
0.721515475765862
0.8349780049934604
0.7226449490746243
0.8020053105060834
0.7971901874529392
0.7412911663298065
0.7807831014940753
0.714817897198114
0.724448143304403
0.6914358181746124
0.7801093805730591
0.6594935203899653
0.7722228827329297
0.6418975151587214
0.7749573970594061
0.6004438631950216
0.758530495779337
0.7238536836682123
0.7807236555304568
0.6755835612095273
0.7582530812824483
0.6661514683153009
0.7918994966908417
0.7344746958348196
0.7921967265089365
0.5940236991241632
0.8147861926841837
0.7836959537114098
0.8564776285023586
0.7408155986208537
0.8754607062180482
0.7785439701977567
0.8958903023818019
0.7790987991915341
0.8292315618436181
0.762691713232671
0.8365434153687632
0.7385170213609166
0.8885982641778633
0.7536559267625734
0.8718741330796975
0.7626124519478468
0.905282764633615
0.760393135972734
0.9579320730789049
0.7026909206198236
0.9213926207743828
0.6663099908849524
0.8663060278207113
0.7053065430190627
0.8220782308881234
0.7025323980501728
0.7951888400110969
0.5849086513692389
0.887567867475132
0.6858082669520071
0.9250980858399718
0.795585146435224
0.8169856933380893
0.8205524511552336
0.7114691079142393
0.7031664883287762
0.7045535608132212
0.3728054531763956
0.646058732612056
0.3769270399873181
0.6401933975349742
0.46823604010621056
0.6647049498672375
0.8618475805492805
0.6723536638528914
0.9271588792454323
0.6858677129156264
0.9724963341655768
0.706436016327825
1.0