0000010000
1.0
0.7653544728410477
0.9898163329773312
0.7547044931482124
0.9835135907579837
0.7151130432166551
0.9739316175032722
0.6592758615502636
0.971991155101611
0.5921870064230811
0.9653574813098874
0.532980339656132
0.9578663938988254
0.5281667895124774
0.9475323034341675
0.5590336798086616
0.9362956723175743
0.5046405631853669
0.9347613532092842
0.42136614570014586
0.9297973796236406
0.33363919433204464
0.9235848914694869
0.2723265993772469
0.916244227500414
0.2245521142014772
0.9056393748401754
0.23026820499706688
0.9067525083108955
0.1979572496577866
0.8422960634185235
0.16697002060801153
0.7614585056935275
0.1864047293130163
0.7396170219166958
0.16745137562237705
0.7301102603829781
0.19440725642684162
0.5823342709727886
0.13959295416597745
0.4356413303449208
0.023466056950315225
0.3775778817370899
0.061493103085184964
0.27234164172144587
0.04765414642217828
0.172911746566585
0.06468208005535588
0.11256186164051818
0.06155327246198042
0.05112892793212901
0.06979647708298856
0.0012785992569082502
0.11991756795378992
0.0
0.08856932264324087
0.009551888566314221
0.09332270341009946
0.026429398757502345
0.08321424810842526
0.02766287098181389
0.004813550143654328
0.04873719520450073
0.02244317754478856
0.06433610613878073
0.052768543449811064
0.06505813866032888
0.09627100287308755
0.10060319800237671
0.10415319123332181
0.13405737150077468
0.10006167361121548
0.13644910422840306
0.2744926969418915
0.14187939048421316
0.44639660644714857
0.1459859504505183
0.42154665383053336
0.13816393146707992
0.41667293431008307
0.128942974473142
0.5206456174130178
0.1438048105416748
0.5683599332119915
0.1691361181726562
0.5381549060605603
0.17676258668150852
0.5220295130793182
0.1751981828848206
0.535266775974368
0.18259901623068944
0.5562057190992646
0.1899547225439613
0.6154123858662137
0.20416973781194064
0.6371937002662498
0.19979241565005496
0.629371681282811
0.19595661787933036
0.6311767625866814
0.18286977842626978
0.6208276297778242
0.21110425848764275
0.6049429143037652
0.2612704763910409
0.5969403871899394
0.25725417048992905
0.6075903668827753
0.2438664841528906
0.6123437476496338
0.23793980053851593
0.6204666135170506
0.24860482257555028
0.6371937002662498
0.25958573384076195
0.6562072233336844
0.277967478451842
0.6722724469381312
0.254666887287715
0.6934520675702099
0.22076144346334936
0.7058469591901202
0.22348410776335387
0.7219121827945665
0.23917327276282738
0.7423096015283024
0.2497329983904694
0.7583748251327489
0.24872516132914163
0.776365468794657
0.2518539689225169
0.787436634125062
0.2562914604611983
0.8080145609891849
0.2781931136148257
0.8130086192632263
0.2837437386242273
0.8186043713052241
0.2971013402728683
0.8276899472013722
0.31781464823478095
0.8395433144301212
0.3701770483912213
0.849290753471021
0.3727643315934355
0.8594593781494905
0.3857157899487056
0.866078009597016
0.4056619383564737
0.8648144526843065
0.39347763955534854
0.871613592262218
0.4554671399990975
0.8720949472765841
0.530904496156681
0.8788339174777
0.5849967658959971
0.8878593239970518
0.6009566930910515
0.8890025421561699
0.588215827554566
0.8997728606025964
0.5719700958197327
0.9067525083108953
0.5837332089832881
0.9121075828457109
0.6144496758374827
0.9189067224236226
0.6507769370778741
0.9248033213495994
0.6650671640668481
0.9266685720302654
0.6770258277049901
0.9353931316656391
0.6808465831315155
0.9435761669098508
0.6826667067795846
0.9417109162291852
0.6868484784668843
0.9486303945606882