0000010000
0.7691560749770254
0.7220093287787624
0.7684624854779702
0.7067503597995526
0.7705259142376588
0.6855958800783756
0.7653586724696991
0.6915607497702486
0.7635726795096326
0.6969013889129715
0.7527180038494221
0.6610428118118296
0.7384994191187947
0.6294151306549226
0.7171888817603302
0.6161675712229718
0.6955488893898147
0.6336460265991577
0.6837578679058803
0.6455064070329974
0.6900348528723277
0.6532746094224136
0.6899134747099933
0.6423852542872502
0.679440273274263
0.5948743736019841
0.6397149347158891
0.5967470652494326
0.6225139151393252
0.6078444972343121
0.6091969967574693
0.6239357736123877
0.6124915468779807
0.6188032113193811
0.6394548386537432
0.6391253836416921
0.648020668967072
0.682474727332628
0.5975620329108219
0.6850410084791317
0.5979955263477313
0.6914220318704376
0.5958107194257081
0.6801165230358409
0.5707894782472998
0.6804633177853686
0.5246484368226668
0.6910752371209099
0.5049678347869815
0.7052244629016318
0.5013611693918957
0.7416379116020182
0.5025055920653363
0.7679943125661082
0.4870038667614574
0.7807563593487198
0.45234173154618473
0.7793691803506091
0.4580638449133882
0.7731268748591155
0.48416014981533184
0.7614745712749915
0.4855473288134421
0.7587002132787708
0.478091241698601
0.7667458514678094
0.468641084773977
0.7611277765254635
0.4488564443134334
0.7641102113714004
0.43862599920237244
0.7779820013525002
0.41436770647292437
0.7992058400235822
0.41076104107783845
0.7860276395415372
0.3773820464358172
0.7691040557645956
0.33578401622999443
0.7626536734233847
0.2978446706316868
0.696415876263634
0.23349690485686067
0.6724870385462366
0.12862617259974696
0.7265176605226201
0.04803107280955776
0.7114667683931267
0.0028783964210781833
0.7362972724592953
0.04147665204348817
0.6793535745868812
0.045620849300341694
0.60402975498951
0.05014652078167528
0.5509701583118037
0.0217266910578975
0.5655355377919581
0.02408489535468438
0.590296682908221
0.0467826117112588
0.6160288533231612
0.04392155502765686
0.64023512684018
0.020183454422500097
0.6704062700490716
0.0
0.7145185621889691
0.006849196303168093
0.7138249726899141
0.01420124499315086
0.7352568882107129
0.008825926375474734
0.7339390681625086
0.010455861698253946
0.7304017617173283
0.017339737476374663
0.7426782958506007
0.030569957170848417
0.7519723951379382
0.045482131400530576
0.7686185431152573
0.061937542265610254
0.7793691803506099
0.06556154739817255
0.7612664944252745
0.06212827937785025
0.7425395779507902
0.06764231589533744
0.645367689133187
0.0952124984827731
0.600561807494235
0.12042447677342177
0.5459763139186077
0.13056822319710093
0.5336304208354291
0.16283747464063406
0.611867316328831
0.18908983717986533
0.7832532815453178
0.24091831249674886
0.9162143885141585
0.29345771705016405
0.9248148983024402
0.3411419951101943
0.9264101541502667
0.42766728511730356
0.9403513030812719
0.5043956234502611
0.9553328362608595
0.5342546513845783
0.9722564200378011
0.5698011132111462
0.9889719269650262
0.58126267968303
0.9918850028610572
0.6235022801754786
0.9897348754139867
0.6836191500060691
0.9952835914064266
0.7143104853392523
0.9815505193251379
0.7345979781866107
0.9898042343638922
0.7420714050389279
0.9959771809054818
0.7473773647066987
0.9966707704045366
0.7522671706750363
1.0
0.7396438417922356
0.9929253871096396
0.7550935478836854
0.980856929826083
0.792061868183316
0.9850184668204128
0.7859929600665853
0.9886944911654045
0.8031766399056722
0.9878621837665383