0000010000
0.0045774238549174595
0.005638223668914202
0.0030370843989769806
0.0
0.17979830272029756
0.37392466868170193
0.31162810974192034
0.6936758893280629
0.3539147872587769
0.7912113461985583
0.36202336665891643
0.7477330853289929
0.36577249476865836
0.666240409207161
0.3762787723785166
0.5885259242036734
0.3949517554057195
0.4893629388514299
0.428214368751453
0.3642757498256219
0.4772146012555219
0.2855149965124389
0.5498139967449429
0.34102534294350134
0.6719512903975818
0.38043478260869545
0.7737590095326666
0.3821785631248545
0.836273541036968
0.39641943734015334
0.8879330388281793
0.428214368751453
0.912898163217856
0.46076493838642163
0.931832713322483
0.4886654266449659
0.9130289467565679
0.5158102766798418
0.743257382004185
0.5276098581725178
0.5856341548477098
0.5244710532434315
0.6185625435945126
0.5106951871657752
0.5687340153452682
0.4953499186235758
0.5513688677051847
0.4833759590792838
0.5352824924436176
0.4740757963264356
0.5259387351778654
0.4699488491048593
0.48658742152987666
0.4607068123692164
0.46781271797256446
0.45396419437340135
0.5010026737967913
0.4465240641711229
0.5011043943269005
0.442687747035573
0.4985759125784699
0.43303882817949296
0.5370117414554753
0.4145547547082073
0.5364304812834224
0.39386189258312015
0.5560625435945127
0.3854336200883515
0.5984509416414785
0.3916531039293186
0.6118635201116017
0.4001976284584978
0.6163537549407112
0.3909555917228551
0.6395024412927225
0.49221111369448955
0.6211927458730526
0.6282259939548941
0.6236195070913739
0.5779469890723087
0.6237212276214832
0.5630086026505461
0.60186584515229
0.6062543594512904
0.5799668681701928
0.6524645431295045
0.5427662171588001
0.7021622878400366
0.49824168797953944
0.6048593350383628
0.4871105556847243
0.5498139967449431
0.46175308067891174
0.5311555452220414
0.4291879795396417
0.5055219716345035
0.3947919088584048
0.49889560567309915
0.3510811439200185
0.5551615903278305
0.3084893048128342
0.6272959776796093
0.269167054173448
0.6631016042780747
0.2605062776098581
0.6291560102301788
0.27402057661009066
0.7057661009067653
0.25510055800976505
0.78958381771681
0.2468466635666123
0.8035340618460821
0.2819838409672169
0.852941176470588
0.2808939781446175
0.9064171122994651
0.27813299232736566
0.944431527551732
0.27134677981864674
1.0
0.2682661009067658
0.9491397349453613
0.28577656358986275
0.8675889328063238
0.39346954196698436
0.6822250639386186
0.41746105556847224
0.5289467565682399
0.39156591490351067
0.4155428970006975
0.35934956986747263
0.29132759823296905
0.29977040223203893
0.2449430365031388
0.34359741920483594
0.2323296907695884
0.33843873517786555
0.2614508253894443
0.3228173680539409
0.28807254126947207
0.3584631481050918
0.2984770983492209
0.38723552662171573
0.27237851662404067
0.390999186235759
0.21884445477795858
0.38562252964426863
0.16025342943501508
0.40849511741455463
0.1385142990002324
0.40051732155312697
0.14502441292722618
0.4097593582887699
0.16025342943501508
0.40069169960474305
0.16769355963729363
0.399267612183213
0.17344803534061848
0.2968641013717739
0.17798186468263186
0.2514822134387351
0.17600558009765163
0.23541036968146936
0.16356661241571724
0.23865089514066487
0.15682399441990233
0.28015287142524986
0.18832829574517546
0.3349657056498488
0.257149500116252
0.3077336665891652
0.3062659846547313
0.1947366891420599
0.28057428504998827
0.10480120902115786
0.162752848174843
0.002484887235526621
0.002092536619390839
0.0032114624505928837
0.005928853754940708