0000010000
0.4701284345720606
0.40841141172755036
0.4065033161385413
0.6713338246131179
0.4227023897252348
0.7919781029582068
0.6313164543636177
0.9341509632592908
0.6797426044846833
1.0
0.7461969681019062
0.9974207811348572
0.5080666385935367
0.9541530687440793
0.45777187072323444
0.9456258553531962
0.7448152437098648
0.9455205811138024
0.6905068954626806
0.9000947468154545
0.5822060216864937
0.8164017264975267
0.6822560269502058
0.7740814822612914
0.7823981471733873
0.8826192230761141
0.8561559111485427
0.913411938098748
0.9474681545425843
0.8932519212548694
0.9653647752394998
0.8681440151594912
0.9562717128118757
0.9186756500684291
0.938177702916097
0.972891883356143
0.9100694809980008
0.9183071902305512
0.9186230129487323
0.8703021370670605
0.9308611432782407
0.8575113169807355
0.9003316138540907
0.8963048741972843
0.860537951363302
0.8794609958943055
0.8085982735024748
0.9435203705653231
0.8168491420149496
0.978313506684915
0.8047294452047591
0.9723128750394786
0.7935703758290353
0.9371512790820095
0.8068480892725557
0.9156226971260143
0.790227918728288
0.8501947573428792
0.6775844825771141
0.8211917043899366
0.518686177492368
0.8083482471839147
0.338917254447837
0.8312453942520274
0.23701179071481232
0.8403516159595755
0.24449942099168356
0.7414464680492686
0.27077850300031614
0.610222128645121
0.26461995999578936
0.6443836193283506
0.26622539214654206
0.7125486893357198
0.28020054742604517
0.7922412885566906
0.31686230129487347
0.8700915885882733
0.366854405726919
0.9812085482682396
0.4256237498684077
0.7707127066006952
0.45432413938309335
0.3698810401094853
0.47668175597431367
0.06700705337403949
0.5311743341404364
0.0
0.5919438888304035
0.006527002842404413
0.6741762290767456
0.05290030529529446
0.7621854932098122
0.1162227602905569
0.764843667754501
0.33814085693230894
0.6852037056532273
0.7426571218022958
0.5832850826402785
0.9796294346773352
0.5918254553110858
0.9622065480576907
0.6488182966628071
0.8669859985261613
0.6365406884935262
0.8192967680808515
0.604761027476577
0.8519317822928736
0.5883119275713239
0.7598694599431522
0.658358774607854
0.8130855879566279
0.7647515527950315
0.8871460153700401
0.7916228024002533
0.751447520791663
0.7685151068533537
0.79918938835667
0.7654095167912418
0.82856090114749
0.7340377934519428
0.9084640488472475
0.7894252026529115
0.862669754711023
0.7535530055795352
0.8527213390883259
0.7525923781450684
0.560269502052848
0.7429466259606279
0.20770607432361327
0.6475813243499319
0.29050426360669557
0.6305268975681654
0.2037056532266558
0.6241972839246241
0.13617222865564815
0.5370565322665549
0.37109169386251234
0.5150673755132122
0.6519633645646915
0.4347562901358042
0.8220338983050856
0.4653910937993477
0.7835035266870205
0.48623539319928455
0.7816085903779352
0.48434045689019933
0.7518686177492371
0.42590009474681584
0.7366564901568593
0.44650752710811703
0.7538688282977162
0.478405621644384
0.7720812717128127
0.5067375513211921
0.7826613327718712
0.5778897778713554
0.7950836930203186
0.6648857774502585
0.8301926518580911
0.7284450994841567
0.7955574270975897
0.770304768923045
0.5883250868512478
0.7840430571639126
0.2414991051689654
0.7575665859564171
0.0590588482998212
0.6952573955153177
0.028213496157490203
0.6459100957995582
0.021423307716601836
0.6220260027371307
0.08264027792399212
0.5466233287714501
0.2140225286872304
0.42703179282029724
0.040056848089272734
0.40745078429308385
0.005105800610590634