0000010000
0.3088954554717752
0.2653352353780315
0.37906307316079096
0.27379254126757707
0.5500815162013454
0.34848176074994924
0.43159007540248645
0.3731913592826576
0.19766405135520693
0.37222335439168563
0.3266252292643164
0.373293254534339
0.4112364988791525
0.3796617077644184
0.3954427348685554
0.4315773384960263
0.3813175056042391
0.48517424088037536
0.3673960668432853
0.5280211942123503
0.33359231709802345
0.5285816180965971
0.3031893213776241
0.5037191766863668
0.2812563684532303
0.5436621153454254
0.2553495007132668
0.6779600570613412
0.21977532097004296
0.8444059506826984
0.2320791726105565
0.9269411045445292
0.2577185653148565
0.9800285306704714
0.2704682086814756
0.9822192785816191
0.2847080701039332
0.9631139188913804
0.292706847360913
0.9763093539841051
0.2779320358671287
1.0
0.26432901976767875
0.9894028938251483
0.2905160994497657
0.9335133482779714
0.3328281027104137
0.9078866924801307
0.32977124515997575
0.828968820052986
0.3812538210719382
0.821683309557775
0.4410663338088447
0.8596902384348891
0.42945027511717976
0.8550540044833916
0.3974042184634199
0.8430813124108425
0.3903479722844917
0.8096087222335444
0.37129356022009385
0.7424597513755864
0.3885138577542289
0.717495414713675
0.405836050540045
0.671999184837987
0.378438964744243
0.616007744039128
0.30146983900550256
0.5541573262685963
0.23699561850417786
0.5035663338088447
0.21310118198491965
0.4716731200326067
0.2090253719176687
0.41308335031587545
0.16430609333605062
0.37222335439168575
0.1409466068881191
0.30283268799673946
0.1665223150601182
0.2961585490116159
0.18793305481964556
0.27037905033625426
0.16835642959038108
0.1982881597717546
0.15731353168942336
0.13908701854493588
0.1506011819849196
0.1358263704911351
0.15172202975341348
0.0982270226207457
0.196950784593438
0.0834522111269615
0.18635367841858566
0.06852455675565511
0.23365854901161612
0.10372936621153464
0.3163465457509682
0.1383737517831668
0.3441002649276545
0.12222335439168534
0.3540223150601184
0.08813939270430009
0.3738791522315062
0.11386794375382117
0.3958121051559
0.15462604442632982
0.4402256979824744
0.13664153250458547
0.48465202771550886
0.13470552272264094
0.5342750152842879
0.09603627470959845
0.5612517831669047
0.09878744650499278
0.5383890360709195
0.09904218463419587
0.573288159771755
0.10271041369472193
0.6488434888934177
0.1089260240472794
0.6504738129203184
0.07484206235989405
0.5847895863052787
0.07015488078255565
0.5146983900550236
0.06928877114326447
0.503757387405747
0.04575096800489095
0.47616924801304295
0.0
0.4580064194008561
0.07749133890360729
0.44133380884450807
0.2109741186060731
0.4046642551457103
0.17531078051762786
0.37342062359894057
0.1363867943753822
0.3798782351742411
0.1376604850213981
0.41247197880578784
0.15457509680048917
0.39162166293050743
0.17332382310984326
0.34446963521499907
0.19467087833706964
0.32556806602812327
0.20251681271652758
0.2956490727532099
0.18524556755655194
0.2392118402282454
0.18157733849602625
0.18823874057468928
0.18183207662522916
0.17500509476258405
0.14800285306704708
0.1770939474220502
0.15325045852863256
0.17008864886896277
0.20307723660077448
0.1569951090279192
0.21545750968004898
0.12363715100876309
0.18957611575300598
0.09491542694110455
0.24587324230690863
0.07015488078255555
0.24159364173629505
0.06028377827593236
0.19436519258202564
0.035752496433666084
0.2102608518443042
0.029842571836152423
0.19920521703688623
0.0440951701650702
0.1339922559608723
0.06855003056857543
0.07061340941512127