0000010000
0.6867272526814823
0.7042730465735301
0.6636373659258792
0.460458962687625
0.6697169677592099
0.3985289253594997
0.6144965428170921
0.46524704288796837
0.5318864090973523
0.4154132081712369
0.46346726307665664
0.4081050857601865
0.4766817344190515
0.45485186876880174
0.5349262100140176
0.5055677182592808
0.5833740215148604
0.4076010773180449
0.5841457844418894
0.3811406341056212
0.5847442944669324
0.48969145233182626
0.5878943472303161
0.4985746011245689
0.6058023971901528
0.6424060103006727
0.6189538674772802
0.6819706730087729
0.5948402135735772
0.6620623395441873
0.6865382495156793
0.6451150556771826
0.7575719393299836
0.655321226630546
0.7261344127514135
0.5384542691090074
0.6342001228520577
0.5523775023231638
0.5294766187333638
0.6142445385960212
0.48389535524720045
0.5474004189570172
0.4662078089808004
0.4174292419398023
0.4893291962640376
0.37087146209698996
0.599943299050259
0.4115701437999087
0.574317619820132
0.4962435620796647
0.5272243310075442
0.675733568537273
0.47482320328865507
0.6009513159345419
0.4654202957899545
0.5011576443905436
0.5164354002929549
0.49630656313493254
0.5141673623033185
0.6369879195476525
0.437510828306374
0.7077381046132524
0.4431809232804648
0.6688034524578286
0.4607897182277804
0.682159676174576
0.3769825644579545
0.5518734938810222
0.3279204926682521
0.5035516844907149
0.2957269534264698
0.631065820352491
0.2638956702524768
0.8210770030398007
0.2728103195728528
1.0
0.28218172654391943
0.9021593611692995
0.24245956119765005
0.8370792710777907
0.22170071348695086
0.8592556425320119
0.2366004630577561
0.9474571199067578
0.22004693578617437
0.9062544297616979
0.21443984186735118
0.9083334645855319
0.18454584114283912
0.7918445133955994
0.12373407254571507
0.7598399773196199
0.1144886676851836
0.7606589910380996
0.13614528043344723
0.659983304720354
0.13738955127498378
0.6938148713990959
0.13186120867524523
0.7226063536564237
0.14589469373612
0.5327841741349169
0.17336315383282663
0.5004016317273311
0.18323856924603474
0.5023546644406295
0.09429682947189362
0.4338095163093983
0.04054117906474929
0.5840040320675371
0.0
0.6514781622592178
0.04583326770723399
0.7365295868705801
0.048463561764659505
0.6926808524042778
0.050196090784520586
0.45806492258745307
0.07845206407207313
0.48559638373942715
0.09059551747491768
0.5505504717204014
0.1285221527460584
0.44615772314186275
0.16797656360744037
0.31297349230599614
0.19196421540060793
0.44244066088106965
0.23064686333496084
0.5560315635286888
0.2492636751665589
0.5671827503110675
0.19097194878014198
0.5104818005701597
0.17885999590493135
0.4952355451953819
0.1830180655525981
0.6618103353231164
0.14329590020632843
0.5485974390071034
0.1633144855176323
0.5705848072955223
0.1616764580806728
0.49202249137673015
0.12088327479485281
0.26874675150808747
0.16832306941141265
0.43078546565654974
0.24409758863460962
0.6143705407065568
0.3133672489014191
0.7343245499362113
0.2606511159061914
0.7859224142004378
0.34146571955080246
0.7626750248066653
0.38937802208186983
0.6575262635649147
0.38262115890441173
0.6008883148792741
0.35625521727488946
0.4700981241435794
0.3251484462364745
0.3438440093871572
0.3216203871414845
0.3277157392386321
0.29486068891653916
0.363122332299066
0.24497960340835706
0.3580192468223839
0.2626198988833063
0.30056228441826405
0.3358743758957963
0.33338583421272305
0.3851569513789355
0.4477327495235542
0.4380935880676001
0.4966215684112708
0.3414342190231686
0.5183569324786188