0000010000
0.6407922355924097
0.8671571378099215
0.6084959577696027
0.8597585053099734
0.5865286697009371
0.8500322131471204
0.5893758962528834
0.8305796288214145
0.6009102811896004
0.8000706610969093
0.6179936405012779
0.7504416318556851
0.6486065216035908
0.6940790157324849
0.6825446307957682
0.6452812935137269
0.711162375044163
0.6204252135419913
0.7330880977617052
0.6094519608454391
0.7476151879793002
0.6080387389072467
0.7498597169399586
0.6294864600868706
0.7478645800860401
0.6503522663507693
0.7483010162728347
0.6657314462663916
0.7530186836253296
0.6747926928112726
0.7617474073612234
0.6703867655922022
0.7675873391940472
0.6821081946089732
0.7745287528316392
0.717688135170521
0.7741754473470912
0.7605004468275237
0.7637841095662656
0.792173244383481
0.7559698235550842
0.8107113909844756
0.7458070952054365
0.8106282602822281
0.7421909096577087
0.8018164058440881
0.7505039798823698
0.7740507512937213
0.7674834258162396
0.7400502940748589
0.7866866180352058
0.7018933017436666
0.8062223330631582
0.6708855498056822
0.8131429640251879
0.6576677681484713
0.8038323253735683
0.6642350936259527
0.7852526134214516
0.6890911735976885
0.7636594135128953
0.7168568281480553
0.7451004842363403
0.7376395037097073
0.7403828168838457
0.7440405677826955
0.7497350208865887
0.7287445185693204
0.7703098696926239
0.6941621464347315
0.7819897333582723
0.6509341812664958
0.7705384791238021
0.6148554564914684
0.7536213812166176
0.5957353949747488
0.6900056113224015
0.5947378265477897
0.5262796932477086
0.6096182222499326
0.3533886152503273
0.6232516574183756
0.18897686888209977
0.5970654862106944
0.06135045825799605
0.5949040879522829
0.020263108672610483
0.6446993785980003
0.0
0.7073799280919426
0.008707941060331945
0.7393852484568864
0.029781574079847
0.7163580439345765
0.057547228630213776
0.6785335744123699
0.1146164557225094
0.6765384375584511
0.1836980692894402
0.6604942120248554
0.1911798324916347
0.6510173119687425
0.1893509570422095
0.6092025687386989
0.1987239437205146
0.5874223247500882
0.18656607851694818
0.6914188332605935
0.1834902425338237
0.8318265893551136
0.21703348089032984
0.8804580501693784
0.25128333021593197
0.9645031901406975
0.3019930585863623
0.9775547103934158
0.3449924143234198
0.9365712741858375
0.40326703659829144
0.9708211235114397
0.42107778955462716
0.95760334185423
0.51006920630962
0.9786354095226216
0.7205769270735912
1.0
0.9070390922127309
0.9862834341293095
0.9368830143192632
0.9236028846353678
0.9301078620861645
0.8219340357877667
0.9584138662011339
0.7245879834569906
0.9937236319803806
0.6428705031485746
0.9589749984412991
0.6641519629237066
0.9228547083151483
0.5840139659579773
0.8342581623958265
0.46804663632396015
0.7572791321154679
0.4634744477003969
0.6895899578111684
0.45266745640833755
0.6412286717792044
0.4612299187397385
0.6183261633102641
0.49182201716648993
0.6182014672568944
0.4721200407340439
0.6393374483030945
0.43313174138038457
0.6553816738366893
0.45699025292516143
0.6330610802834753
0.456657730116175
0.6052954257331088
0.3703680611841965
0.5853024918427995
0.22829769104474523
0.5673046948064092
0.0969511814951057
0.5366918137040958
0.12887337115780284
0.47991354406966347
0.36055863831909674
0.46767254816385045
0.5534218675312258
0.49680985930128635
0.5440280981773594
0.5161377475736222
0.45965043539705297
0.5315792755159298
0.41243219652097957
0.5622129392938046
0.37934617702683054
0.5657875594904086
0.3878255086559843