0000010000
0.596547505776811
0.41935571564496366
0.5040369715916811
0.32127225771374157
0.500339812423542
0.17202664129400555
0.45779529699605803
0.3143672692673641
0.43595215441076507
0.51368764442028
0.49830093788228896
0.5360880793801821
0.5542204703003941
0.5375560690498842
0.5479271442163925
0.5469077069457655
0.5371482941416338
0.502433056952562
0.5112274024738342
0.4706266141090121
0.5580807394318331
0.49596302840831863
0.6035068642109552
0.46845181459834173
0.631072448008699
0.5606633138507543
0.6788092972679081
0.5249422318879978
0.687263830365638
0.5223868424629604
0.7154954465135243
0.5115672148973767
0.6990213402201985
0.4589914367269266
0.6608807938018212
0.3822210140002719
0.6595759140954192
0.27636264781840414
0.6710072040233789
0.2259616691586245
0.6815277966562455
0.16593720266412934
0.641402745684382
0.09781160799238814
0.6721217887725973
0.10335734674459701
0.817643061030311
0.25097186353133066
0.9151284490960987
0.28772597526165566
0.9128585021068367
0.3672148973766481
0.9221014000271849
0.5004757373929591
0.9195731955960311
0.5524534456979743
0.7916406143808616
0.5809976892755196
0.49475329618050834
0.6192741606633135
0.343332880250102
0.5927416066331382
0.26074486883240444
0.4944950387386163
0.13559874949028136
0.3670517874133478
0.014598341715373195
0.2878347152371888
0.0
0.28614924561641947
0.012926464591545402
0.2722848987358978
0.022047030039418315
0.23085496805763225
0.022278102487426912
0.2303656381677314
0.033587059942911425
0.28685605545738735
0.02586652168003264
0.28152779665624567
0.011268179964659446
0.24118526573331528
0.03882017126546152
0.31958678809297275
0.01620225635449235
0.30311268179964646
0.027538398803860185
0.4039690091069728
0.07068098409677855
0.6632594807666168
0.0664129400570885
0.7026777218975125
0.09857278782112268
0.7293190159032209
0.11643332880250112
0.7455212722577135
0.15332336550224274
0.7270898464047847
0.17281500611662376
0.6910425445154275
0.1666711974989806
0.6390648362104114
0.2115943998912601
0.6242761995378552
0.22373249966018754
0.6371075166508082
0.24639119206198185
0.6941416338181322
0.26468669294549413
0.7325812151692265
0.31777898599972804
0.7075710207965202
0.33646866929454927
0.6994698926192737
0.33809976892755195
0.6858773956775853
0.3629060758461328
0.6504825336414299
0.3708984640478455
0.5963300258257441
0.3606633138507544
0.615250781568574
0.3551175750985455
0.6327035476417017
0.39597662090526015
0.5950795161071085
0.43251325268451796
0.6020388745412532
0.4119206198178604
0.52842191110507
0.3498572787821122
0.42783743373657745
0.3806850618458611
0.426750033981242
0.42848987358977836
0.4349055321462552
0.46902269946989245
0.39646595079516095
0.5103574826695664
0.3655294277558785
0.5243033845317383
0.3720538262878888
0.5380861764306101
0.42783743373657745
0.6348103846676633
0.44425717004213666
0.7946581487019164
0.4375696615468258
0.9498708712790538
0.41690906619546
1.0
0.49373385890988175
0.9475329618050838
0.5252140818268314
0.9017806170993611
0.5361424493679486
0.8902541796928095
0.5178741334783198
0.9184722033437541
0.5150468941144488
0.9636400706809839
0.5702868016854693
0.9758733179285033
0.5115672148973767
0.9576593720266408
0.49280956911784657
0.9600652439853201
0.5632730732635585
0.9497757238004618
0.5432649177653934
0.9598205790403698
0.5221149925241266
0.9783471523718905
0.5112409949707761
0.9808753568030444
0.5309229305423406
0.9718771238276468
0.4853065108060351
0.9648090254179688
0.4740519233383173