0000010000
0.8453330834315087
0.5894023776373567
0.858372603620006
0.5979704401842131
0.8529506265395738
0.611250937131841
0.8458150369497696
0.6106083324408268
0.8178483452929205
0.5996840526935844
0.8268715861625788
0.6198189996786978
0.8343017029024312
0.636526721645068
0.8336590982114168
0.6204616043697119
0.8330834315090498
0.6365267216450681
0.8373272999892898
0.6397397451001393
0.8414640676876941
0.6234604262611116
0.8289065010174571
0.6279586590982116
0.818678376352147
0.6476652029559813
0.8196958337795862
0.657732676448538
0.8225206169005033
0.6669433436864084
0.8275945164399696
0.6591785370033199
0.8328022919567312
0.6986987255006956
0.8193879190318087
0.7133179822212701
0.8252784620327724
0.7214576416407837
0.8459087501338758
0.7252061690050333
0.8274472528649458
0.7308289600514084
0.8228419192460101
0.736826603834208
0.8441817500267749
0.7229570525864839
0.859470386633822
0.7275623862054192
0.8566188283174463
0.7399860768983609
0.8324542144157651
0.6958070043911317
0.7946878012209488
0.5113794580700438
0.7150182071329119
0.5042572560779691
0.6506774124451106
0.5400824676020134
0.589937881546535
0.5444200492663595
0.48136446396058685
0.6360447681268069
0.3447172539359537
0.6019331691121342
0.23366713077005455
0.5198404198350647
0.14588465245796284
0.5068276748420263
0.059628360287030065
0.48904894505729885
0.026065652779265303
0.43405269358466303
0.0
0.38907036521366567
0.008822426903716435
0.4367302131305556
0.010723465781300238
0.531086001927814
0.008353860983185264
0.5968994323658562
0.018019706543857844
0.6223894184427544
0.016439970011781064
0.7139070365213662
0.000669379886473219
0.766386419620863
0.017350326657384674
0.7438417050444468
0.01593124129806155
0.6540912498661241
0.025489986076898376
0.5787994002356215
0.03554407197172549
0.5400824676020134
0.01360179929313487
0.6411320552640032
0.0798302452607904
0.6959676555638853
0.1194441469422728
0.6796347863339399
0.10112991324836672
0.6241565813430435
0.10728820820391984
0.6214255114062334
0.14267162900289176
0.6710131733961656
0.17942058477026893
0.7103727107207882
0.19458873299775087
0.752677519545892
0.19689139980721868
0.7913409017885825
0.19130877155403223
0.7740976759130339
0.1690050337367462
0.7652618614115878
0.19454857020456237
0.7630662953839561
0.24254310806468887
0.7315786655242583
0.2936034058048622
0.6743868480239901
0.2974188711577594
0.6425243654278677
0.3167639498768341
0.6250133875977292
0.3551729677626647
0.6885241512263036
0.39123915604583903
0.6850969262075614
0.421977080432687
0.703464710292385
0.4354048409553388
0.7165310056763412
0.48596979757952224
0.7024472528649456
0.5005890543000963
0.7241351611866761
0.4967735889471992
0.7617810860019277
0.520978365642069
0.7608707293563236
0.5605521045303629
0.7694387919031807
0.5537110420906071
0.7819160329870405
0.5985059440933919
0.7858787619149619
0.658455606725929
0.7647263575024095
0.6729409874692082
0.7963210881439433
0.7303871693263361
0.828933276212916
0.816911213451858
0.7948216771982433
0.8921093498982539
0.7980882510442325
1.0
0.7917157545250078
0.9965995501767163
0.7772571489771875
0.9651520831102064
0.752463317982221
0.9288181428724427
0.7497322480454103
0.848693370461604
0.7452875655992283
0.8076603834207986
0.7448056120809677
0.8072052050979969
0.7513923101638638
0.7870836457106134
0.730507657705901
0.7864812038127877
0.7230106029774015
0.7778863660704722
0.737844061261647
0.7726919781514402
0.7400396272892792