0000010000
0.20692812452311907
0.1966274988554858
0.23510224324736761
0.1653441171982298
0.2462612543873035
0.2027315733251946
0.23613230581413092
0.2778116893026094
0.23372882649168306
0.3253471692354647
0.21699984739813813
0.35792766671753407
0.19021822066229213
0.4223256523729588
0.17924996184953462
0.49137799481153677
0.1740424233175644
0.5421181138409888
0.17944071417671287
0.6220814893941706
0.19657027315733255
0.7233328246604609
0.19901190294521595
0.7952846024721498
0.1891118571646573
0.8574698611323057
0.19191591637417965
0.8306119334655883
0.2150350984282007
0.9235464672669005
0.23384327788799023
1.0
0.2278155043491529
0.973523576987639
0.22520219746680922
0.8647947504959559
0.2306195635586754
0.8322905539447584
0.24345719517778128
0.7733099343811993
0.2564855791240651
0.7488173355714939
0.27626659545246446
0.6371890737066993
0.2927094460552418
0.5794292690370824
0.3297916984587212
0.5351747291316954
0.3476842667480543
0.45482984892415684
0.375724858843278
0.3956203265679842
0.40805737830001515
0.3332061651152144
0.4297649931329162
0.281550434915306
0.4542003662444682
0.24889363650236543
0.46602701052952844
0.2439340759957267
0.4724553639554401
0.18304593316038462
0.4349725316648862
0.14527697237906298
0.39424690981229965
0.15382267663665505
0.37114680299099656
0.1383335876697696
0.38171448191667917
0.09316343659392626
0.42432855180833207
0.03204639096596981
0.4334465130474592
0.0
0.4259499465893484
0.02800244162978799
0.40660766061345927
0.07210437967343207
0.38573935602014336
0.11200976651915147
0.3930070196856401
0.1435983518998932
0.3779185106058293
0.15260186174271348
0.34550969021822053
0.16267358461773226
0.3354951930413551
0.16412330230428804
0.30497482069281234
0.12643064245383784
0.21932702578971464
0.08179459789409428
0.14617350831680143
0.07301999084388806
0.0984091255913323
0.1021669464367466
0.09823744849687167
0.1408515183885243
0.09182817030367758
0.16313139020296047
0.07992522508774617
0.18571646574088194
0.0898824965664582
0.19769571188768478
0.0908362582023501
0.20105295284602476
0.10420799633755533
0.20647031893789078
0.1145086220051884
0.17991759499465884
0.16751869372806355
0.13985960628719674
0.18592629330077817
0.1181138409888602
0.16788112314970235
0.11521440561574865
0.2036853349610864
0.11963985960628733
0.21062871967038
0.13070349458263394
0.23075309018770013
0.17289790935449406
0.2698573172592705
0.2074622310392187
0.30970547840683643
0.2018922630856098
0.3576796886922019
0.153593773844041
0.3908705936212421
0.1104074469708529
0.4187967343201586
0.08400732488936376
0.4044330840836257
0.09598657103616666
0.36576758736456566
0.10399816877765916
0.4905196093392339
0.12025026705325811
0.5603921867846787
0.1653441171982298
0.5152411109415532
0.19769571188768506
0.43024187395086205
0.22897909354494125
0.3999504043949335
0.2520982755989624
0.4060354036319242
0.2632382115061803
0.38947810163283997
0.2560659240042727
0.3756676331451243
0.22905539447581233
0.37183351136883863
0.18724248435830892
0.36292537768960764
0.1770181596215473
0.31825118266442853
0.19822981840378429
0.3122043338928734
0.23439645963680728
0.32301999084388816
0.23752479780253302
0.32425988097054786
0.226842667480543
0.3189188158095528
0.25660003052037217
0.27645734777964287
0.3039066076606136
0.2587364565847703
0.2881123149702427
0.24984739813825727
0.19822981840378429
0.246928887532428
0.16435220509690218
0.2298565542499617
0.20502060125133542
0.22222646116282618
0.22302762093697556
0.21858309171371906
0.2085304440714177