0000010000
0.8205125171548912
0.12427239600586824
0.8532724433297053
0.18664521319388586
0.8922554540722161
0.325540674837916
0.9020633192939282
0.6035682173110598
0.9032700771378545
0.7770574038143011
0.9022171217642327
0.8547158203587146
0.8981236098622879
0.963891912356254
0.8908475699209689
0.9575031943589992
0.9026312053381292
0.9239505939141541
0.9040509204486298
0.9582130519142489
0.9065117599734988
0.9228148218257537
0.9108655529790356
0.8462448535327244
0.9102266811793103
0.8158629501679996
0.906724717240074
0.6303061852254984
0.9181534238796082
0.581799252283375
0.923642988973546
0.5568122663385549
0.8883512375183382
0.40362500591547973
0.8198736453551656
0.35923524679381014
0.7435402962472198
0.42373763664757946
0.7235578060669159
0.4880980549902988
0.6927854810468033
0.405186692537031
0.6635985045667504
0.4274288959348825
0.6272892906156832
0.4582367138327576
0.5917609199753917
0.4752732951587715
0.5687615351852727
0.5128010979130188
0.59688372533245
0.5374094931617054
0.6094008802233686
0.602858359755809
0.6179428328048838
0.664663290899626
0.6107377786190905
0.7062136198002935
0.6093890492641144
0.7220197813638732
0.5946949978704272
0.6931522407836828
0.6027637120817757
0.6629123089300082
0.6129738299181298
0.7192276749798869
0.6177062136198004
0.859448204060385
0.6273721073304624
0.8751123941129143
0.650418815957598
0.912119634659978
0.6596706260943639
0.934882400265013
0.6639652643036299
0.941839004306469
0.6254436609720316
0.9271212909942735
0.6525247267048414
0.9364914107235816
0.6491292413988928
0.9446311106904545
0.6459703752780277
0.9692395059391418
0.6681534238796082
0.9637972646822206
0.6777128389569826
0.9445364630164211
0.6338199801239884
0.9266953764611238
0.6134943921253135
0.9435899862760868
0.5775046140741094
0.9691921821021251
0.5555700156168661
0.9890681936491411
0.5576640954048554
0.9750130140551798
0.5194737589323742
1.0
0.4621409303866358
0.9982490180303817
0.42277932894799136
0.9889262221380908
0.3693507169561308
0.9653589513037717
0.33144432350574987
0.9102266811793099
0.2907813165491458
0.8955562917041314
0.25683829444891404
0.8400454308835362
0.30123988452983785
0.637452084615021
0.31903364724811895
0.3916047513132366
0.32445222658653167
0.13818560408877958
0.3648904453173064
0.0
0.37667408073446595
0.07515025318252809
0.3963371350149073
0.19984856372154663
0.4245539728361176
0.1904311201552223
0.4025010647863328
0.2740996640007573
0.36607354124272407
0.2767971227107094
0.4031990913823294
0.37158676825517006
0.4095404855425679
0.3486347073020681
0.4124390705598411
0.23373243102550761
0.4062988027069236
0.2101178363541717
0.41667455397283604
0.2917041313709716
0.4010576877573235
0.3310775637688705
0.4447494202829966
0.321707444039563
0.4730727367374947
0.2605177227769628
0.4744806208887419
0.26099096114712983
0.45331503478302027
0.296625810420709
0.4166745539728362
0.30221002318868023
0.45915952865458337
0.28403766977426537
0.4259500260281103
0.26969854715820346
0.4066892243623114
0.32871137191803534
0.4300080450522929
0.34835076427996803
0.42645875727604
0.38072026879939425
0.389214897543893
0.4329184610288203
0.37711182622687056
0.3944915053712556
0.4248852396952344
0.34328711371918036
0.4748710425441293
0.2911835691637879
0.4678789456249113
0.29634186739860885
0.4395201362926507
0.29520609531020786
0.45671052008896884
0.28484217500354936
0.4376271828119825
0.302257347025697
0.4459916710046851
0.33836543466944297