0000010000
0.6281474373821262
0.5244350329219469
0.6550474803957251
0.5729742249280346
0.6731793667074746
0.6276676703173081
0.6791764550177017
0.6783906296529133
0.6734192502398835
0.7199483836813022
0.6586953644575324
0.7551202726400423
0.6363117493299805
0.7767594216325315
0.6055322105681104
0.7585944479370016
0.5850014889322701
0.7093935082553023
0.578665254938292
0.6443106243589319
0.5746947688846241
0.561426727988618
0.5686645931906164
0.46742547066803436
0.5633375244019455
0.368825067001952
0.5757949243953279
0.2885881613340834
0.6019753168116997
0.2367402309499388
0.6221338053800085
0.2043145948449856
0.6279985441551137
0.19154286470568763
0.609204910167753
0.1960427488998445
0.5800218376732951
0.1962412732025279
0.5533699500380505
0.19842504053204515
0.5679945736690599
0.21440624689805768
0.611140522118916
0.22760811302650297
0.6348641762895808
0.2274426761076001
0.6595060053601564
0.28862124871786393
0.6400175363134036
0.5704595837607118
0.6128527942295602
0.9073222380306388
0.5838517023458955
1.0
0.5707242828309566
0.9764086953644574
0.5398868411474703
0.9661516063924822
0.5252043145948448
0.9686662475598055
0.5177761969361082
0.9598980908579561
0.5153939053039075
0.9542401482314795
0.5465704926711445
0.9326671740065513
0.5726433510902291
0.9651920722628462
0.5535767461866791
0.6735929590047315
0.49434205737352344
0.4433047678920027
0.42267478410482073
0.5485888230817589
0.38178704959798826
0.5142110313337525
0.39981140191245085
0.5385633457962479
0.42378321146146963
0.5457102206928496
0.43356053336862654
0.5625847864209376
0.416594977335142
0.5052112629454388
0.3977930715018364
0.44823478807530687
0.38239089435198365
0.46891440293815967
0.37012374681533927
0.5775733712735334
0.3574347351354928
0.6454686827912516
0.3415610627667669
0.7309995698640108
0.3305346921218939
0.721404228567647
0.3213694868146775
0.7875459087449956
0.33259438176223394
0.7705720808655662
0.3246699533467889
0.8248353902656914
0.3224779141713265
0.8683783873209141
0.3280531383383516
0.791086258809516
0.32675445852496443
0.732885550739503
0.33581212983489395
0.6750488038910764
0.31874731165006787
0.6277338450848692
0.27024947887370543
0.5276775965324422
0.26057141911789033
0.43136022234721877
0.2766270720974092
0.345134500215068
0.30497468815140777
0.3368626542699269
0.3046603580054925
0.2924262978526287
0.3109965919994706
0.3311716242596698
0.28642093769645627
0.3575753565165602
0.28098633491049857
0.35903120140290506
0.29331138536875884
0.3803725639413692
0.26747841048208315
0.3534063461602091
0.2780911888296993
0.3232306521523343
0.30412268801905834
0.3109552327697448
0.275560003970486
0.39817357641531287
0.28902656916917574
0.398239751182874
0.3074314263971147
0.3594282500082717
0.31513251497204103
0.3908943519835886
0.37746914601462456
0.42404791053171426
0.4060566456010324
0.4159084141216953
0.4461668265890216
0.3673361347318266
0.4724795685405155
0.28197068457797037
0.4423617774542566
0.22224795685405155
0.43572775700625355
0.16467590907586935
0.4585415081229526
0.09360420871521687
0.4654815868709261
0.045561327465837256
0.4749032194024418
0.0141614002580816
0.4648198391953148
0.0
0.4399877576680012
0.0020845051781755632
0.40120107203123456
0.015286371306620769
0.3741769513284584
0.019686993349435862
0.35013896701187847
0.019653905965655288
0.34446448069351154
0.01756940078747973
0.34702048109056016
0.020117129338583183
0.33800416901035624
0.0245839261489594
0.3303857988948814
0.02230089666810043