0000010000
0.15215852795470627
0.6875764009521966
0.2217933045958524
0.7619507173647294
0.2416092989341397
0.839413240687126
0.27322052799759805
0.9191061356666453
0.29642497158420733
0.9747796435694528
0.31825687876643316
1.0
0.33809431898603864
0.9726350554376032
0.34699435973321313
0.9085547620579469
0.3893714212185548
0.8101610585687018
0.4326921014819105
0.6694760771193891
0.4486049454202321
0.4609363271783648
0.433163910870917
0.21602436252117785
0.408050783846962
0.04703081773145509
0.4119324883656095
0.0501190246413171
0.4318557121104893
0.14216474726028833
0.43520126959617383
0.22228655986617712
0.44727530077848554
0.3009500525424093
0.4568401638465333
0.39445409509103824
0.4905959810418412
0.5015119346329541
0.6166334255506225
0.5644770421840485
0.7960067768984966
0.5627613716785697
0.8969954320272793
0.5067447296746653
0.7678912264899529
0.3976280855261739
0.5211992536833301
0.2640631366746018
0.5630830598983467
0.15520384310193192
0.4814385897188445
0.09884406699693343
0.4602071672135367
0.09575586008707047
0.5042570074417205
0.17261789873254868
0.38763430483175687
0.3101288897467242
0.31057925325441255
0.4643676681893243
0.13461579703617918
0.5312788179030217
0.07797722447403997
0.40963777906453075
0.05213493748525589
0.23472517103090354
0.02940230328765357
0.11093954406056335
0.0703424907246564
0.0648737909884409
0.026614338716249512
0.2252031997254929
0.0
0.2903986789337109
0.05715327371378335
0.23206588174741058
0.10566385725621381
0.3715498938428876
0.09704261296617972
0.5044285744922684
0.05196337043470795
0.6073688048210334
0.11259087692208714
0.7097085504728811
0.15067876214373027
0.7093654163717859
0.2580797357867423
0.6914366595895253
0.3190932681378543
0.8032983765467845
0.3410752964893093
0.8648909476934953
0.26719423534710174
0.8238006390872632
0.1955220999806986
0.8522807694782218
0.2685024341075296
0.8609449055308926
0.2503592185120844
0.836239250251989
0.16890776126444926
0.783053464582127
0.15526818074588772
0.7185442535761007
0.15820626648652122
0.7394754337429497
0.14083510261854193
0.7767054837118534
0.13877629801196678
0.7146839949387721
0.13761822042076832
0.6800274507280878
0.1475047717085935
0.7465954663406893
0.1709022282270691
0.8278324647751398
0.18529241459177756
0.8454180874563039
0.1983744021960583
0.8836775397284953
0.27424993030088585
0.8688369898560983
0.26052456625705017
0.8236290720367152
0.31070792854232354
0.7737888438525374
0.40792210855905103
0.6672457054622658
0.4293894357588626
0.6838877093654164
0.4245212206995647
0.6470865770228823
0.4640888717321839
0.5926140384739109
0.4774925475562419
0.5655064444873364
0.5178108044350083
0.5469772030281583
0.6035299920650238
0.5836925518454174
0.6194857277659824
0.6356773681614444
0.5407150056831584
0.6968410216817864
0.5013832593450428
0.6797701001522661
0.6079692894979521
0.6796843166269912
0.6167192090758968
0.7501983744021954
0.6187994595637907
0.6982135580861699
0.6221450170494758
0.6482017628514439
0.5615604023247338
0.5893542645135004
0.5202770807866349
0.5441463466941173
0.5086963048746488
0.5577859272126791
0.5315147225975247
0.6807137189302792
0.4811383473803853
0.7685560488108253
0.486435480066053
0.6225524887945272
0.48371185313860443
0.6259838298054854
0.524544811169015
0.627956850886787
0.513435844646036
0.6615839927941843
0.547963713568809
0.6577237341568556
0.5662570503334834
0.6405670291020604
0.5482854017885864
0.6120868987111027
0.6042377061485343
0.5788028909048016