0000010000
0.8614765022889264
0.7309497595178768
0.7908385003187112
0.6786231674103264
0.8144665932665005
0.6567190125746076
0.8572463348206526
0.5350872109868458
0.8858868864808485
0.5777945181665411
0.8984904676363216
0.5427942284290435
0.8920148345598888
0.5572231558208265
0.9145419250159357
0.6804195398968533
0.9080662919395031
0.6986730022599528
0.8608245929188156
0.6511560526163298
0.8407747580691892
0.6594425450541812
0.8496986730022599
0.6666859824998552
0.8997363388769776
0.6093759054296809
0.8897693689517301
0.49348090629889313
0.8551312510865158
0.45807498406443764
0.8767746421741903
0.6104189604218578
0.8722981978327636
0.7730775917019183
0.8407457843194067
0.9176566031175758
0.8055716520832128
0.8595352610534857
0.7837978791215161
0.7312974445152692
0.8048038477139713
0.7518688068609841
0.8587384829344618
0.7558092368314311
0.8649388653879586
0.8086573564350695
0.8049052558382109
0.9166135481253983
0.8037752795966856
0.8833516833748625
0.8282146375383903
0.9403140754476447
0.7854928434838039
0.9171930231210526
0.7794952772787859
0.8132931564003013
0.7689053717332097
0.8733847134496145
0.7713246798400649
0.9585675378107436
0.7108999246682508
0.8851480558613899
0.6593121631801588
0.89911340325665
0.6106797241699021
0.832415831256881
0.5389841803326187
0.7549400243379503
0.4969432693979256
0.7160572521295708
0.48785999884105
0.6893434548299242
0.43501187923741097
0.7122906646578201
0.374224952193313
0.7843194066176045
0.3532334704757491
0.8356608912325435
0.3717766703366751
0.7406269919452978
0.38507562148693275
0.7085820246856349
0.3885524714608565
0.7746421741901837
0.35992640667555187
0.7129280871530393
0.38692994147302545
0.6994263197543027
0.4081821869386337
0.7621834617836241
0.41389001564582495
0.7603870892970969
0.4312163180158778
0.7508257518688071
0.4101668887987484
0.6351625427362809
0.3666772903749203
0.6634409225241933
0.3774410384191923
0.6636147650228893
0.41357130439821527
0.6083328504375034
0.3970272932722954
0.46160978153792664
0.3754708234339689
0.3131482876513877
0.4478617372660369
0.22976183577678622
0.4466593266500552
0.12383380657124632
0.43112939676652956
0.05464449209016618
0.4184823549863822
0.022193892333545788
0.4124268412817987
0.0
0.41135481253983897
0.01089412991829399
0.4501361766239787
0.017847829866141234
0.4728515964536131
0.019760097351799226
0.502115083734137
0.016109404879179397
0.47461899519035744
0.02399026482007297
0.4668250564988121
0.046357999652314935
0.5086631511850265
0.026076374804427167
0.5222373529582199
0.02428000231789999
0.5690009851074926
0.03668076722489422
0.5926870255548473
0.04346062467404525
0.5658573332560701
0.06495914701280638
0.5631338007764966
0.06675551949933357
0.6257750478066872
0.08385003187112477
0.7054673465839949
0.1845048386162137
0.7135510227733675
0.3179579301153156
0.7049458190879063
0.39195688706032356
0.7049603059627977
0.5271484035463868
0.7023526684823552
0.6625137625311468
0.6114475285391435
0.6992524772556067
0.601944138610419
0.7518108593614188
0.643391087674567
0.7701802167236483
0.6975140522686446
0.7979950165150371
0.7901576171988178
0.8455699136582253
0.8600712754244656
0.8940140232948949
0.9421249348090628
0.8929130208031523
0.9700846033493655
0.8104537289215967
0.8926957176797822
0.8740221359448342
0.8647070753896973
1.0
0.8970997276467524
0.9866141276003945
0.8794402271541985
0.8897838558266208
0.9002723532479574
0.8993451932549111
0.9113113519151649
0.9189314481080146