0000010000
0.31635441061670555
0.5288482009793486
0.3396316797956142
0.45156482861400893
0.3329607550919025
0.5574480164644098
0.32994464551841585
0.5048612589596196
0.3280817543112625
0.45809381874955657
0.33129302391597487
0.6636150734511389
0.2223759846710666
0.6647505499964514
0.1477361436377829
0.5624157263501522
0.18446171315023763
0.4341778440139096
0.1650344191327798
0.4643389397487754
0.12547015825704344
0.42715208288978784
0.171208572847917
0.4487971045348094
0.22617273436945565
0.42608757362855726
0.25390320062451205
0.5257966077638209
0.3590589738130721
0.4571002767724074
0.39747001632247525
0.5317578596267118
0.4184408487687175
0.5295578738201691
0.42174082747853203
0.5396352281598182
0.4851146121637923
0.54666098928394
0.6430523028883686
0.5813639912000564
0.8296252927400467
0.6128734653324817
0.8313817330210772
0.5802994819388263
0.8347704208359943
0.4553260946703567
0.7332162373145983
0.5400610318643108
0.546944858420268
0.5801575473706619
0.3937264920871476
0.6809310907671562
0.30395287772336954
0.5895961961535731
0.24551131928181089
0.4451068057625436
0.23348236462990557
0.472642111986374
0.17422468242140363
0.46235185579447874
0.13306365765382153
0.6233766233766235
0.09800581931729456
0.5620608899297423
0.11757504790291644
0.6311120573415654
0.07050599673550492
0.6099638066851181
0.027482080760769193
0.5592221985664608
0.06825278546590022
0.6553828684976224
0.07093180043999708
0.8100915477964657
0.036104605776736826
0.8648782911077995
0.09383649137747495
0.6577247888723297
0.13031367539564254
0.7930593996167769
0.15295223901781269
0.6888794265843446
0.14935064935064912
0.6377120147611947
0.18914555389965226
0.7426726279185293
0.18112625079838196
0.7310339933290754
0.12852175147257108
0.70612447661628
0.1294798098076786
0.8120076644666808
0.158842523596622
1.0
0.07726563054431912
0.9388262011212835
0.03009012845078409
0.907316726988858
0.10753317720530843
0.8831878504009653
0.10721382442693901
0.8623944361649281
0.10662834433326232
0.8904265133773331
0.14771840181676238
0.812859271875665
0.13398623234688814
0.7054148037754598
0.1147895820026967
0.656021574054361
0.19205521254701569
0.634163650557093
0.144915194095522
0.6013057980271092
0.15103612234759753
0.5424739195231
0.17780853026754667
0.35554609325101083
0.18572138244269393
0.22787594918742454
0.1594812291533602
0.2929529486906535
0.15974735646866772
0.28209495422610154
0.1265169256972535
0.2972109857355758
0.14440068128592698
0.3417074728550133
0.12403307075438216
0.24661131218508248
0.09474132424952093
0.2924561777020794
0.11420410190901989
0.23468880845930035
0.1382442693918103
0.22333404300617413
0.15935703640621676
0.22546306152863527
0.18510041870697597
0.10325739833936551
0.1937406855439641
0.19913419913419875
0.1520474061457667
0.20289546519054713
0.25809027038535215
0.05173515009580584
0.33702363210559916
0.15768930523028887
0.302515790220708
0.05265772478887234
0.2936448797104535
0.0
0.2779965935703638
0.17869562131857214
0.22814207650273208
0.17649563551202896
0.11927826272088561
0.2586757504790291
0.13776524022425654
0.22503725782414302
0.19196650344191302
0.2532822368887942
0.16114896032928822
0.23099850968703423
0.1227911432829465
0.21197927755304816
0.1475764672485983
0.1551344830033355
0.1467780853026754
0.15130224966290517
0.1524377262082179
0.23355333191398772
0.17539564260875737
0.24228230785607816
0.14991838762330556
0.20232772691789072
0.21220992122631466
0.21183734298488407
0.2490774253069333
0.2502306436732667