0000010000
0.9845510676614355
0.9604450733213276
0.9902366863905325
0.9590043735528682
0.9887573964497042
0.9618857730897862
0.9888988937483921
0.9655904296372524
0.9466297916130693
0.9643555441214301
0.8846797015693334
0.9625032158476975
0.8551710830975047
0.9671340365320295
0.8320298430666321
0.9667738615899147
0.8298687934139436
0.9635837406740413
0.8097504502186775
0.9668253151530743
0.7609981991252897
0.9664651402109596
0.7431824028813996
0.9443915616156423
0.7004116285052743
0.6393233856444555
0.6428093645484949
0.41246462567532793
0.6033959351685102
0.3754695137638278
0.5349369693851299
0.4186390532544375
0.4735785953177255
0.44241059943401057
0.45063030614870064
0.36852328273732954
0.4476588628762542
0.3713017751479288
0.4002572678157962
0.3122330846411113
0.3166452276820169
0.23345767944430143
0.25006431695394904
0.2513120658605608
0.23570877283251868
0.2925263699511191
0.19764599948546424
0.2221893491124258
0.15634165165937733
0.3105351170568562
0.12453048623617181
0.42038847440185234
0.0955878569590944
0.47827373295600706
0.0819012091587342
0.4886158991510161
0.08056341651659382
0.5528813995369178
0.057576537175199366
0.5793799845639309
0.03705942886544889
0.562194494468742
0.01910213532287118
0.537188062773347
0.011911499871366173
0.4950475945459223
0.025135065603292952
0.48007460766658067
0.032724466169282235
0.5297272961152558
0.027617700025726798
0.5418188834576794
0.013673784409570395
0.5337921276048366
0.009711860046308196
0.5109981991252894
0.0
0.48321327501929484
0.0015050167224080718
0.5268973501414972
0.07396449704142008
0.5351299202469771
0.10030872137895547
0.5662593259583226
0.07750192950861844
0.5972858245433494
0.076099819912529
0.584319526627219
0.0837535374324671
0.5924491896063804
0.08725237972729616
0.5653846153846154
0.09714432724466172
0.592809364548495
0.08964497041420122
0.7027656290198094
0.07559814767172637
0.7074993568304605
0.06795729354257779
0.707602263956779
0.069385129920247
0.7100205814252637
0.059145870851556454
0.7122845382042702
0.06866478003601742
0.710072034988423
0.07851813738101364
0.7030228968356059
0.07168767687162332
0.7082197067146898
0.07287110882428605
0.7045665037303834
0.08601749421147419
0.6954592230511961
0.09253923334190892
0.6920118343195267
0.10030872137895552
0.6972086441986106
0.10843838435811673
0.6955106766143556
0.13732956007203492
0.694790326730126
0.16247748906611784
0.7010676614355543
0.180203241574479
0.7005016722408022
0.19769745304862357
0.700553125803962
0.2158862876254181
0.7038976074093127
0.2405068175971187
0.7127990738358629
0.25324157447903267
0.7131592487779779
0.2650630306148701
0.7191793156676098
0.2916259325958322
0.7180473372781062
0.3207486493439671
0.7212374581939796
0.36908927193208135
0.7189735014149731
0.4040776948803705
0.7218034473887317
0.46427836377669146
0.7238101363519422
0.5005917159763312
0.7227296115255978
0.5497041420118343
0.7237072292256239
0.5937741188577307
0.7236557756624644
0.639516336506303
0.7232956007203499
0.676768716233599
0.7296243889889376
0.7355672755338307
0.7328145099048109
0.7819912528942629
0.7454206328788269
0.8414715719063545
0.7619886802161046
0.8770388474401853
0.7694494468741955
0.8877926421404679
0.7834448160535115
0.9012477489066119
0.7856573192693596
0.9290069462310262
0.8019166452276816
0.9534731155132493
0.8365448932338564
0.9745433496269617
0.8553254437869824
0.9883714947260094
0.8806405968613324
0.9971571906354515
0.9217519938255729
1.0
0.9526241317211217