0000010000
0.7645541791738893
0.7057878493214397
0.7890965205259378
0.7279414873377588
0.7891810763962291
0.7719950957595234
0.8166194563057545
0.7997294212150683
0.7965797150467174
0.804887329302837
0.7620175030651505
0.8046336616919633
0.7924787553375895
0.8168097070139095
0.8504206654546996
0.8031116560267199
0.836701475499937
0.7954170718302122
0.767492495666512
0.7999830888259422
0.7184078129624153
0.8087768993362369
0.6738257303513301
0.8064938908383719
0.6489240265505437
0.7943178455164253
0.6380163192829665
0.780704350399527
0.6225003170845137
0.7762228892740882
0.6092461844163533
0.7555912569230122
0.6071111486914981
0.7433306557307745
0.6123747516171315
0.7163573331078514
0.6093307402866447
0.6919206865936673
0.6430262545977258
0.6617342408996747
0.6656872278357926
0.6405952733268508
0.5941106836342116
0.6315477952056823
0.5163615609013658
0.6475288546907373
0.5081385025155374
0.6358601445905382
0.5433348835242888
0.6203864203272312
0.5638396820699281
0.5945123240180953
0.5584492453388579
0.5512197184289518
0.5753392804295442
0.536591552868558
0.6706548852154062
0.5118166828732087
0.6949858368917263
0.4877182598401895
0.5838794233289648
0.47867078171902094
0.41730435885511363
0.4727518707986306
0.23741174481038357
0.43174227370735196
0.11918149917558032
0.3961442523147173
0.10842176468101306
0.35919333699742123
0.03716230499302419
0.28985752335855924
0.010654039656703236
0.2531602756521373
0.05973872236079993
0.26575910032554007
0.054538536337885295
0.296706548852154
0.09983934384644653
0.24199890077368633
0.10032554010062164
0.30220268042108844
0.16547583816006445
0.2941698727434156
0.18540988458123722
0.27269268168942656
0.16585633957637527
0.2047097619752248
0.20217308586648644
0.31404050226186947
0.185896080835412
0.4902549359489283
0.2014120830338648
0.3931847968545218
0.22770895869445765
0.40104849279161237
0.24819261827252367
0.43681562592482964
0.2310489155709638
0.3654504713989771
0.24576163700164896
0.3472709592863488
0.2871305965416652
0.31175749376400463
0.30431657717837085
0.3022026804210886
0.3123916627911895
0.3121802731154614
0.3400837103115884
0.3201285249228428
0.3415211601065406
0.3338265759100328
0.31746501500866703
0.3406756014036278
0.3533378429797491
0.3553883228343131
0.33754703420284987
0.407051959582294
0.31158838202342204
0.4045152834735553
0.33420707732634375
0.38887244746966576
0.38310150932228487
0.2559506193717501
0.41495793345453025
0.1507631167293788
0.41470426584365633
0.08810721684352953
0.46550120492115193
0.0
0.5276709085528265
0.07669217435420471
0.5729505770938149
0.1513550078214182
0.5709212362068239
0.15389168393015704
0.6058005327019831
0.14805732888005768
0.8910920390648122
0.17333953409715486
1.0
0.14678899082568828
0.9624360546230926
0.10442649980974944
0.9499429247875537
0.0796516298144001
0.8750264237094665
0.09132033991459873
0.7366084640426164
0.09411068363421146
0.7327823109119352
0.11820910666723052
0.7592060203779649
0.12903225806451604
0.7433306557307745
0.08929099902760765
0.7189151481841629
0.08464042616158651
0.6970997336490088
0.18323257092123652
0.6721134739779312
0.24512746797446408
0.67659493510337
0.2756521371496217
0.7056610155160026
0.2890119646556463
0.7426330698008711
0.31590073140827823
0.8637593539931514
0.3488775208218831
0.9058047604954977
0.3053312476218662
0.7909990276074921
0.28478417114108173
0.7375174396482481
0.2965374371115717
0.7275398469538752
0.29814399864710633
0.7123409292690148
0.30761425611973103