0000010000
0.4892140487896679
0.7523347996894768
0.47472299983532884
0.8242254581382763
0.4539626902538285
0.8602648850831587
0.47399374250158777
0.8630407678373985
0.49117833870474487
0.8588063704156765
0.5001293843656636
0.7822578748029827
0.4852619445293938
0.7767061092945016
0.4537980192429836
0.8017361029429058
0.4641017196358415
0.8011715166200096
0.45972617563339535
0.80084217459832
0.4430355924627725
0.8139217577454182
0.4328965630807593
0.7944905784657362
0.4232750711614009
0.7781175751017433
0.4049377778823306
0.7815050930391207
0.387482650732786
0.7811757510174311
0.32523700863346566
0.7798113340704318
0.27126020372156484
0.748664988590651
0.2561104707238468
0.7443364934484459
0.2280340633748147
0.7684725587522637
0.18600766896421933
0.7823519725234658
0.16472982192006394
0.785880637041567
0.15143851890187957
0.7993366110705967
0.14014679244395303
0.8088875296995927
0.1352772354089723
0.7975017055211835
0.08362934907901853
0.8053118163212488
0.06161048248606169
0.7999952951139753
0.054800159966124834
0.7969841680585282
0.038650638688277894
0.7969371191982871
0.031463925286409976
0.7952433602295977
0.01623185678326949
0.7946787739067018
0.012138605942271117
0.7955256533910464
0.0
0.8135453668634877
0.008186501681996743
0.8010774188995264
0.04088545954974244
0.7821637770825
0.08674633607000867
0.7747771060246064
0.10281352184243339
0.8008892234585616
0.11208214730998135
0.819991060716554
0.1225387564986239
0.8154743701333833
0.1337246230210073
0.82159072196476
0.10922392905031869
0.8398456797384075
0.07353736855724669
0.8297301747865156
0.040873697334682185
0.809875555764661
0.043967159895551555
0.8118516078947979
0.06229269095956159
0.823566774094897
0.09374485403091123
0.8573949046084357
0.12128019948716752
0.8745206897362905
0.13695923216260075
0.8366463572419957
0.12415017996189043
0.8274247806346887
0.1025194664659249
0.8309063962925495
0.14021736573431515
0.802630031287492
0.13464207579571374
0.7560516596485448
0.12890211484626785
0.7487120374508921
0.16162459714413413
0.8713213672398784
0.15308522901032717
0.9185584229222047
0.16885835940624333
0.9195934978475144
0.1801030370039286
0.9255687030981671
0.1999106071655414
0.9309793220259235
0.21400174080782888
0.9367192829753695
0.20675621633065935
0.9644781105177725
0.2082029687830812
0.9610905925803943
0.20976734338610645
0.9774635959443881
0.20349808275894507
0.977698840245595
0.2090498482674257
0.956620950857465
0.22983368227904666
0.9894140064456937
0.2330800536357007
0.9853678044649363
0.2491001905478837
0.9845679738408336
0.25674563033710507
0.9540803124044313
0.2826813145451551
0.9723352701780799
0.31536851019784035
0.9792514526335596
0.29624314850972727
0.9724293678985624
0.30882871862429123
0.9430708791079532
0.3356936178221082
0.9367663318356105
0.3610764779223223
0.9564798042767413
0.3789315203839188
0.9354019148886117
0.39415182667199883
0.9345079865440256
0.4110894163588887
0.9253334587969606
0.4054788397751064
0.9191230092451008
0.42255757604272015
0.9168646639535155
0.4333670516831729
0.9388835305464726
0.38547131195746764
0.835846526617892
0.3617116375355806
0.789315203839187
0.37888447152367727
0.9123479733703447
0.38091933472911615
0.9137594391775855
0.40118563127808227
0.9461290550236421
0.37753181679173814
0.983344703474558
0.23302124256039908
1.0
0.17083441153638046
0.9560563645345687
0.17014044084782048
0.9028911524618316
0.18767790350278765
0.9200169375896868
0.19057140840763132
0.8349996471335479