0000010000
0.9625407681834017
0.6493355709656654
0.9644828641693852
0.6457046958614355
0.9880518877384085
0.6862353946993448
1.0
0.7350411112166599
0.9915877690172368
0.7094983270531865
0.9778875484204641
0.7249084365071831
0.9968229842837999
0.7839734861678437
0.9787319379795872
0.7848178757269665
0.9590998807299751
0.8089674171178874
0.9510148507013717
0.8463316551090847
0.9570733457880797
0.8701856601543123
0.9488511024561181
0.8729721456994188
0.9280896741711793
0.8467538498886462
0.9268336447019836
0.852073504111122
0.928311326430449
0.8232376006670675
0.9273824979154139
0.8010723747400867
0.9190652607580511
0.8266151589035605
0.9196457785799482
0.8161447283704335
0.9045734249496009
0.7905175052510484
0.8959712063160342
0.7488468805083227
0.8891633154956042
0.7327190399290714
0.8802866702553227
0.6937504617755403
0.8818910104176566
0.7245284612055777
0.7866860876265269
0.7665368417719519
0.6600276537580616
0.7700832779202686
0.5997804587146283
0.6720496501060768
0.4727103849360903
0.5856685982077835
0.3485745648755055
0.5517663574089908
0.2761153858332543
0.5966878819543399
0.22949452730016995
0.6243838594935776
0.1831058758958446
0.630759000664957
0.1471559904161786
0.6319411460477294
0.1490664217936945
0.560801325691608
0.16336826995134218
0.6200774727420498
0.1632627212564518
0.5978278078591558
0.15787973781704187
0.649799985223183
0.19532841476415147
0.7245706806835335
0.21436939932237747
0.707007377853773
0.21835913998923412
0.7321279672376853
0.2654021933018798
0.7365610124230818
0.30753723230212276
0.7331412347086333
0.312012496965475
0.7229663405211999
0.33306946159610756
0.7212775614029537
0.33868465216427607
0.6953970214158304
0.36099764626410413
0.6866575894789065
0.3833528598418882
0.6816334716021237
0.40711187106171437
0.6726407227974628
0.4112388250319287
0.6430870882281542
0.4158935224765947
0.617164328763075
0.43604276833116973
0.619570839006576
0.46581805515974806
0.605976167104694
0.4812176097442556
0.5762958741015166
0.4929229600075996
0.5612235204711697
0.5064437478230583
0.5580992791024141
0.511277878049038
0.572791657431156
0.5417814508723602
0.5647699566194863
0.5774463548758222
0.5870618409803364
0.5922442818994544
0.6147578185195741
0.6254921207899268
0.628648026767149
0.6822456540324882
0.6349387289826164
0.7327718142765166
0.6378096534836349
0.7772394794338372
0.6430870882281542
0.8256018914326129
0.6430026492722419
0.8041966161088422
0.6416516259776451
0.7200743062812033
0.637303019748161
0.6276030946877345
0.6360364354094766
0.628869679026419
0.6281836125096315
0.6530614398952959
0.6100292369884847
0.6781398098012521
0.6085937747379757
0.6861615106129214
0.6007409518381308
0.674308392176731
0.5756203624542185
0.6779498221504492
0.5606324477797836
0.666455569276886
0.5454756551935235
0.6431926369230447
0.5142754609839247
0.5339919571894494
0.48366633946571275
0.5654560231362741
0.5864707682889503
0.63182504248335
0.6465913048985152
0.6865942602619721
0.7218264146163834
0.7611644132020309
0.8009034968282616
0.8278184140253106
0.7885754092650645
0.6458524640342823
0.7858311431979145
0.4449299684409404
0.7270616298829463
0.5280706754060989
0.7377009383278977
0.6516048679058086
0.7265549961474731
0.6619169753965995
0.633714364121888
0.6179453891052639
0.5138532662043633
0.5338864084945592
0.4590523838172742
0.41966161088418164
0.3168994015389
0.30222813294913614
0.0
0.41855334958783263
0.07983703281508928