0000010000
0.49626459041791937
0.8473799613985794
0.47141000223205487
0.9003190525583286
0.43616979373186454
0.974055643816551
0.4059188844977219
1.0
0.39051770544752695
0.9396032194110001
0.3769546892848234
0.8762128592623709
0.3803552906266822
0.8097238816748291
0.36684479340362114
0.697123275081076
0.3483318671796015
0.5791657366437768
0.33753922508304546
0.5000196946023658
0.34922468915352595
0.44876120951117976
0.38567283326549623
0.4341609442905349
0.37962002547168566
0.4264931791027139
0.3347819807518087
0.4157793154156216
0.30890327324291317
0.4337407927733939
0.28847340572193836
0.4703464937042919
0.2323831781836324
0.5255964182083165
0.24632695665874496
0.6182923466775202
0.2025918096713627
0.6729120439058336
0.16090490133004226
0.6630384832530231
0.136562372805693
0.6681328203983561
0.1655790869582343
0.6640363431062328
0.1557055263054238
0.6285335399078292
0.1167233433556976
0.5196092590890591
0.11076244370626154
0.4237096753016558
0.09814476845712483
0.3840578758714861
0.06566180428817135
0.34388088704489056
0.054501529614117125
0.33490014836600457
0.045389493586124346
0.31131914446647313
0.0337434187203759
0.26536507227919065
0.0004332812520516161
0.22088153040190123
0.0
0.24251933353465593
0.0030592282341819483
0.23936819715609925
0.00810104643987237
0.239840867612883
0.01641216863831527
0.30696007247613666
0.015243622231267134
0.3257618528681906
0.020508645930438545
0.31483791342252765
0.011212793613696927
0.200346625001641
0.026784659217730364
0.2633168336331289
0.05433084306027855
0.5119940128408806
0.05891312054409615
0.600225831440463
0.05119283641663269
0.5753843729895092
0.051311004030828555
0.5815290889276942
0.051048409332615514
0.6229140133660701
0.05454091881884898
0.7077321008888829
0.09227577695206324
0.7277943358323594
0.09716003833882593
0.6852014757822038
0.08519884983522173
0.644131664981684
0.09587332431758201
0.6186599792550186
0.10686291243779776
0.6176621194018093
0.12609797408190332
0.6651392408387276
0.13371322033008157
0.7103055289313709
0.137166340611583
0.7178682562399061
0.1114320601867048
0.7458083321297742
0.10732245315967058
0.7236978585402359
0.1403962553996034
0.7697569686068034
0.14521486811181275
0.8575161167496027
0.1301944513740266
0.896957840421202
0.11655265680185914
0.8962225752662047
0.1397660281238921
0.894174336620143
0.17417906332471136
0.8971679161797721
0.20194845266074074
0.9150768745979015
0.2050601998345654
0.9199611359846646
0.20762049814214265
0.8586715334217403
0.23770072082244642
0.7871932565681494
0.25954859971377175
0.7621417223586254
0.26984231188372315
0.7997452831427336
0.2456835996481232
0.8324120636004356
0.2540866299909404
0.8245342226540443
0.26091409214447947
0.8018985596680802
0.2925830127489725
0.7506925935165369
0.28435066895999356
0.7143494872838517
0.2816590733033101
0.714296968344209
0.33149954702414547
0.8268450559983197
0.39479799902839957
0.8509512492942765
0.42474692435959716
0.7919199611359843
0.4867980515473392
0.7108832372674396
0.5974029384346728
0.592873179890498
0.6824573611858775
0.5345246379475599
0.7002481519898112
0.49980961884379527
0.6762338668382284
0.4650945997400308
0.6329451308378083
0.4632564368525399
0.5667712668881215
0.48725759226921145
0.4907501017554455
0.4907763612252664
0.3405984533172275
0.4868899596917137
0.24921549833908835
0.4665126111103816
0.20512584850911836
0.44650289510654795
0.20029410606199866
0.4338983495923213
0.20508645930438651
0.4330055276183974
0.22682930031642665
0.44597770571012185