0000010000
0.4986668246726317
0.5767217712468646
0.4855128281092613
0.548359700578697
0.472418083782663
0.5114653078153705
0.4636290019948252
0.48547332661807985
0.4493689636783792
0.46572258102743425
0.4373802611048569
0.4553731903379353
0.4240287570855802
0.4601133692796906
0.4138176216152162
0.4891864667891213
0.39983409373703865
0.5387213367304619
0.3890896881357272
0.582014971065158
0.38132764511860345
0.6104560447156884
0.3713732693409175
0.6275996918883687
0.36311745768402764
0.6458493808141259
0.3537161027828803
0.62823171574727
0.34864016116608426
0.556497007762043
0.3595623234777114
0.5045130453674628
0.38421125397483763
0.4447867907013493
0.4016116608401969
0.3812683928818315
0.4080899053939287
0.361201635361735
0.4106772530663033
0.38332247042325857
0.38302620923939884
0.3589895518555826
0.33979182714147466
0.3289684185578005
0.3056427880152477
0.34342596433015343
0.31978432185815026
0.34737611344828245
0.3374019869250064
0.3322865438170292
0.3265390768501512
0.323043194880607
0.30969169086133014
0.32351721277478235
0.23378957555647725
0.33378760048191813
0.17987004009401344
0.34002883608856244
0.18911338903043592
0.3461910687128437
0.16738756888072528
0.35503940273745344
0.10882660820445965
0.3603326025557464
0.08927337006972015
0.35211629239003783
0.08664652090616416
0.3518002804605873
0.07746242420651375
0.3590685548379451
0.06025952479706091
0.37076099622760766
0.035571092808753584
0.3875096284884755
0.030060634788963193
0.4111315202148883
0.0
0.43238332247042344
0.012067705555884585
0.4610614050680415
0.02763129308131373
0.4919515711718116
0.0374869151310461
0.5203136418399797
0.06798206632300366
0.5470166498785329
0.050166893800241
0.5638442851217633
0.059726254666113684
0.5673204163457171
0.06841658272599772
0.6694712725405388
0.14787383223716702
0.7361497896545599
0.19993679761410982
0.668997254646363
0.249372913827497
0.6166972803223321
0.25257253461318163
0.608796982086074
0.21607315676166777
0.5932333945606449
0.21929252829294293
0.5472536588256205
0.2750883845865183
0.5041970334380126
0.32339870830123846
0.4957437143252159
0.33418261539373123
0.5993956271849266
0.33193103039639754
0.6299697813592462
0.34931168651616595
0.6066639015622843
0.41725425134798844
0.7343327210602201
0.4882384310007704
0.9061642076988407
0.5032094961584801
0.9301811143370668
0.5446268096620649
0.8209199897296124
0.5506902885583932
0.8123876676344534
0.6120361043629401
0.7255633900179733
0.6328336394698902
0.6930141612845889
0.6344334498627325
0.669234263593451
0.6149987162015368
0.6517746044913199
0.5974205526258619
0.6686812427169128
0.6584701072465484
0.6705773142936147
0.8354565384843279
0.6630720309691694
1.0
0.65912188185104
0.9995852343425967
0.6510635776500563
0.9484703047540047
0.6441903181845118
0.8100768304003481
0.6416622227489088
0.7319231300981612
0.6443483241492369
0.656001264047718
0.6522486223854954
0.5757737354585138
0.6550927297505483
0.5329343682724024
0.6630720309691696
0.5069423870751121
0.6772135648120718
0.4996346112065732
0.6864569137484942
0.49349212932788245
0.6862199048014063
0.49013450257747243
0.6811637139302011
0.48661886986233716
0.6686022397345504
0.4865991191167468
0.6467974166024767
0.4915368055144085
0.619857399616836
0.5001876320831116
0.5958404929786103
0.5127491062787621
0.5719815923051098
0.5254290849479566
0.5511248049613874
0.5343959234461102
0.5343761727005192
0.5446860618988368
0.523868776046296
0.5547589421500666
0.5172325255278385