0000010000
0.8360654056050223
0.681219482171433
0.82676131467728
0.654671535841779
0.8128205654261211
0.624553772926839
0.8040088629929011
0.6057609453859091
0.7842722908374707
0.5999343482007303
0.7608325468794879
0.5888145746994379
0.7468610233474211
0.5701858766566819
0.7384801608469083
0.5718271716384226
0.7267961921956421
0.5729350457510975
0.7130400886299287
0.5595584916499118
0.7075520085347337
0.5367034590291739
0.6950679085798693
0.5254195560297074
0.6894567313610439
0.5076525378523654
0.6763776619752982
0.5081038939723439
0.6505888145746992
0.5184850847318533
0.605207008329572
0.5208649624553772
0.5529009888802265
0.5089245414632142
0.5047597554470475
0.5181978581100486
0.45023798777235224
0.5313282179639734
0.4034508226991095
0.5261581387714908
0.3623568995937794
0.5364982971564564
0.3168519962250214
0.4596856920109966
0.24727134709285611
0.3385581223585407
0.16113413483238262
0.25977596323499247
0.13612490254811044
0.2761478806778547
0.11076689508021824
0.14800377497845799
0.09297936071560457
0.07340691805834795
0.0826289442370029
0.06885232448401774
0.06671864100775504
0.06249230642977301
0.08444462681055342
0.04250954002708117
0.1134750318000902
0.051659759550285185
0.13276024783554216
0.0403758565508184
0.1242049977432194
0.010093964137704636
0.12053260022157468
0.0
0.13452463994091338
0.020844446268105585
0.13689425957080134
0.08440359443601006
0.16423207911041807
0.079069385745353
0.17250010258093623
0.013581715973903319
0.16105207008329567
0.06905748635673538
0.15702063928439536
0.16158549095236138
0.16788396044479095
0.21472241598621308
0.17041770957285277
0.2598169956095359
0.18794879159656963
0.3269459603627263
0.18049115752328573
0.3440974929219153
0.18497394444216472
0.3858684502072131
0.17886012063518109
0.5141356530302408
0.18619465758483428
0.5245168437897498
0.2035308358294692
0.51996225021542
0.2133273152517336
0.4985843830782488
0.2313302695827007
0.5200853473390504
0.23991629395593117
0.6410487874933322
0.24135242706495427
0.7616019039021782
0.25369291370891633
0.7808050551885437
0.24620450535472488
0.7874933322391366
0.23159698001723347
0.8080095195108943
0.20482335562759
0.7748553608797338
0.20367444914037158
0.7972590373804932
0.21670222805793768
0.8930696319395999
0.2368183496778958
0.932912067621353
0.24849206023552584
0.9435394526281233
0.26010422223134044
0.911205941487834
0.27043412252267035
0.8863403225144637
0.2794715030158795
0.8972959665175821
0.2843338393992859
0.9031635960773048
0.29198637725165144
0.9256903697016947
0.2921094743752821
0.9272906323088915
0.30213163185753555
0.9401337655410116
0.33496778958598317
0.9435394526281233
0.3600796028066142
0.9649993845143816
0.36745517213081114
0.9708259816995607
0.3652189077181896
0.9749702515284557
0.37845184850847313
0.9789503918591766
0.4388822781174345
0.979032456608264
0.4823765951335602
0.9787041976119155
0.5050880144433956
0.9781297443683066
0.5226293545607483
0.9852283451643347
0.5593122974026505
0.9844897624225514
0.5985084731853431
0.9854335070370519
0.6934984202535799
0.9830125969389846
0.8509601575643179
0.9907266833531654
0.9307065774896391
0.989741906364121
0.9411288006236919
0.9885109351278155
0.9423187394854537
0.9954454064256696
0.9424315785154485
0.9967584424110624
0.9478683681424644
1.0
0.9631529276599234
0.9953633416765826
0.9596856920109967
0.9923679783349062
0.9627426039144886
0.9933937876984938
0.972149275778589
0.9934758524475812
0.983822986336219
0.9957326330474742