0000010000
0.6847042048758668
0.7454708118989043
0.683180496533214
0.7345672109147843
0.679406173115634
0.7085104003578621
0.6698305748154775
0.6836837396555584
0.676722209796466
0.6468910758219639
0.6618346007604562
0.6265376873182731
0.6373993513755316
0.6185976291657349
0.6206245806307313
0.6010959516886603
0.6166265936032207
0.5762692909863566
0.5983700514426303
0.5570342205323194
0.5914923954372626
0.5314806530977411
0.58829121002013
0.5299150078282262
0.5893955490941624
0.5648624468798925
0.5839996645045851
0.6007604562737643
0.5743961082531872
0.6073585327667187
0.5833706106016552
0.5861104898233059
0.5827555356743458
0.5728025050324312
0.5674485573697158
0.5549094162379782
0.5463403041825096
0.5309774099753971
0.5326129501230149
0.5166629389398346
0.5426218966674122
0.5198501453813466
0.5435305300827556
0.5204093044061732
0.5462564303287853
0.5117982554238426
0.5267697383135767
0.5067658242004027
0.5196823976738986
0.5358980093938714
0.5310333258778798
0.5459069559382689
0.530474166853053
0.5465220308655783
0.5069755088347127
0.5199619771863121
0.4658773205099532
0.3245918139118766
0.4073473495862225
0.31542160590471946
0.343435473048535
0.24099753970029097
0.287771192127041
0.13850369044956368
0.2779299932900919
0.19576157459181398
0.2842904271974949
0.2656005367926638
0.2768536121673005
0.3280026839633193
0.2276336390069337
0.41858644598523814
0.1953701632744353
0.4125475285171105
0.16542719749496765
0.4407291433683739
0.13094106463878324
0.7481547752180723
0.11575989711473952
0.8223551778125698
0.08861272645940511
0.7893088794453145
0.0717820398121226
0.771974949675688
0.056810556922388775
0.8081525385819729
0.045040259449787574
0.8951576828450012
0.022883583091031116
0.8980093938716174
0.02946768060836509
0.890013419816596
0.030446208901811694
0.9155669872511744
0.013070342205323283
0.9378215164392754
0.0042775665399240005
1.0
0.0
0.9994967568776562
0.006052896443748647
0.964996645045851
0.015600536792663868
0.9421270409304403
0.031243010512189737
0.9389398344889289
0.016145716841869863
0.9335719078505927
0.03062793558488036
0.914784164616417
0.10011742339521365
0.9305524491165286
0.11420823082084554
0.9260232610154331
0.09539252963542832
0.934466562290315
0.11267054350257222
0.9498434354730488
0.13157011854171327
0.9712033102214273
0.16460243793334833
0.9905502124804294
0.2129836725564752
0.9625363453366138
0.24837843882800278
0.9213822411093718
0.2778041825095058
0.8636770297472602
0.2840947215388056
0.8079847908745244
0.2623014985461866
0.7598971147394318
0.31119995526727806
0.8416461641690894
0.3986943636770298
0.9135540147617983
0.4405194587340642
0.9395549094162381
0.45406508611048985
0.9396108253187209
0.481729478863789
0.9273093267725344
0.5288805636322971
0.9249049429657795
0.5996141802728696
0.9145045851040037
0.676191008722881
0.887832699619772
0.733826325206889
0.868373965555804
0.7551861999552675
0.856855289644375
0.7506010959516889
0.8602661596958177
0.7439750615074928
0.8732945649742788
0.7535646387832702
0.8710579288749724
0.767110266159696
0.8406955938268845
0.8027846119436368
0.8067546410199059
0.8401084768508166
0.7538022813688211
0.8765656452695147
0.7019682397673898
0.9000363453366136
0.6875978528293449
0.916419704764035
0.7084544844553788
0.9270856631626035
0.7242786848579739
0.9379473272198614
0.7375866696488484
0.9479842317155002
0.781312905390293
0.9544984343547307
0.7743234175799596
0.9323697159472156
0.7715835383583093