0000010000
1.0
1.0
1.0
1.0
1.0
1.0
1.0
1.0
0.8532766308646363
0.885188963651578
0.056477034353901376
0.2568919863822372
0.28076892215637506
0.42777886037208085
0.2724928071160835
0.42117630876099016
0.2730888708031959
0.42213918087094066
0.27704352411192246
0.4294753493277092
0.2798748266257063
0.4376826877887184
0.2819037357145314
0.44268045254989175
0.2851820859936495
0.4482284299453227
0.28506745836151265
0.45056683364091754
0.28095232636779427
0.4521257694379806
0.28424213941012627
0.4549685347149783
0.28800192574421996
0.4565733215648965
0.2848382030972387
0.45914098052476515
0.2844713946744001
0.45918683157762014
0.28871261706346935
0.46106672474466714
0.2911197973383464
0.46244225633031116
0.29176171207831364
0.4634509794931168
0.2928277490571878
0.46358853265168104
0.2938479349832071
0.4637719368631004
0.2900193720698312
0.4654684258187279
0.27625259345017716
0.46633959582296913
0.24427148408395327
0.4665688510872433
0.21523630486365056
0.4651933195015991
0.1977785164891851
0.4630841710702784
0.19729708043420943
0.4618461926431986
0.21025000286569084
0.4597828952647327
0.19625396898176273
0.45694012998773487
0.15323421864074538
0.45253842891367363
0.1517440594229645
0.4495122594252571
0.14269993924735508
0.44653194098969484
0.16079964236178765
0.44478960098121256
0.13842432856864487
0.4420385378099242
0.12051949242884485
0.43649056041449324
0.11643874872476756
0.42644917983929165
0.12336225770584253
0.4212680108666998
0.1138940152913261
0.4225518403466337
0.10360045392542325
0.42218503192379564
0.09518678572656723
0.42268939350519846
0.07795825261637579
0.421634819289538
0.06404245807494356
0.42090120244386103
0.03978725111475368
0.4250736482536481
0.03430805029860486
0.42970460459198284
0.05285480117837209
0.4321347103932875
0.05209825880626779
0.4358027946216712
0.05911346989305253
0.43878311305723366
0.04966815300496341
0.4407547083299901
0.05417301894794762
0.4402961978014419
0.03758640057772331
0.4402961978014419
0.028805923956028896
0.44084641043569966
0.02394571235341989
0.4548768326092688
0.011336672818349663
0.46748587214433895
0.0050665413404554415
0.47165831795412605
0.01777874574444914
0.5061383097009365
0.014764039019245964
0.5523103199257212
0.019498160226504264
0.5523561709785763
0.0
0.5291555382340467
0.006098190029688551
0.5773449947844423
0.005227020025447329
0.5791331858457798
0.0062701314778938885
0.5715219110718832
0.02512637696443102
0.5771615905730233
0.02230653721386075
0.5705131879090775
0.10888478776693908
0.5266795813798876
0.11282797831245206
0.490961611205997
0.07046160547461572
0.5063675649652106
0.18695766801545186
0.5306686229782551
0.3891493483419112
0.5477710656930961
0.4575132681484199
0.5338323456252365
0.4248787812790152
0.5193892639759741
0.3963823519297563
0.5061383097009365
0.31331170692007015
0.44345992044842303
0.15980238196219565
0.40778780132738807
0.14248214674629453
0.389814188608306
0.17857838810623688
0.4087506734373389
0.1958756977957106
0.39591237863799456
0.17234264491798393
0.37000653377503195
0.17244580978690724
0.39417003862951194
0.2419101548619311
0.3662467474409381
0.3784889785531698
0.2950400623574316
0.5030204381068099
0.3440548378592145
0.16510964133013914
0.27848783227684887
0.9154735840621739
0.9413565033987095
0.9421588968236682
1.0
0.8116209493460496
1.0
0.9051800226962714
1.0
0.9883538325748805
1.0