0000010000
0.21428284424681573
0.29299653107965135
0.8312015322181
0.548437646491569
1.0
0.5427587961908846
0.9679761059694896
0.5504198866908642
0.9502698793244312
0.561241846697829
0.9301260329748336
0.5686886409600471
0.9112009964775056
0.5789748603726078
0.8913652009696907
0.5869038211697895
0.8752528025929848
0.5967614481068265
0.8531401095589517
0.6153516467326522
0.8373625490537482
0.6916946814352491
0.8192411234480267
0.7020880489666906
0.8007178923965018
0.7222854693757284
0.7811499671858888
0.8376839934103907
0.7546709883074616
0.7819669715923552
0.7471572264709428
0.6057618900928169
0.7292500971029826
0.6334596788235134
0.6835916049448858
0.4917027175441652
0.6219814365884039
0.28158525641884213
0.5812115773542451
0.4285389014639114
0.5880288764180384
0.5185968953832557
0.5269142681113805
0.3352128899187014
0.44865596078378844
0.5181683029077322
0.4209313850233717
0.7016058824317266
0.37726852657943033
0.5662778082852283
0.34058368937760347
0.4842023492225064
0.3464902294309097
0.5656884936313835
0.31954247753237897
0.7248570242288681
0.31623427936193305
0.6964627727254467
0.36592421949292153
0.628798735652197
0.3586113603793044
0.608440593064838
0.3455660769055624
0.5976186330578732
0.3556781806249415
0.7401256311693878
0.3516735196817702
0.7950926161552574
0.32637317011103234
0.7020344749072496
0.3130600163400881
0.6593359495332359
0.3174932697587829
0.6728901865716621
0.32297121733656564
0.7324645406694079
0.34923589997723115
0.8650603377844445
0.3389630740795307
0.8793646116550365
0.3113992204974351
0.9469215006094052
0.3075017076731448
0.9258133211898801
0.29350548464433523
0.838487604301997
0.315711932282389
0.8179687395363167
0.3343155244230744
0.8000214296237765
0.3599239248355947
0.7377683725540096
0.36805378835567815
0.6040475201907235
0.3684422002866212
0.6478175267535461
0.37720155900512986
0.6689257061730709
0.4031314037742925
0.6693542986485941
0.41517217363352665
0.647549656456344
0.40098844139667567
0.5893146538446082
0.3378246253164218
0.5605453839251036
0.3508431217604436
0.598368669890039
0.4233422176981906
0.6525856180437432
0.46200929509931304
0.676051056078647
0.4254316060163669
0.6647469295367184
0.4234627593319314
0.6773904075646573
0.44403519815705234
0.7051953444142347
0.4555938014813229
0.6979628463897783
0.43866439869815044
0.6079584265298742
0.4658800208938833
0.49529217952667326
0.5063552228011198
0.4530222466281826
0.5087794489907987
0.42302077334154786
0.5408167365361692
0.4106451656108114
0.5924889168664534
0.4507721361316852
0.6741357834536519
0.48334516427145985
0.6962216894579644
0.468933742281987
0.731085008638817
0.41632401591149537
0.7858376973869252
0.3165155431739952
0.8397198076691268
0.26712026036992886
0.8635200835755329
0.27312055502725585
0.8762305291777724
0.2836746447370184
0.8233797195397988
0.29605025246775507
0.666099674537589
0.3040327873243776
0.47138475550138637
0.2995861403908226
0.44134310167017143
0.2991575479152995
0.47873779515958387
0.29980043662858447
0.4490979467741721
0.29524664157614877
0.4008678997629349
0.2956752340516721
0.4299586140390823
0.3103545263383469
0.4832112291228588
0.30789011960408763
0.4912741250686419
0.3171048578278398
0.47173298688774906
0.33173057605507417
0.49685922076530536
0.337463000415199
0.43408381661599466
0.35128510775082694
0.4112076932349358
0.3686966770689633
0.44897740514043116
0.39259070757939
0.4703668483720184
0.3139439883208551
0.1808258441262741
0.0