0000010000
0.79436378153
0.26329952390809364
0.8033829139190346
0.28660141349025603
0.8365614927403378
0.33557086672383696
0.8699470680427
0.39885264807641124
0.8887246059674127
0.44025194428837583
0.8951414968802676
0.471005707188692
0.8881331874500991
0.5031788745305616
0.898098589466836
0.5247065085607832
0.9218144720111182
0.542567347783659
0.9550817636100185
0.5514386255433656
0.9756039861608062
0.5405565248247921
0.9676789780288018
0.5161900819114645
0.9647514563680988
0.47561877162373944
0.975012567643493
0.43504746133601435
0.9992607268533578
0.4009817547387404
1.0
0.36656119703107903
0.9792412100422869
0.3452701304077831
0.9817843096667361
0.3315492208061035
0.9652245911819498
0.3219682408256203
0.9235295857113284
0.29559097495342546
0.9072655764851997
0.27950439128249094
0.9131501907324718
0.29003164089067635
0.9171126947984739
0.309430168258568
0.9084188425939616
0.3264630215572048
0.8966496140994175
0.337463405979241
0.8871869178223972
0.3466895348493362
0.8763048171038236
0.36182984889256886
0.8653635745335186
0.3981429458556347
0.8139101635272201
0.4556288257385338
0.6883224413756395
0.5125232871041191
0.6443504746133601
0.5707188692077945
0.6700771801165092
0.619570038737913
0.6326995298222787
0.6436999142443154
0.5552532749800395
0.6499689505278405
0.5347014815033857
0.6409793890646712
0.523464529674424
0.615075258006328
0.4943667386225864
0.5719017062424223
0.5221338380104682
0.5114587337729544
0.49625927787799046
0.4430907531714817
0.4280391519058461
0.38525002217819415
0.35887275630599996
0.320193985273679
0.3619481325960316
0.23964278321554217
0.35142088298784635
0.15506993523967222
0.31711860898364735
0.10574563089570346
0.3133335304728392
0.04139929621196436
0.3068574977082531
0.047550048792027205
0.29053434663039307
0.14418783452109873
0.2774639973977586
0.36230298370641945
0.2674394535292899
0.41020788360883575
0.2232013484342194
0.47668332495490384
0.15598663394150847
0.6428719283200757
0.18218647425850876
0.5755685010497676
0.20959872253600254
0.511103882662566
0.1895496347990655
0.5644498329242686
0.29774965254162095
0.6897122748913268
0.26539905964455734
0.7182186474258504
0.19978117514859384
0.6597864979152499
0.21805600733358932
0.7067451281899638
0.2786172635065203
0.7429399414495659
0.33356004376497034
0.7809090102611109
0.341839903007363
0.8215986042522994
0.3170003252801841
0.8572019989945885
0.3442647189283495
0.8933968122541917
0.31046515066386715
0.9191826596090725
0.30691663955998444
0.9486353017712984
0.36141585593044917
0.9532483662063462
0.36153413963391196
0.9499364225093889
0.2651920631634975
0.9430759677085485
0.20646420439423951
0.9382263358665753
0.25457610077771503
0.9156341485051896
0.3440281515214242
0.8827512789425439
0.39332288493952744
0.8298784634946921
0.4679303308986606
0.7483809918088532
0.6248928053937369
0.6386137149954163
0.8823668569062899
0.5332229352101013
0.9650767365526214
0.4510157613034866
0.8519975160422275
0.3858414406955084
0.7479965697725997
0.32362421267409885
0.6840050861992488
0.27382677351627865
0.6410385309164032
0.22674985953810226
0.6611171895792057
0.17813525741490918
0.7455126119998816
0.13437028713369015
0.792914806162581
0.09510009758405527
0.7955761894904928
0.06836798060147246
0.8412336990271163
0.03950675695656017
0.8843185380134252
0.027678386610284853
0.9107253748114857
0.011473519235886836
0.8935150959576547
0.0027205251796433723
0.861460212319248
0.0
0.8649200106455334
0.016441434781322775