0000010000
0.14783388370109563
0.17702888884029125
0.14984582413016378
0.17842849957355575
0.15113609027489244
0.1773787915236073
0.15330111312791114
0.17860345091521418
0.1553130535569796
0.17965315896516276
0.1549850197913705
0.17825354823189796
0.15526931572156494
0.17895335359853054
0.15874647363701969
0.1825398561025216
0.1597524438515536
0.18166509939423095
0.1602554289588208
0.18507665055656392
0.16252979640037613
0.18656373696065792
0.16301091258993575
0.18813829903558082
0.16471668817110255
0.19058761781879424
0.16637872591685451
0.19434907166444326
0.16755964747304652
0.1946114986769306
0.16917794738338396
0.19478645001858852
0.17014017976250367
0.19671091477682748
0.17083998512913592
0.19688586611848574
0.1765040348153168
0.1995976119141863
0.17751000502985104
0.20012246593916078
0.17742252935902197
0.19942266057252836
0.17737879152360747
0.20195945502657084
0.17899709143394504
0.20510857917641617
0.18103090078072032
0.205983335884707
0.18651999912524309
0.21026964375533064
0.18656373696065776
0.21131935180527908
0.18433310735451697
0.21324381656351835
0.26537931637763235
0.21840488114243217
0.40612767074157485
0.22024187022984223
0.4053622586218207
0.2190172108382357
0.35679139239399066
0.21849235681326123
0.2662322041682156
0.21980449187569714
0.15699696022043869
0.22164148096310704
0.14098891245872242
0.2208541999256456
0.17422966737376164
0.21875478382574823
0.23097950882410836
0.21945458919238078
0.22820215627528584
0.21962954053403888
0.15992739519321203
0.2189297351674065
0.10042207011175006
0.22120410260896178
0.07166444332669968
0.23913661512891732
0.0639884532114505
0.2765762022437506
0.055306492881667224
0.4234478535657272
0.02348721761759992
0.41321320007872814
0.0
0.3378966474949151
0.03827060598770963
0.32311325912480554
0.07590701336190864
0.3066678330089442
0.09574212172239585
0.4256347453364533
0.0633761235156473
0.5090865353073676
0.08205217923764943
0.5334047717978436
0.0657160977103244
0.9070133619087193
0.09609202440571221
1.0
0.156122203512148
0.9173354910665472
0.24421020403700208
0.8770092068143546
0.40750541255713224
0.7074813567476542
0.5351542852144244
0.4158374702035996
0.6042381962516674
0.2419358365954468
0.5945065278719357
0.20939488704703996
0.5993832965206554
0.21166925448859528
0.576967655870711
0.2084326546679201
0.5578542217945632
0.20782032497211722
0.6949504669013927
0.20921993570538203
0.7120738294661797
0.21009469241367237
0.7052069893060993
0.2124565355260569
0.6874494281278016
0.21368119491766344
0.7286067312528702
0.2140310976009795
0.8446432086076059
0.21228158418439863
0.8914208235834407
0.2140310976009795
0.7881557941697465
0.21236905985522786
0.721871104599033
0.21525575699258637
0.6464889452620988
0.21665536772585117
0.5827847879808428
0.2141185732718087
0.5603691473308986
0.2124565355260569
0.5304087300719487
0.21070702210947556
0.5454326765368379
0.2105320707678178
0.536532027029982
0.21131935180527908
0.5266472762262993
0.20799527631377515
0.5800730421851422
0.205983335884707
0.6376757714260722
0.20668314125133955
0.6508408598858442
0.24114855555798548
0.6286001705775582
0.33151092352439504
0.5902202200013118
0.4323703719902897
0.5195617468891465
0.5061123624991792
0.4671638200625452
0.5323550637478953
0.46755746058127545
0.5216830319067511
0.4862335163032781
0.6535088678461304
0.48164104358475296
0.875434644739432
0.5008200844140223
0.8854068712139428
0.48505259474708606
0.8046668270387294
0.4772672600433002
0.70879349181009
0.4433923065147504
0.5285936099022457