0000010000
0.22444701748782228
0.08672043440070275
0.21165056296414603
0.019324443024834426
0.1305198434879821
0.0
0.10211211371077221
0.016609438632915488
0.1627605206420188
0.010221193004871025
0.16775133753892832
0.04439830711490881
0.15942665495488312
0.08152998482791683
0.19368362213527116
0.04894993212489043
0.22412760520642022
0.025393276371476307
0.24435039527269808
0.03920785754212274
0.25505070669967245
0.13295536213367404
0.2579653437674678
0.12808432484229018
0.27369639862652717
0.13527110117384028
0.2601613032021081
0.22750139742873116
0.21200990178072351
0.19108839734887814
0.2393196518406133
0.14876627006308404
0.2680268306316378
0.1088397348878066
0.2540126167851154
0.0668370198834143
0.24023796214964466
0.07953365806915282
0.30893156591870935
0.08600175676754776
0.3248023636508823
0.10844046953605353
0.2954363970294659
0.1757566078415716
0.342130479916953
0.2274215443583806
0.39285714285714285
0.24826319571987557
0.40858819771620214
0.291224147568474
0.33636109558412525
0.29154355984987634
0.19879421863770652
0.2182384412680668
0.16667332108919583
0.221432564082089
0.19172722191168257
0.16337938193723545
0.2666094386329154
0.09031382256647787
0.3004871037291386
0.06060848039607131
0.2869719715723069
0.3132635949852268
0.2836181426175836
0.6432164816737204
0.3338057973329075
0.7147648327078173
0.3136628603369799
0.813063962309351
0.28593388165774986
0.8092310149325235
0.19506108759881838
0.7059011418989064
0.15441587479038565
0.6015331789507307
0.1697476642976922
0.6345124970055098
0.1563922382815619
0.624610716282041
0.13091910883973487
0.5559370757805638
0.12916234129202267
0.7298570630040719
0.10983789826718854
0.7776091990737037
0.0469935319013017
0.6993531901301606
0.0345164896590275
0.5753413718757483
0.054998802203944826
0.7325720673959908
0.09951688892437917
0.8727142058612155
0.14567196358700005
0.8889243791423782
0.17066597460672372
0.8475604887007907
0.224526870558173
0.7878303920785751
0.2599616705262316
0.6747584444621895
0.2888085921903697
0.6313183741914876
0.32897468657669876
0.6786712449093668
0.3074942106523995
0.6977561287231492
0.25417232292581676
0.6214964465383694
0.25145731853389774
0.5063483190928687
0.2996087199552824
0.08280763395352542
0.36359099257366434
0.09135191248103479
0.41667332108919586
0.3700391280044715
0.46871755969017
0.575421224946099
0.5100415235965823
0.6701269663818572
0.5456559929729297
0.7621177034256964
0.48890042322127275
1.0
0.5209215044318455
0.9891399824323248
0.5807114908568236
0.6778727142058607
0.6214964465383694
0.6678910804120416
0.7077577257845562
0.7378423700391278
0.8238840533418509
0.7913439271739995
0.8148606563922379
0.8100295456360297
0.7660704304080491
0.7369639862652719
0.7783877665096223
0.7417551704863055
0.7395791743192522
0.7162021879741276
0.738600974207458
0.8177752934600337
0.7278008464425457
0.867124490936677
0.6728818973089512
0.911363091910884
0.6631198594585961
0.9638265591311986
0.6997125289467381
0.8935558572227098
0.7116106364289705
0.8883654076499242
0.7040445580132554
0.8246426575101812
0.6785913918390163
0.7921424578775048
0.6826638984268946
0.8718358220873594
0.7541922861934042
0.9220634033378582
0.7938393356224547
0.7721791902898669
0.771919667811227
0.7820011179429849
0.769044957278607
0.6666932843567834
0.7418150602890679
0.5590513455242355
0.7042641539567194
0.5581729617503793
0.7002315739040164
0.6332348478799009
0.7102331709654234
0.7915834863850515
0.715523436876148
0.7699433043200511