0000010000
0.8612581728709066
0.5801528827944652
0.8612858189458554
0.5702002958130021
0.8534205106230044
0.5353109492279835
0.8467578065604139
0.5476410986550186
0.8514852853766087
0.5711955545111485
0.856765685691774
0.5982887079606872
0.8432744011169013
0.5870644015315927
0.8172870906653027
0.5793235005460101
0.8230651203295414
0.5758953872523948
0.8296310631298123
0.6048684737984323
0.8324233166996117
0.5999474724575977
0.8273226158716118
0.6264324122582693
0.8340544351215737
0.6209584894184648
0.8318842182381158
0.604426136599256
0.8246409466016064
0.630413447050855
0.8163194780421051
0.636827336438909
0.822456906680674
0.6436835630261393
0.8200516981601539
0.6316851664984867
0.8269355708223325
0.6743154140690876
0.8134857553598829
0.6927829921346917
0.8275161383962514
0.7233595510277424
0.8402748019849883
0.7121352445986482
0.8209916647084031
0.7296075639661057
0.8330038842735304
0.7214796179312443
0.8506282570532048
0.7220325394302142
0.8539872551594488
0.7305475305143554
0.8259956042740836
0.7072695354077108
0.7759009164673847
0.5404531191684062
0.6987545443235696
0.5614641361292732
0.621456118767538
0.584355086186639
0.5391675766833005
0.6184703426730989
0.39473065811481417
0.6800105055084805
0.26171156850006216
0.5901054697759283
0.16330536472084387
0.5486916495030619
0.06795405222343552
0.5142446401172194
0.021052486073289828
0.44711997014223887
0.0
0.40249920517534504
0.006787111399858949
0.4541420731791606
0.008611752346460553
0.5436047717125363
0.0019490482838697954
0.6000027646074951
0.013809214436780327
0.6295840648023998
0.0020181634712411185
0.721203157181759
0.00895732828331697
0.7567007174156452
0.009040266508162496
0.6811716406563181
0.01221956512724095
0.5903266383755164
0.028461634159490184
0.5453741205092408
0.03187592441563111
0.5997263038580096
0.10358984283206389
0.673651908270323
0.11092987573089307
0.684489169650139
0.09797768961751653
0.6842680010505511
0.11907164480322917
0.6980357463749081
0.16763197545028535
0.7438176464896394
0.1997290684655047
0.7500656594280027
0.2116583498057864
0.7410530389947889
0.20886609623598698
0.7340309359578674
0.18249174073510904
0.7199867298840249
0.21833487690585127
0.7196549769846429
0.2675725363891461
0.6654686700855644
0.31441881038939495
0.6236678047634188
0.3039271249464358
0.6128305433836032
0.3307161715715412
0.6734307396707353
0.3742034474655461
0.6891890023913854
0.4160872510125375
0.688193743693239
0.4290670832008627
0.7208161121324796
0.47494574457791355
0.7273405858203281
0.47932764745725226
0.7580277290131735
0.48372337337406524
0.7874984449082844
0.5230913841007425
0.8156421492058666
0.5500739532504872
0.8072930345714169
0.5646434347483518
0.7795916674730105
0.6387763847227791
0.7639992812020515
0.6631878689023126
0.7654921692492704
0.7146510374189623
0.8011003137829509
0.8048048878260509
0.7822456906680676
0.89466845444618
0.7983909984379969
1.0
0.7805869261711564
0.9853199342023414
0.7681461924443279
0.9358749291569332
0.7511715024259427
0.8831676872676003
0.7472457597832546
0.7955849218307233
0.7306581148141493
0.7939676264462354
0.7344732731570437
0.7780711333508427
0.7325933400605451
0.7719198816747996
0.7170562459394831
0.7714084292882519
0.7188255947361876
0.7603776453837968
0.7270088329209459
0.7484068949310921
0.7483516027811952
0.7458219869234067
0.7656580456989621
0.732164825898843
0.7634463597030814
0.709453575328643
0.7379013864506587
0.6995562804970765
0.7193785162351574