0000010000
0.6542173204662236
0.14857751597944596
0.6370159167815513
0.1833563103145755
0.6133757363078076
0.2121819776914401
0.590346534653465
0.19507457074821413
0.626817270334628
0.10991352299786937
0.656363579395914
0.0
0.680552074194761
0.012407569870911182
0.6714187241508957
0.2029076325354054
0.6753039227973425
0.26569745582153137
0.67600889835819
0.09055019425993242
0.7298846973304924
0.0976939466098506
0.7816925679909762
0.2977190124075699
0.7861730793332492
0.5021932573004135
0.8007269081338507
0.4665998245394158
0.8006015791452559
0.405251284622133
0.8358660233111916
0.46096002005263825
0.8452500313322469
0.4310063917784183
0.8434954254919163
0.39710490036345353
0.8538820654217316
0.3917157538538661
0.9279044993106902
0.35367840581526505
0.9415653590675519
0.37103647073568136
0.9751065296403054
0.3845093370096503
0.9590330868529887
0.3143251033964156
0.9312727158791825
0.15991978944729918
0.8541170572753475
0.13441534026820395
0.8606654969294397
0.09531269582654443
0.8213435267577388
0.12589296904373953
0.8290669256799096
0.08854493044241132
0.8153434014287503
0.15810251911267054
0.8044867777917031
0.18473492918912143
0.8036408071186864
0.04605840330868535
0.7209393407695197
0.04969294397794203
0.6583061787191373
0.17063541797217696
0.6128744203534273
0.07005890462463947
0.5654687304173455
0.09236746459456072
0.5394629652838698
0.11925053264820125
0.4885480636671261
0.19219200401052772
0.4392624389021179
0.2387517232735932
0.38457200150394766
0.280298282992856
0.34178781802230834
0.29308183982955216
0.312758491038977
0.44322596816643683
0.2526319087604963
0.6247023436520865
0.23981701967665112
0.48107532272214554
0.16595124702343642
0.4617119939842086
0.12689560095250038
0.45444291264569503
0.09759994986840442
0.5027572377490913
0.07842461461336007
0.5862263441534024
0.07630968793081852
0.6131720767013409
0.09924489284371472
0.5301416217571125
0.14771587918285492
0.4034340142875048
0.13137611229477372
0.40412332372477744
0.06965158541170587
0.5211805990725653
0.13208108785562106
0.5668003509211682
0.19463591928813143
0.6435643564356434
0.21479822032836188
0.6404937962150641
0.23359756861762127
0.5364707356811629
0.23898671512720882
0.4629026193758616
0.21793144504323844
0.4125830304549442
0.19651585411705724
0.357124953001629
0.19573254793833822
0.3700965033212178
0.20297029702970282
0.4038100012532899
0.2341145506955758
0.3734177215189873
0.24498684045619729
0.4004261185612231
0.3013848853239751
0.46710114049379614
0.3930003759869657
0.5107782930191753
0.5749937335505702
0.5478130091490161
0.7982516606090987
0.5747587416969542
0.8564199774407818
0.6166186238877048
0.9239566361699457
0.6857375610978816
0.9560721894974306
0.7544805113422731
0.9741195638551192
0.7818022308559964
1.0
0.802356184985587
0.9684170948740439
0.7823662113046747
0.8917157538538664
0.7940218072440154
0.8547437022183229
0.7989096377992227
0.8412395036972049
0.7033462839954882
0.8087636295275092
0.6688181476375479
0.8323724777541041
0.6366712620629147
0.8999248026068426
0.5870409825792703
0.8783055520741947
0.6030830931194386
0.8428531144253664
0.5639804486777793
0.8259493670886073
0.5459957388143876
0.850952500313322
0.6505827797969663
0.8236464469231733
0.6930066424363951
0.8309311943852609
0.7083594435392901
0.8692975310189244
0.675773906504574
0.868451560345908
0.6855495676149891
0.853443413961649
0.6191252036596059
0.8350513848853239
0.6223210928687801
0.8695325228725401
0.6643689685424234