0000010000
0.25954946131243906
0.7610186092066608
0.38086155643761727
0.745416430400193
0.3286423698816093
0.7068577418079971
0.2778321906627492
0.7826692097530806
0.30817739746035033
0.6419059401687374
0.2261113115796351
0.51406429884702
0.2608725535680535
0.5382579858068287
0.23621492516796413
0.5413509287420315
0.2257676512535012
0.5003178858016736
0.09290856917023223
0.4590099146004092
0.14083200164956952
0.5771603347251578
0.21116208739282122
0.5514545423303611
0.23595717992336404
0.4027183531797174
0.19184837706411
0.4500060140557078
0.1347835799096174
0.5040981493891442
0.14471536333488
0.43412890698833306
0.12220561197312596
0.5416258570029384
0.11763492963554831
0.5016925271062084
0.1575510765159718
0.41618983796415643
0.17658985858377585
0.5000429575407671
0.2574531333230238
0.4877399178651822
0.2542055432410608
0.42347543687818984
0.2045294430984418
0.37020808632747393
0.20320635084282712
0.41997010155162684
0.2751688231352132
0.4243002216609107
0.2489819062838291
0.3537123906730586
0.15908036496726655
0.4215509390518414
0.1463649329003214
0.329793631974157
0.1505575888791519
0.39433304122205637
0.10885440830283356
0.4032682097015314
0.09826967025791716
0.2456655841366394
0.07029571971063811
0.2587246765297184
0.03974431671735655
0.3052562846882142
0.09923191917109138
0.455298383078166
0.11024623262367485
0.5655446157018404
0.12129491210887154
0.5937934945100264
0.14572916129697414
0.7938038043198103
0.10368232039452227
0.7533893499664934
0.12894135436534562
0.6582641716926994
0.15653727855387742
0.8219152189975434
0.1555750296407032
0.9177964499888318
0.14495592556317355
0.9448768836881634
0.15517982026564964
0.9210268570544878
0.17995772977988575
0.8572435005240828
0.1994604532879701
0.8469336907400731
0.176744505730536
0.8544942179150133
0.16158908534804206
1.0
0.08612127772909266
0.8824681684622924
0.09340687664312602
0.7992336374727226
0.12899290341426553
0.7915356461673287
0.0751756963417358
0.7819818891008133
0.08551987215835877
0.7342131037682356
0.17806759798615043
0.9073491760743689
0.2495661288382563
0.9430211179270411
0.23942814921731365
0.8584806776981634
0.24564840112033282
0.7834252624705742
0.20629929377802997
0.6868567108270192
0.18987233018884153
0.6204615358179979
0.11045242881935491
0.5793597608124135
0.06737460693850209
0.6227984260357062
0.0
0.7308452325721263
0.0034194202450298114
0.638263140711721
0.011117411550423683
0.57901610048628
0.06587968451982071
0.6282282591886186
0.08619000979431939
0.667817928759215
0.16789525233259464
0.6454800075605276
0.2051823977180956
0.661838239084489
0.24068250940770147
0.6058903379899306
0.32395140642988496
0.6261662972318167
0.3390552777634586
0.7735278450779256
0.4053473546746398
0.8043198102995001
0.44165506813065986
0.9361479114043687
0.4944756602574019
0.8904410880285933
0.39318177912950875
0.8273450521504553
0.3120435761293539
0.8984827396601205
0.3339347389040675
0.8565561798718152
0.26085537055174707
0.5644449026582128
0.17193326116466465
0.6467171847346082
0.15669192570063767
0.8009519391033908
0.1882399436397067
0.7869305977971376
0.18949430383009438
0.7311201608330332
0.16767187312060777
0.6508411086482125
0.19074866402048232
0.6363386428853728
0.22788116225922328
0.5634139216798119
0.2747907967764664
0.6267161537536303
0.27967077340756424
0.7452102342045128
0.2625393061498017
0.6175747890784747
0.2602711479973199
0.5681564341804559
0.23702252693437822
0.5148890836297403
0.21717614310015998
0.5379143254806955