0000010000
0.9953575601057616
0.9102564102564104
1.0
0.9106253458771445
0.97970854085962
0.8965443030191232
0.9438141794256905
0.8942077107544735
0.84364815839636
0.7050052265879607
0.7559490868843387
0.3722252966857284
0.7113386214105637
0.3207587775933101
0.6609481645452868
0.36318637397774095
0.6026717087868166
0.32149664883477846
0.5876068376068375
0.3028653999877022
0.5551405029822297
0.30304986779806936
0.46877882309536995
0.3380987517678165
0.40951853901494195
0.36699870872532764
0.37098013896575055
0.37179487179487175
0.36832072803295834
0.38931931377974527
0.4093340712045748
0.34381725388919643
0.44662731353378826
0.28970669618151645
0.4377882309536987
0.3955297300621041
0.41914160978909193
0.4311320174629526
0.40925720961692186
0.4562196396728771
0.397835577691693
0.5100842403000674
0.37264034925905437
0.4974789399249834
0.37742114001106813
0.502705527885384
0.3798192215458402
0.4815532189632911
0.39406935989669806
0.45892516755826107
0.40782758408657704
0.4159441677427289
0.40704359589251693
0.3333025886982722
0.3900264403861526
0.2560720654245835
0.3774211400110679
0.2141363832011314
0.3639396175367398
0.15270860234889014
0.327445735719117
0.11649142224681792
0.22829428764680562
0.07492467564410009
0.1825308983582364
0.08617721207649262
0.1585961999631064
0.20060874377421142
0.18671216872655724
0.3170694213859683
0.28166697411301733
0.2560105761544611
0.2578859988931931
0.15055647789460735
0.2518907950562628
0.10400910041197817
0.23007747648035418
0.06127405767693548
0.22995449794010944
0.12399311320174623
0.21083133493205447
0.19433683822173023
0.1866353071389043
0.23436635307138903
0.19083194982475563
0.20651171370595822
0.20558937465412275
0.1535079628604809
0.1817007932115845
0.18302281251921532
0.1258377913054172
0.13346246080059032
0.06494804156674654
0.1103424952345814
0.04510237963475369
0.30876836991944917
0.041766586730615576
0.463536862817438
0.013788968824940033
0.4860419356822231
0.0
0.3766525241345387
0.010360942015618208
0.29019861034249517
0.03683207280329573
0.2205312672938571
0.048576523396667286
0.1724466580581689
0.0842095554325771
0.20983213429256584
0.14014941892639743
0.3136260222591158
0.1556908319498249
0.4131156613171002
0.1690340035663777
0.4965566008731477
0.18774211400110685
0.40149418926397323
0.18133185759085044
0.4875791674352823
0.15504519461353994
0.6886490807354118
0.1616399188341635
0.7184098874746355
0.20222283711492348
0.6765356945213061
0.19922523519645813
0.6454836131095124
0.20970915575232135
0.6650372010084241
0.2902908442476787
0.6279591711246388
0.3350089159441679
0.5482690770460552
0.36484658427104477
0.4200639488409273
0.41319252290475306
0.32746110803664763
0.40595216134784506
0.26006886798253703
0.4386183361003505
0.2051589497632662
0.5035817499846277
0.23467379942200106
0.5148957756871426
0.31540921109266457
0.4838590665928794
0.36041935682223447
0.436081903707803
0.37302465719731914
0.42075570312980387
0.4210477771628849
0.5610588452315073
0.4366045625038432
0.6735073479677796
0.4075201377359651
0.7104470269937897
0.3836623009284878
0.7615907274180655
0.2946873270614278
0.7384400172169959
0.25318206972883206
0.6342925659472423
0.17816516017954848
0.6365522966242388
0.157750722498924
0.5795209985857468
0.16156305724651054
0.5057185021213798
0.18203898419725772
0.536001967656644
0.21794871794871795
0.5216442230830719
0.2775318206972885
0.530022136137244
0.3615876529545595
0.5804125930025211
0.5066408411732148
0.5719117014081044
0.547838652155199