0000010000
0.19899676481160744
0.5706676252410047
0.20901277736021706
0.6068755923009052
0.22201888827162505
0.6394889055913203
0.23453481912355797
0.6673964903107741
0.2469527139635961
0.692166922649586
0.2586353387144211
0.7150419920917611
0.26554687755302103
0.7334727623280286
0.2717068069670926
0.7451717264141691
0.27773602169863715
0.750008169667658
0.28827489297735354
0.7496813829613405
0.30044769778765396
0.7413156432796311
0.3169177477860201
0.730662396653704
0.3355772687167084
0.713930917290284
0.35273357079833983
0.6941930002287509
0.3664422731283293
0.6743897258259531
0.3756903369170942
0.6550439528119995
0.3817195516486388
0.6358288944805724
0.3853795627593869
0.6170713375379892
0.3851834907355967
0.5970066337701382
0.37997124276984434
0.5761576419071271
0.37028201692755147
0.5582497304009673
0.35601777719682354
0.540995392307441
0.3399725499166692
0.5268782065945553
0.3230449985294596
0.517270677428842
0.302490114702134
0.5106695859612428
0.28245808960491486
0.5085781510408154
0.2631449952615925
0.5099506552073457
0.24865200483644317
0.5123035194928268
0.2357929479428776
0.516355674651155
0.22587497140616325
0.517793536158949
0.26111891768242845
0.5224992647299107
0.25734453122446993
0.5341982288160515
0.21051599620927416
0.5427600405215511
0.16584425345576945
0.5536093591712687
0.1548315414528936
0.591581974445279
0.17244534492336852
0.6852390444756706
0.14141694715858963
0.6053723734518477
0.11231659096107974
0.5586418744485475
0.08774223064605732
0.6306003071795038
0.05659945753406756
0.7238652331623143
0.032956439332048046
0.7531453220482986
0.05106042286199797
0.8413777327538309
0.04558674553119179
0.9051011404856042
0.04668148099735314
0.8712460377111858
0.006356001437861559
0.8816378549720592
0.07619032057775892
0.9298715728244171
0.1622495996862848
0.9268651351263026
0.17005980196725587
0.8503970458481749
0.1893892356458939
0.807065128590568
0.2156792261690794
0.850985261919545
0.2357439299369301
0.9743799222247637
0.2578837292898925
1.0
0.27588967680794746
0.8687624587431778
0.37255318453645303
0.41812359073232896
0.45563870461749606
0.18153001535897495
0.4524361948955915
0.4015881833926992
0.4816999444462599
0.5755694258357571
0.46843240416979837
0.6184438417045193
0.4780235940001959
0.6419724845593282
0.43735498839907194
0.6562857422960033
0.4097905297212509
0.6689650665010948
0.38885984118166067
0.6754354432861668
0.370919251004869
0.6742590111434261
0.36639325512238163
0.6745204405084798
0.37020032025097216
0.672036861540472
0.36087055978562793
0.6671350609457205
0.38029802947616076
0.6543903793993657
0.4369301656808601
0.6424299859481714
0.44575340675141323
0.6332799581713017
0.526257311852554
0.6215809940851605
0.5040521551583282
0.6133459690859776
0.47243554132217874
0.6068102349596411
0.4570275481193425
0.6015162903173099
0.32222803176366765
0.5970066337701382
0.18327832423777013
0.5936080520244433
0.08091238848403648
0.5912551877389627
0.0
0.5856344563903141
0.05981830659128785
0.5763537139309169
0.23270481356818398
0.5687722623443677
0.10881997320349011
0.568118688931734
0.054785791314009395
0.6719061468579458
0.09091206169733021
0.5847848109538901
0.10916309924512263
0.5275317800071889
0.12672788470965002
0.5330871540145747
0.12597627528512143
0.6165484788078819
0.11298650370902909
0.570340838534688
0.07761184275023694
0.4919773863599225
0.048691219241201324
0.4661612365608963
0.03774386457958897
0.4576647821966596
0.044965850789190014
0.45590013398254936