0000010000
0.4577170333977947
0.8631683478806251
0.4399336225369781
0.8584644331782785
0.4167537761981919
0.836878691266399
0.46973814874823633
0.8156065436680088
0.5328359379083263
0.8072440286416148
0.5573485600794442
0.8106413003710871
0.5772225996968594
0.8253279673861921
0.6013170961166574
0.8420007317200654
0.6151544451993942
0.8554330214812111
0.6205247478179068
0.8493179323681601
0.6427638112162236
0.8249621073537873
0.6861443579156437
0.8100663774630227
0.7240108712695348
0.7971567448910266
0.7470339204515762
0.7991951079287101
0.7646736005853764
0.822192024251294
0.7799351905085459
0.858882558929598
0.8160116029895997
0.8857994041708046
0.8519050854544511
0.893168870537815
0.87308576804474
0.8866356556734446
0.8792923221658918
0.8816181466576078
0.8880598965138772
0.8867924528301895
0.8913265039460624
0.9037788114775519
0.9018711127371563
0.9337793341347418
0.9240579104165586
0.9668635342079136
0.938953640307323
0.985104270109236
0.9381304552344125
1.0
0.9356217007264941
0.9980139026812316
0.9242669732922181
0.9869858359901749
0.9098547013014168
0.9829613756337227
0.8914049025244348
0.9701040087806414
0.8777766163173579
0.975748706423457
0.8593137511106471
0.9742852662938386
0.8332723566612663
0.9577692991167097
0.7922699001724773
0.933361208383422
0.6557126430774061
0.9027857628181684
0.5089897036533739
0.8870015157058486
0.36639575602362434
0.8900851931218318
0.2356661265875714
0.8873151100193389
0.13497621909789373
0.8649453823237345
0.0924580567605708
0.7805885119949831
0.07221815711075102
0.7374692938901382
0.058616003763131835
0.7685151309256262
0.06393404066272938
0.7784978832383844
0.05696963361731048
0.7453091517273824
0.0581586787226259
0.7619819160612559
0.05047561804212615
0.6900642868342657
0.11523284377776621
0.6480426488266351
0.10460983640829985
0.6334082475304453
0.1527857628181677
0.7347514765065598
0.17959807662154414
0.7239847384100769
0.20488161814665753
0.7070506454816293
0.21089217582187864
0.6653948675064029
0.2324648513040298
0.6301155072388024
0.2503266607432187
0.6259865154445201
0.2576046621021274
0.6212826007421733
0.2826791407515813
0.5918570009930488
0.3120916740709771
0.6039826477813206
0.31670412376522256
0.6093660168295616
0.32168243349187287
0.6232686980609418
0.3346573982125128
0.6255683896932006
0.33397794386661817
0.6206554121151941
0.3128887262844301
0.59765849579261
0.2867950661161347
0.5269429781006638
0.29372027387236727
0.40526838446662855
0.3015470652798831
0.2818690221083991
0.29003554068886234
0.13766790362201445
0.2681492708932213
0.06690012021115357
0.27770083102493104
0.018920190247216844
0.3153974807923486
0.0
0.3359379083259292
0.012125646788271568
0.3511864318193698
0.010348612345162803
0.38961480165159695
0.024930747922437713
0.45418909737103474
0.05592431923901121
0.5254926044007739
0.2705796268227672
0.6477421209428739
0.6025192076517016
0.7677311451419021
0.8077144201118491
0.7950007839857843
0.8896148016515969
0.7235535462290287
0.8861129984842951
0.6249673339256785
0.8611299848429423
0.5825275701667282
0.8226101500026137
0.48629331521455116
0.8150316207599442
0.4183478806250983
0.8575236502378094
0.3944755135106885
0.9004338054669943
0.36992369205038456
0.9047718601369368
0.34026289656614245
0.8770710291120056
0.3053101970417605
0.8490566037735854
0.27818428892489433
0.8476454293628811
0.26526158992316956
0.8410599487795957
0.2533842052997441
0.8252757016672769
0.24585794177598932
0.816808655203053