0000010000
0.040527350462600226
0.007698546899272781
0.03748917391842294
0.001924636724818214
0.031316588993827464
0.001429730138436419
0.02250450227519554
0.0
0.016551875833436425
0.0008248443106363667
0.008427159373668239
0.010393038314018246
0.005760162769277294
0.017871626730454664
0.007011176640409142
0.02392048500845466
0.011754031426568275
0.03222391773552744
0.009650678434445541
0.03887766184132747
0.010104342805295517
0.043936706946563875
0.012867571245927346
0.04608130215421843
0.015245872341595537
0.050425482190236626
0.023150630318527383
0.05070043029378208
0.02370052652561832
0.04976560674172748
0.02392048500845466
0.052295129294345676
0.02976313220879559
0.05317496322569111
0.03860271373778204
0.057409164020291226
0.037131741383813824
0.06455781471247302
0.035275841684882
0.06730729574792757
0.03387360635680015
0.07264128895670949
0.03549580016771834
0.0798999188903095
0.03801157531515931
0.08237445182221854
0.11694917584305968
0.08792840351383682
0.24741205097537844
0.08798339313454594
0.31364704911947877
0.11998735238723691
0.35087502233953355
0.1618894433675644
0.390660012922561
0.20120702217456468
0.3327834371262425
0.2372802133597284
0.30490369942673323
0.23629040018696482
0.2924485503361241
0.21187500859212827
0.27997965384033774
0.18619485572098277
0.29497807288874234
0.16562873757578264
0.3219917240620834
0.17712156830398268
0.3578174619540563
0.1806958936500736
0.39123740394000633
0.16749838467989173
0.41742621080271103
0.17646169285547358
0.43015630799686566
0.151936322019219
0.44087928403513843
0.1233967088712006
0.4139756121032156
0.12680606535516417
0.3892715249996563
0.12862072283856432
0.4176049270700156
0.12664109649303704
0.44498975818314296
0.13087529728763694
0.44764300738235674
0.1326899547710369
0.47286949588265215
0.13483454997869151
0.535447684249598
0.1429730138436371
0.6092300078360211
0.15259619746772804
0.6914807330116443
0.16117457829834625
0.7799177905170402
0.17442707688923723
0.8100521026656221
0.18718466889374635
0.8465102211957497
0.2004371674846373
0.8496996191968769
0.22116825449196462
0.8148361996673128
0.24156940377503747
0.7572208245693627
0.26059581254038305
0.7511857136965401
0.28253667120331044
0.7356099036306898
0.3030477997278015
0.690917089399376
0.3167402152843652
0.656548576456194
0.3331821118763834
0.6261393162040665
0.3528134064695289
0.6031536547476665
0.3769538499608198
0.6318444893526349
0.40054439724502
0.6400104480279349
0.4214404531144748
0.6407115656919758
0.43414305549827487
0.7013513699289261
0.45586395567836563
0.8222185562475087
0.4803893265146207
0.8330515115271997
0.501780288970457
0.7594066619925491
0.5224013967363661
0.7088849479660716
0.543297452605821
0.6465267180819623
0.565953176337966
0.6495511472209622
0.5888288585529482
0.6784344454984124
0.6116495511472212
0.7071527749137352
0.6358999738799305
0.7349362807770035
0.6594355315434216
0.7603277381394263
0.6771421894117484
0.7791754306374673
0.6995779546610579
0.7992053999807539
0.7199241143234216
0.8192628641343949
0.7351012496391306
0.8574394083116814
0.7557223574050401
0.9106831085632587
0.7769483509987493
0.9114804580635409
0.7911906627624037
0.9172818630483497
0.8086773621478949
0.922588361446777
0.8306732104315311
0.9367894309948998
0.8491497229897857
0.9836680826494
0.868506069479386
1.0
0.889677073452386
0.9806436535104
0.9058440219408588
0.9752684180860862
0.9192064997731675
0.9694532656961002
0.9339987077439134
0.9565719470449957
0.9492858223010411
0.9551834591220908
0.9686971584113503