0000010000
0.5954256557156924
0.17136633545191407
0.5514427237191537
0.4031569838570106
0.5262883060304955
0.6862113209799181
0.604929430370304
0.7936323217855756
0.5645719571509563
0.7309700713156085
0.5056545221257421
0.7352669113478352
0.5850714648047023
0.7080535911437352
0.5545310774923162
0.7378330797004148
0.3390624533763018
0.7561543281711571
0.4955688837167666
0.6306507922298809
0.6022588249336078
0.6145376421090321
0.6795273475964548
0.5510398949661325
0.7486497776982067
0.4841404827977202
0.7314624175693013
0.47835168442097087
0.7554829469161222
0.5455494882582876
0.7527377435621998
0.6181183421358876
0.74854534061409
0.6886581326649361
0.7711186703667233
0.6277862322083968
0.8354369945991106
0.6838838659624624
0.8245456986840927
0.7529316981469878
0.787097544236565
0.7390863247098143
0.7571390206785424
0.6933727210336288
0.7327902604959269
0.8296183570554707
0.779786948348402
1.0
0.7637633157282245
0.9209262077402798
0.6898516993405543
0.8562348939217619
0.7254199862739831
0.76021245486826
0.7315071763196371
0.7349685196789304
0.6765135917405184
0.7341330230059976
0.714648047026527
0.7255990212753259
0.7809208366902395
0.6282636588786439
0.7661952078297973
0.6257571688598451
0.7584668636051682
0.6250410288544742
0.7312684629845133
0.6508220690478322
0.6965058335571269
0.6721869125414017
0.640512636887178
0.6914630143526392
0.570524870945603
0.7319846029898843
0.5771044072449497
0.7140214245218273
0.4936293378688866
0.6507623907140513
0.36937904693700946
0.6910452660161728
0.37258675737773395
0.6444961656670545
0.46468534598514
0.6990421627428163
0.4842300002983916
0.6300540088920715
0.4766806910751052
0.5130247963476857
0.48949661325455796
0.5043117596156715
0.4842001611315011
0.5004923462536924
0.43110136364992685
0.5161877480380748
0.3807626891057202
0.5355832065168741
0.36370960522782186
0.4933906245337629
0.3571599080953659
0.39820368215319396
0.32133798824336823
0.3931907021155969
0.3411959538089694
0.4173007489630886
0.35238564139289225
0.43783009578372567
0.3642168710649598
0.5888759585832363
0.3380777608689165
0.7092471578193535
0.3449109300868318
0.7218392862471279
0.3872228687375048
0.5097424879897352
0.3815534270283172
0.276877629576582
0.3770924715781936
0.5690030734341892
0.4228359144212692
0.6341121355891742
0.45653925342404433
0.44916897920210064
0.495404768298869
0.4198072389818877
0.5072807567212724
0.535642884850655
0.5143526392743114
0.6246829588517889
0.5039835287798764
0.7295974696386477
0.5482648524453196
0.6311282189001283
0.4928535195297346
0.6630561274729205
0.3802405036851369
0.6696804225226032
0.44127651955957375
0.6482559006952523
0.39222092919165696
0.5892340285859219
0.3294542416375734
0.5447736699191356
0.1773640079968966
0.4281025273774355
0.09933458657834277
0.34121087339241496
0.0
0.39002775042520826
0.09171067943783003
0.40966192223913106
0.2053680661235938
0.5124280130098767
0.3018231730970071
0.5459075582609734
0.3153999940321666
0.47369677438605917
0.35619013517142595
0.41855399397248816
0.4946587891266075
0.3626353952197654
0.64679378151762
0.3270671082863365
0.6623847462178856
0.2782502312535433
0.6581625041028855
0.3261122549458418
0.6990123235759257
0.3811356786918507
0.6492256736191925
0.36818548026139114
0.6293378688867006
0.3493868051204011
0.6508966669650582
0.3743920269746068
0.6329782472473368
0.41730074896308894
0.6492256736191925
0.512069943007191
0.6056604899591204
0.6310088622325665