0000010000
0.4183686852428135
0.40985561159399553
0.4198471462126364
0.3945940790022773
0.4220052223056839
0.3946417712916264
0.41888137735331665
0.38367254474132895
0.41312253341441035
0.40575407470997144
0.40514599802077017
0.4109525342490255
0.40687484350967573
0.4050386903697348
0.4029879219277224
0.4571186703389731
0.40649330519488286
0.4498217500685576
0.40925945797713176
0.4194894540425178
0.39322292568349027
0.4040371522934029
0.3902063883821585
0.3977417700993191
0.4156979170392629
0.4656555901324656
0.4309952188479929
0.5416770993549622
0.38845369674857827
0.5731063180360315
0.35252947979635413
0.6743093560348632
0.32367564474013677
0.6918601185153394
0.2748745096636502
0.7554339402177153
0.2556783632006297
0.7911077726508572
0.24042875368124858
0.9130569565165556
0.2517675954740019
1.0
0.2877991200772617
0.9726723182029549
0.28596296693732054
0.9115308032573831
0.3016298839885064
0.8293092964195015
0.3596952462710594
0.7757508554804404
0.3767452397133693
0.6377293701040884
0.379582930929642
0.42540329792180864
0.3790463926744646
0.32043256906439654
0.3612094764578937
0.20635261294130275
0.3451848672365897
0.21035876524662878
0.30765103551883244
0.2693541271714896
0.22434452909825806
0.3093202656460518
0.1691883964660015
0.315758724708183
0.13951186941851185
0.30617257454900976
0.11841995445386376
0.3187633389371772
0.1199938000023847
0.32906487343658725
0.11629764757782794
0.339366407935997
0.09912842341214485
0.33068641127445725
0.09813880840815067
0.3144233406064073
0.09304765652013218
0.2956325786028545
0.09553957863862367
0.3332141026099608
0.11443764829321225
0.39135100332653744
0.10225226836451223
0.34590025157682636
0.056694208963765744
0.3066971897318502
0.053534594794386714
0.3014987301927963
0.0535465178667239
0.30416949839634666
0.06221459145592645
0.26992643464367916
0.049743057791131626
0.28561719783953937
0.027685373967163883
0.22018337685254738
0.006331151411095563
0.2834233525294796
0.010027303835652408
0.34456486747505116
0.017467300974115085
0.34485102121114597
0.0159769169319551
0.40217715300878737
0.02288037581524014
0.4133848410058305
0.040311907572343215
0.41047561135553434
0.03579306315651423
0.37833100833422784
0.013723456260209165
0.33001871922356973
0.0
0.27526797105078055
0.015106532651333628
0.2619618223223763
0.018099223807990873
0.3506217882223893
0.031512680187430676
0.40513407494843295
0.052103826113912996
0.43308175650701686
0.04722728952796562
0.3931156180324546
0.0431853680056277
0.34194179156084925
0.05337959485400203
0.35405563305552595
0.0670076665355129
0.37628023989221543
0.07643881675430124
0.34666332820641227
0.07723766260089904
0.3487140966484246
0.046833828140835386
0.34251409903303875
0.03185844928521184
0.3126110336111411
0.11783572390933714
0.3753263941052332
0.18084916121186104
0.3879171584934008
0.27040335753717026
0.42316176032239977
0.36652716672032065
0.5159709553957863
0.4318179108392653
0.534237102216499
0.4454221363761015
0.43308175650701697
0.4270606049766906
0.3839586984774236
0.3584075544586331
0.4140525330567183
0.35595140155715327
0.4367540627868989
0.2990902695806656
0.4282171429934067
0.3089148811865843
0.4468648281289125
0.3660979361161786
0.49350788711235144
0.4333679102431118
0.5147309558727092
0.4143983021544993
0.5494986348082173
0.45201559537861735
0.6978693469733283
0.5218490300580656
0.7329231796449308
0.5264990282696047
0.7238616446685987
0.5364309475265588
0.6411155226478761
0.5453374825625069
0.5568909396573313
0.5398767154320326
0.5402940229638373