0000010000
1.0
0.3983897498052115
0.9560903817851268
0.38121374772746963
0.938949008743832
0.3953423945978702
0.9398493636914556
0.4479092719245085
0.9605748420050212
0.45691282140074413
0.8695870487403692
0.4223530430265774
0.8226473898363782
0.3796900701237988
0.7827374253311403
0.36431477794130396
0.7882780711626702
0.3593974547658209
0.8380919400917674
0.35974374513029167
0.759258938620033
0.35039390528958536
0.7168037399359365
0.36299887455631535
0.7065535451476065
0.4197904943294954
0.6205523331313308
0.4640464029088394
0.5797593281966932
0.4733269846766512
0.5840186996796815
0.5101722794563239
0.5715868755951868
0.5481257034023026
0.49588780192191156
0.5903038697948232
0.4763916544022163
0.6182841312440481
0.4720803393645575
0.5964678382823998
0.43412691541857834
0.6003462903644706
0.3882088130897758
0.5747208033936458
0.35693879317807986
0.48052982425764035
0.35468790580902076
0.4343346896372607
0.34911263094104394
0.640238940351485
0.34481863042160843
0.7190546273049954
0.3529391394684443
0.6834559778374166
0.3351744437711021
0.654090554930309
0.3085966582979828
0.497428794043806
0.2421435373560729
0.6214700025971778
0.22943468098000172
0.7183620465760544
0.21146221106397714
0.5179291836204658
0.18431304648948132
0.5178599255475717
0.16623668946411554
0.5887109341182581
0.15271405073153818
0.5376677343952903
0.1155917236602892
0.475058436499004
0.08288459873604025
0.4563587568175914
0.04820361873430856
0.5703575448013156
0.034577092892390124
0.610804259371483
0.018595792572071418
0.7472426629729032
0.011358323954635704
0.7005627218422646
0.004449831183447318
0.5858020950567053
0.006666089516059211
0.49652843909618194
0.0
0.4929270193056874
0.014474937234871305
0.6235477447840013
0.03390182668167231
0.6918362046576059
0.03720889966236687
0.5181369578391477
0.01715868755951852
0.3825296511124578
0.014959743745130157
0.23951173058609618
0.020863994459353902
0.21672582460393025
0.06068738637347399
0.22933079387066052
0.08324820361873425
0.23958098865899066
0.08776729287507569
0.2434594407410615
0.1673621331486449
0.24470608605315555
0.2393039563674138
0.24754566704181477
0.4131244048134362
0.2495541511557442
0.7269327330967018
0.24893082849969708
0.9547052203272449
0.25454073240412106
0.9402129685741497
0.2755259284910398
0.7002683750324646
0.28667647822699316
0.4999913427408883
0.2647216691195567
0.40917669465847123
0.26195134620379146
0.4190979136005542
0.25364037745649726
0.4186650506449657
0.24352869881395547
0.4220240671803308
0.23771102069084887
0.42266470435460146
0.23923469829451993
0.4207947363864599
0.24851528006233237
0.4112717513635182
0.24823824777075537
0.40277032291576476
0.25433295818543844
0.4028568955068824
0.2708856376071335
0.39516924941563514
0.27891957406285167
0.38427841745303437
0.2863301878625227
0.3773526101636223
0.2961648342134878
0.37096355293913946
0.3016362219721237
0.36583845554497446
0.2990736732750412
0.35757943035235035
0.28813089775776995
0.35309497013245583
0.28674573629988753
0.35974374513029167
0.3017747381179118
0.3488529131676911
0.3129945459267596
0.33647303263786715
0.3055146740541945
0.3397801056185611
0.3499783568522205
0.33060341096008994
0.35558826075664446
0.3219807808847718
0.36327590684789185
0.3215998614838544
0.3852999740282228
0.31427582027530104
0.38495368366375204
0.31432776382997163
0.37844342481170473
0.31678642541771257
0.37657345684356336
0.3047701497705827
0.3815600380919402
0.3005280928058177
0.39513462037918784
0.2884425590857935
0.3949268461605052