0000010000
0.8613075060532687
0.5799792459356623
0.8611691456243515
0.5709028017986856
0.8532687651331717
0.5344863369076444
0.8466551366309234
0.547049463853338
0.851290210999654
0.5704047042545832
0.8562296783120025
0.5981874783811826
0.8430024213075057
0.5866205465236942
0.8174749221722585
0.577820823244552
0.8224835696990658
0.5759391214112762
0.8289865098581805
0.604441369768246
0.8320719474230369
0.5990729851262535
0.8268557592528534
0.6259149083362158
0.8338983050847458
0.6199930819785541
0.8318367346938774
0.60383258388101
0.8244621238325835
0.6310619162919401
0.815800760982359
0.6367070217917677
0.8223728813559321
0.6428502248356965
0.8198962296783119
0.6324455205811137
0.8268004150812867
0.6739536492563126
0.8132549290902801
0.6924939467312348
0.8272708405396058
0.7237080594949843
0.8405119335869938
0.7116983742649601
0.8206848841231404
0.729629885852646
0.8329159460394326
0.7209408509166381
0.8507090971982012
0.7221030785195437
0.8537806987201662
0.7310688343133862
0.8259702525077829
0.7072154963680388
0.7754963680387407
0.5400207540643377
0.6986233137322726
0.5612729159460391
0.6211829816672432
0.5834105845728119
0.5391629194050501
0.617779315115877
0.3949913524731926
0.6798201314424074
0.26132134209616037
0.5893877551020406
0.16296091317883085
0.5480456589415424
0.06707713593912137
0.5133448633690765
0.020975441023867197
0.4467658249740575
0.0
0.4020477343479767
0.006585956416464933
0.45263230716015224
0.008813559322033888
0.5423452092701488
0.001937046004842663
0.5987409200968525
0.013531649948114973
0.6288481494292629
0.001591144932549289
0.7193358699411968
0.008785887236250421
0.7561397440332065
0.008938083708059635
0.6815358007609822
0.011898996886890336
0.588889657557938
0.02840539605672774
0.5447250086475268
0.031795226565202464
0.5991283292978204
0.10359045313040458
0.673344863369076
0.11085437564856443
0.6839709443099274
0.097779315115877
0.6842476651677621
0.11881010031131092
0.6973642338291252
0.16712556208924248
0.7431338637149774
0.1995157384987893
0.7488343133863715
0.21120719474230365
0.7402006226219298
0.2086336907644414
0.7334486336907641
0.1817917675544794
0.7202213766862675
0.21784849533033557
0.7200553441715666
0.2667312348668281
0.6659287443791073
0.31400899342787947
0.62331373227257
0.3033275683154618
0.6119128329297823
0.32997578692493945
0.6727914216534068
0.3737806987201658
0.6895607056381872
0.4154410238671739
0.6877896921480455
0.4282947077135938
0.7207748184019367
0.4743964026288481
0.7267519889311653
0.47900380491179506
0.7575786924939467
0.4832376340366654
0.7871324801106877
0.5231269456935317
0.8154686959529576
0.5499273607748182
0.8077205119335865
0.5640124524386024
0.7794949844344518
0.638547215496368
0.7639986163957108
0.6630785195434102
0.7651054998270489
0.7143964026288482
0.8014666205465236
0.8048287789692146
0.7824282255274987
0.8946662054652368
0.7979245935662398
1.0
0.7794396402628841
0.9856520235212729
0.7675406433759943
0.9359667934970595
0.7503839501902452
0.8825873400207539
0.7463991698374263
0.7949775164303009
0.7308474576271187
0.7941888619854721
0.7342234520927015
0.7780975441023866
0.7331165686613622
0.7717191283292978
0.7166793497059837
0.7712625389138706
0.718505707367693
0.7599308197855411
0.7269180214458665
0.7478104462123832
0.7471739882393635
0.7456381874783812
0.7646627464545136
0.7315530958145966
0.763057765479073
0.7091387063299894
0.7375441023867172
0.6994396402628846
0.71928052576963