0000010000
0.4711615196730431
0.9878116611448333
0.4545718362312882
0.9939541969964453
0.46183889144156137
0.9925515706996206
0.4742569708108632
0.9936156320282462
0.49111266958477434
0.9966627167420375
0.5072912384222873
0.9910522115547389
0.4936156320282461
0.9905685473144545
0.48794466881091175
0.9865057676960652
0.4930110517278906
0.9765906507702355
0.49996372518197857
0.9708834127348797
0.5140262629682475
0.9643539454910399
0.5397813837633915
0.9615970593214191
0.5507121955938188
0.9686585572295711
0.5679669173659646
0.9725762375758752
0.5957050615462746
0.9707866798868228
0.6059466518342966
0.9680781601412298
0.6115450654155886
0.9628545863461585
0.6381586902372375
0.9553577906217506
0.6673599187444076
0.9459747043602331
0.6840705182462338
0.9323353727842129
0.6893545500713406
0.9419602911658723
0.7144809073541146
0.9613068607772485
0.7527750235786318
0.974317428840899
0.790766849652971
0.9714638098232204
0.814418031002878
0.965514739667723
0.8377669222026073
0.9363014195545455
0.8679112959783319
0.9863606684239803
0.8915745689342458
1.0
0.9146332615898046
0.9964692510459241
0.9435926579768327
0.9828299194699041
0.9553456990157436
0.9826848201978189
0.9630359604362654
0.9900365166501417
0.9799037508161837
0.9830717515900462
0.9269546081110492
0.9778965442190034
0.7408889748736428
0.982152789533506
0.5516311576503592
0.990520180890426
0.32937534763367277
0.9965659838939811
0.19853207903073686
0.9906652801625113
0.08083238615752945
0.984135812918672
0.07233198713453115
0.9669657323885761
0.05478706681821466
0.832845638557713
0.02898357959904223
0.7670673018790353
0.03140190080046429
0.7074798674759984
0.0034823825300476377
0.7642136828613578
0.014788034146695439
0.8131121375541103
0.03262315300718239
0.7903315518367144
0.0
0.8480810621266718
0.058341998984305046
0.8807767647698965
0.0765761408430267
0.8233174530241104
0.08986481584484052
0.7394984401828252
0.07680588135716188
0.6132137070445697
0.09031220526710358
0.5256704795530938
0.13812241541921602
0.5607845033977411
0.13136320766124154
0.5519818142245655
0.14673163889627816
0.5075330705424291
0.17392566080626823
0.5136272399700129
0.1869241372639114
0.4492998960121881
0.17427631738047458
0.3651906846267323
0.19775821624628184
0.3890353316727531
0.2016517133805713
0.44601097917825405
0.22003095451137827
0.4936035404222388
0.23619743174288396
0.5785833474402069
0.26809508838963986
0.6087639960339533
0.2773814418031002
0.5935769388890234
0.3036444100505428
0.527943701482431
0.33081424874851884
0.506082077821576
0.32238639936156327
0.49727938864840054
0.2879011390292859
0.5169161568039468
0.3025077990858745
0.531232618316365
0.31926676501172857
0.5518850813765085
0.330814248748519
0.5888370293342363
0.3593262557132837
0.6515682812991221
0.4049841599961307
0.7388696766704554
0.4188048656622572
0.7984087446494647
0.44417305506517374
0.8665086696815072
0.5401562235496118
0.917680346303596
0.6660419336896326
0.9385262750598535
0.7218084205944236
0.9507146139150202
0.7304539188895068
0.9534715000846413
0.7009866750501802
0.9548741263814655
0.6680007738627846
0.9521656066358735
0.6868153128098473
0.9458779715121767
0.6928127493893742
0.9410896955333607
0.6861260912674423
0.9474740635051146
0.6722812023893014
0.9421053904379584
0.6565983893980801
0.9483446591376267
0.6465260815941571
0.940315832748906
0.6428018669439677
0.9372687480351135
0.6359701095499506
0.9371720151870575
0.6220405794297599
0.9359144881623176