0000010000
0.6061554978974677
0.7050639706540216
0.5549230562762815
0.6456562583877605
0.5323320211147891
0.48389549968685663
0.5856669947213023
0.5905430795383374
0.5949047150398136
0.658495123915183
0.6145097074349108
0.660642390623602
0.6543683457099401
0.788404759774537
0.6728885210700544
0.8925471951328617
0.6765679520443766
0.8448599803167218
0.6391809072201842
0.6798335868300974
0.6143755032656346
0.5584682830813275
0.6140623602039903
0.5083206584951239
0.5917397333810501
0.45159702961438625
0.5876129551758071
0.45490739912319933
0.6144314216694997
0.33573409680594085
0.6005860248725059
0.26460588708955896
0.5781739286033818
0.24608571172944413
0.5139907846470428
0.2030061733917868
0.48916301333094747
0.1559452446989354
0.4927977095821774
0.17723897289075785
0.5344569204616623
0.1596582267155767
0.5459425606155496
0.2565983716560793
0.46555426321911053
0.41979064149592893
0.4420126151919119
0.47629059676120605
0.47965688467388373
0.48926366645790464
0.47416569741433306
0.5671020846380956
0.5145835197280129
0.6603739822850494
0.5156236020399032
0.7589693119799582
0.502203185112284
0.7932808445915719
0.5105238436074081
0.8046434642569555
0.5714301690972532
0.8354209537442963
0.6542565089022097
0.9691777757895679
0.7204415317169185
1.0
0.7154424264113802
0.9719960633443677
0.683759058781426
0.9633175270645072
0.6578464704303478
0.9617070770331929
0.5401494139751274
0.9397870627180815
0.3984409949002414
0.7475172228683902
0.2655676836360382
0.6338015567683635
0.13536727207658594
0.6907488592645611
0.07909099042676936
0.7563299633175268
0.031336673525990955
0.782812919388029
0.011194864453789097
0.7652321732128474
0.0
0.7593719244877869
0.02637111926277181
0.7391518296501745
0.04438802898810055
0.7099400554710569
0.05609734275744838
0.6790730965375323
0.04804509260087686
0.6556321016372907
0.010277802630401785
0.6468193611881542
0.03011765232173213
0.6017714950344456
0.03247740896483851
0.5773016015030863
0.0507291759864007
0.47034087858996126
0.07170976111657863
0.4470340878589959
0.04353806924935141
0.653082222421043
0.0691822492618771
0.7057349915004026
0.10724031493245063
0.8498255345799407
0.09979198353762189
0.9367451015478213
0.0449136619844323
0.9385344904715037
0.08149548179296771
0.9286481166681577
0.13785004920819552
0.924353583251319
0.13753690614655098
0.7690346246756732
0.13752572246577796
0.6436431958486176
0.1604746354120068
0.5787331126420326
0.1351883331842176
0.7342310101100474
0.09594479735170447
0.8374340162834387
0.10498121141630132
0.5295249172407619
0.16299096358593548
0.5793593987653217
0.20947034087858998
0.5738570278249974
0.16686051713339892
0.44511049476603715
0.15499463183322904
0.4079359398765318
0.21284781247204074
0.47043034803614553
0.2643822134740986
0.637648742954281
0.2616869464078016
0.7019325400375771
0.26185470161939695
0.6532611613134116
0.2814820613760401
0.6308937997673795
0.31677775789567864
0.6685604366108974
0.35834749932897914
0.6162655453162745
0.38615012973069696
0.5700993110852641
0.35995794936029335
0.5756464167486804
0.389672989174197
0.6638632906862306
0.48161402880916154
0.6525006710208462
0.5144269481971905
0.6296859622438935
0.4376957144135277
0.5204437684530733
0.3677306074975396
0.4329426500849959
0.3185000447347231
0.40440189675225907
0.2966694998657958
0.3537621902120426
0.2886172497092245
0.3071486087501118
0.29235259908741157
0.27359756643106364
0.3286660105573947
0.08562225999821053
0.37779592019325386
0.014225641943276312