0000010000
0.9177376754068853
0.6055982647445073
0.9311357365244722
0.6823272491183542
0.9111419338655179
0.6489206297678946
0.9233743046435793
0.6232459311504923
0.9671393368845086
0.8124123887798617
1.0
0.8642339643800444
0.9621519529002082
0.8397987339717581
0.9627864425786844
0.8395036224933972
0.9305160024199143
0.8013161971934897
0.9621076861784541
0.7483731979755358
0.9480013575128008
0.7218131649230494
0.9363592096914611
0.7729264729751665
0.9265024863142054
0.766847176520931
0.897566805860914
0.8756252674447773
0.9159670065367196
0.8661817001372271
0.8484012335659794
0.7769399890808751
0.7880804473890013
0.710716973336678
0.7835357306222428
0.7662569535642088
0.735240737188473
0.7929940535037113
0.6628498915465316
0.8184916852340972
0.6170781012527482
0.858862935473875
0.5748919154210503
0.8165439494769148
0.5553998022753095
0.8361983739357545
0.5165041094273363
0.8383821988756255
0.4579982588422776
0.8622862286228625
0.40530610438092995
0.867952369007393
0.39177524309808026
0.8151864366764546
0.3651119210281684
0.7924038305469894
0.3453689631258208
0.7909282731551844
0.34805447757890545
0.798188015522864
0.3658939664458249
0.8516031931061957
0.37496864440542416
0.7902790279027906
0.3921736435938676
0.7834324416048165
0.4396718360360626
0.839149488719364
0.38072331823346267
0.7944696108955158
0.3011612636673503
0.7400510542857563
0.2973985923182483
0.7931711203907275
0.2913488070118488
0.8005489073497515
0.2958492570568533
0.7956500568089598
0.23026073099113192
0.7599415679272844
0.22729486063360446
0.7331454456921103
0.24634430656180373
0.5914329137831815
0.2229862330495345
0.6111463605376934
0.20561892254799255
0.5714833778459815
0.18068200262649212
0.49398710362839576
0.14608018178867072
0.5697717312714878
0.1664576293694944
0.6529931681692759
0.16995470038807156
0.6679848312700126
0.14183057650027292
0.7441826149828095
0.12863909341753846
0.7686178453910961
0.1308671850791636
0.7722772277227724
0.1442652461967509
0.7661389089728644
0.14897227427660803
0.5923182482182647
0.11280636260347342
0.5443921441324461
0.11838396954449544
0.48808487406117695
0.10761240058432063
0.4994761771259092
0.06101429815112659
0.5125201044694634
0.04327809830163351
0.48548789305160034
0.0
0.5010697791090585
0.00950258960322261
0.46394475513125094
0.0649097696654912
0.5907836685307878
0.06610497115285299
0.7382213631199185
0.0797833881748831
0.7094184828318901
0.07262693482463
0.743533369730416
0.05531864661876019
0.799781617506013
0.0653671924569506
0.7944105885998437
0.045550456685012834
0.705582033613197
0.09059922385681189
0.6534653465346533
0.1400008853344351
0.6907084151038054
0.20145785070310313
0.6820911599356658
0.2454737277006389
0.5706570657065708
0.24396865916099808
0.4679582712369599
0.31706777235100575
0.4184385651679924
0.3628690737926252
0.37493913325758826
0.3459886972303787
0.33126263446016746
0.4261114636053771
0.3758834899883433
0.4626019979047085
0.41991412255979704
0.49807439760369493
0.6033554175089642
0.6003895471514366
0.5895442003216717
0.6760708857771023
0.5254459872216731
0.7326290006049786
0.4887341193135706
0.7679095778430303
0.47769695002287116
0.8122795886145993
0.4260524413097046
0.8314175679863068
0.4242817724395389
0.7859113780230481
0.43738472207876544
0.8992784524354077
0.4611707072346577
0.9171031857284091
0.6816780038659603
0.955880833985038
0.7082970592141179
0.9422171725369259
0.5622168774254475
0.8902627967714807
0.5589706511634772