0000010000
0.21949752772952028
0.2961379126018976
0.8286783375651475
0.5459307764265668
1.0
0.5492449552318589
0.9675664840304691
0.5572096752639315
0.9510624081250836
0.5682213016169986
0.9315247895229187
0.5738340237872509
0.910784444741414
0.5848991046371776
0.8910730990244554
0.593077642656688
0.8762394761459307
0.5986369103300815
0.8533208606173993
0.6162234397968727
0.8378056929039155
0.6954430041427235
0.8206601630362154
0.703781905652813
0.8016036349057862
0.7225444340505144
0.7821729252973404
0.8360817853801951
0.7567419484164104
0.7820927435520512
0.7496592275825202
0.6107176266203391
0.7302151543498596
0.6371776025658159
0.6835092877188292
0.49226246157958037
0.6227983429105973
0.2824535614058531
0.5838166510757716
0.43009488173192545
0.5908058265401576
0.5197380729653881
0.529827609247628
0.3354804222905252
0.4513831351062407
0.5142322597888547
0.4238139783509288
0.7016971802752904
0.3815047440865963
0.5703060269945205
0.34405986903648267
0.4884137378056928
0.35046104503541364
0.5697180275290658
0.3230121608980356
0.7277295202458908
0.319297073366297
0.7000400908726443
0.369824936522785
0.6292128825337429
0.36190030736335693
0.6084190832553787
0.3483495924094614
0.5999732727515702
0.35861285580649477
0.7449953227315246
0.35552585861285585
0.7984498195910732
0.3291861552853133
0.701055726312976
0.31544834959240936
0.6609648536683146
0.3217292529734064
0.6781237471602298
0.3257917947347321
0.7370840571963115
0.3520513163169851
0.8656421221435254
0.3437925965521849
0.8802351997861821
0.315034077241748
0.947480956835494
0.3104503541360417
0.9235867967392754
0.2966056394494187
0.8375250567954028
0.3183215287986102
0.8191367098757178
0.3379393291460644
0.801389816918348
0.3641053053588133
0.7406655084859013
0.37130829881063726
0.6047841774689293
0.37200320726981156
0.6469063209942535
0.3799278364292395
0.6730990244554323
0.40650808499264995
0.6732593879460108
0.41828143792596556
0.6519844981959104
0.40383536014967264
0.5904049178137107
0.3400240545235868
0.562020579981291
0.353481224107978
0.599866363757851
0.42695443004142725
0.6532139516236801
0.465321395162368
0.6793532005879994
0.4269945209140719
0.6660430308699715
0.4277428838701056
0.6805291995189092
0.4473072297207002
0.7074702659361217
0.45738340237872505
0.6999866363757851
0.44150741681143924
0.6117867165575305
0.46834157423493245
0.49953227315247895
0.5080181745289322
0.4549512227716153
0.5095015368167847
0.4252305225177068
0.5433115060804489
0.4132567152211679
0.5961512762261123
0.4542563143124413
0.6777228384337831
0.48472537752238387
0.7002539088600829
0.4721635707603902
0.731818789255646
0.4209541627689429
0.7891086462648668
0.3231858880128291
0.8424161432580515
0.2722437525056796
0.8660697581184016
0.2772150207136175
0.878444474141387
0.2876386476012293
0.826379794200187
0.2999331818789256
0.6682079379927836
0.30618735801149277
0.4736736602966724
0.3049044500868635
0.4445142322597888
0.3029266337030603
0.48119738072965373
0.30073499933181874
0.45206467994120003
0.3006280903380997
0.4040491781371108
0.3020713617533075
0.4330215154349859
0.31196044367232395
0.48765201122544427
0.3138848055592677
0.4939061873580114
0.3222771615662167
0.47555793131097146
0.33328878791928374
0.4999999999999999
0.34232259788854735
0.4374849659227582
0.35381531471335026
0.4142723506614995
0.3686756648403048
0.45398904182814365
0.39112655352131487
0.4736602966724575
0.31324335159695316
0.1821862889215555
0.0