0000010000
0.8629080118694364
0.6110781404549948
0.9060830860534123
0.6198813056379825
0.9226261127596437
0.6587537091988129
0.8850890207715132
0.7369930761622158
0.8178041543026702
0.7869436201780412
0.8009396636993076
0.8333333333333333
0.8222551928783378
0.8450049455984165
0.7910979228486643
0.7805143422354107
0.7064045499505441
0.684371909000989
0.6479970326409497
0.5905044510385753
0.6605835806132538
0.5217606330365975
0.6490108803165185
0.4861523244312561
0.6276953511374873
0.49297725024727984
0.7040553907022746
0.5137487636003956
0.7811078140454993
0.566666666666667
0.8178041543026702
0.6282888229475766
0.8377349159248267
0.6334322453016816
0.7951533135509395
0.568348170128585
0.7794263105835805
0.5072205736894163
0.823293768545994
0.44817012858555866
0.8711918892185949
0.44352126607319503
0.8905291790306625
0.4829871414441147
0.9498516320474775
0.4928783382789315
0.9904055390702271
0.48704253214638965
1.0
0.47428288822947573
0.9976755687438177
0.4580613254203758
0.9622403560830858
0.43353115727002933
0.9598911968348167
0.3811078140454994
0.9682987141444108
0.3678536102868446
0.966839762611276
0.38140454995054407
0.9671117705242331
0.42215628090999013
0.9563303659742826
0.4268051434223543
0.9866716122650837
0.4207715133531159
0.9593966369930762
0.41879327398615235
0.9586053412462902
0.4219584569732938
0.9515331355093963
0.3964391691394659
0.8876854599406526
0.3484668644906035
0.8207715133531156
0.3850642927794264
0.7165677546983182
0.47082096933728995
0.5841246290801185
0.5327398615232442
0.513872403560831
0.6294757665677543
0.3536350148367952
0.6473788328387735
0.28162710187932743
0.6978239366963396
0.26627101879327403
0.6760633036597429
0.2641444114737882
0.6354104846686439
0.2634520276953512
0.5851632047477746
0.3044015825914936
0.5983184965380806
0.3415677546983186
0.6103857566765573
0.28879821958456975
0.5575667655786345
0.23187438180019776
0.4588526211671612
0.22722551928783394
0.5236399604352128
0.26355093966369936
0.6070227497527196
0.3293273986152324
0.5643916913946586
0.3332838773491592
0.3894164193867457
0.37556874381800187
0.3001978239366962
0.4735163204747776
0.4096933728981205
0.529154302670623
0.5706231454005931
0.524950544015826
0.6255192878338278
0.48805637982195876
0.5314540059347181
0.4050939663699306
0.4228486646884273
0.4230712166172107
0.32087042532146354
0.483184965380811
0.28308605341246296
0.5009891196834815
0.2800197823936697
0.5091246290801188
0.2608308605341249
0.4690158259149357
0.30178041543026707
0.5608555885262116
0.37299703264094963
0.5861770524233432
0.36518298714144404
0.7868694362017801
0.2273986152324429
0.9159742828882292
0.13936696340257196
0.8275469831849649
0.18298714144411474
0.7901088031651828
0.2698318496538082
0.801904055390702
0.33086053412462924
0.8186943620178037
0.4018793273986149
0.8168397626112756
0.43590504451038614
0.8003214638971312
0.45974282888229473
0.8131305637982191
0.39040553907022757
0.790875370919881
0.28367952522255196
0.8351137487636002
0.23353115727002943
0.8753956478733925
0.18100890207715142
0.7577151335311574
0.13719090009891177
0.6802423343224528
0.16508407517309598
0.7101137487636002
0.18654797230464887
0.6618447082096932
0.20919881305637997
0.6362265084075172
0.17833827893175083
0.7303412462908011
0.16261127596439182
0.7660237388724035
0.17101879327398636
0.7591493570722054
0.13738872403560848
0.7920870425321462
0.0839762611275965
0.8211177052423342
0.06538081107814045
0.9209693372898118
0.0