0000010000
0.822256866873463
0.8666645236985483
0.7849531493595207
0.9836062938973619
0.8053649206833925
0.9681769234478215
0.8280910975746958
0.8813224256256131
0.8369469133222972
0.8403060158472484
0.8417685915877788
0.8642858290875779
0.8840225654542828
0.8639000948263393
0.9085809800864688
0.697905784406692
0.8915604558093191
0.6111155756280235
0.8792330317105711
0.7177068098169372
0.9168581944422123
0.7400151079252318
0.9102042784358474
0.6753403301242387
0.8691396518748293
0.5980648997894531
0.8372201417573412
0.5746636879409828
0.8182066571304585
0.5417476976486277
0.7721596296951092
0.6016007971841401
0.7110368215496874
0.6640254584612416
0.7378774972275353
0.8099615872964847
0.8072935919895852
0.9874636365097471
0.8820456773654348
1.0
0.8638518780436846
0.9673411658818046
0.7734293383050191
0.8757292788376544
0.8132403285170124
0.8307269483598252
0.8763239524903974
0.8791365981452612
0.86110352143236
0.8759864350118133
0.8690432183095195
0.9219531011427383
0.7408669377521336
0.8622928687378457
0.6303058551246405
0.7848888603159806
0.5519696555714494
0.6706472299458366
0.4479981999067809
0.5921503077837956
0.3834037834102124
0.5513267651360516
0.3220398913515162
0.5865571609958372
0.29605104550057054
0.4347707291984764
0.28570050949067016
0.4311062537167099
0.23796589466240217
0.48941641620726767
0.16490139667947099
0.464022244009065
0.09640142078786214
0.5777495620308908
0.05196161944100672
0.4675581414037515
0.07041257493691655
0.4780372555007313
0.04985615326507987
0.4601649013966795
0.0256031115897073
0.47835870071842984
0.0
0.5828283964705314
0.00858258731255725
0.549398093829859
0.015397225927771246
0.4594577219177422
0.02883363602758009
0.48774490107523427
0.07030006911072174
0.4898021504685064
0.07462350728877036
0.4919879779488583
0.08873495234574627
0.5384689564281009
0.13595525482569643
0.6179302142432375
0.135778459955962
0.604879538404667
0.15275076745045724
0.6406242466127708
0.2171201722946367
0.5633488162779853
0.2394927594464711
0.42879184814927923
0.22367765473569182
0.44004243076873584
0.1907616644433373
0.5102460663141484
0.213873575595879
0.47835870071843034
0.22398302769250542
0.601150773879362
0.278660859223067
0.7117279287677398
0.2805734582683747
0.6439672768768384
0.27960912261527826
0.622816181552259
0.32887060222761527
0.5864285829087579
0.35789710538581476
0.6544463909738184
0.3794500072325175
0.6812549221298956
0.3703852520934119
0.7091563670261498
0.3791767787974736
0.7751812147414779
0.4813963580256835
0.8660216332631511
0.7405776370562047
0.8559282534274093
0.8201514006975358
0.8093829859046267
0.7681576367347595
0.6207589321589869
0.728507369131616
0.4837589803757695
0.5966826853533486
0.4993169289123901
0.697793278580498
0.6204374869412879
0.793455375367653
0.7429081148845208
0.7787814011797042
0.7443867628859356
0.7384400263585076
0.7011202365836805
0.7317539658303733
0.7101207026792459
0.7476012150629229
0.6800977193461805
0.7274305276523251
0.6122727784117393
0.6803548755203392
0.5411048072132308
0.6088976036259022
0.5396261592118163
0.5948022308298108
0.576656648290715
0.6158247480673108
0.6651183722014177
0.6571947475851431
0.580835436120799
0.7069705395457979
0.45174303669297117
0.7315771709606392
0.5693276973271831
0.7114386280718107
0.5580128256641861
0.6937591410983783
0.5517124993972904
0.7564409585496394
0.551969655571449
0.7572284993330012
0.5434192127806619
0.689082113180861
0.6240376733795137