0000010000
1.0
1.0
0.9987826086956522
0.9988649885583524
0.7481281464530892
0.75941418764302
0.1014096109839817
0.13321739130434787
0.09771167048054917
0.1133729977116704
0.09826086956521733
0.10011899313501145
0.09299771167048053
0.09217391304347818
0.09574370709382149
0.08880549199084667
0.10807322654462236
0.10125400457665905
0.11661327231121281
0.1166315789473684
0.1168695652173913
0.11608237986270022
0.11434324942791761
0.10531807780320367
0.11781235697940502
0.0868283752860412
0.12391762013729969
0.08572997711670483
0.12498855835240266
0.09037986270022885
0.11881006864988557
0.09495652173913041
0.10637070938215096
0.10242562929061783
0.08724942791762012
0.09587185354691073
0.07465446224256289
0.09389473684210524
0.06736842105263158
0.08499771167048044
0.06685583524027461
0.07965217391304347
0.11955148741418757
0.08532723112128142
0.1573272311212814
0.09411441647597245
0.20183981693363837
0.10465903890160183
0.18037528604118994
0.104183066361556
0.14220594965675054
0.0999725400457666
0.1369610983981693
0.09945995423340959
0.0963295194508009
0.09869107551487412
0.08704805491990841
0.09169794050343237
0.09107551487414185
0.07917620137299768
0.07532265446224252
0.0725858123569794
0.0628283752860412
0.08016475972540048
0.06833867276887869
0.09880091533180779
0.06063157894736833
0.1117986270022882
0.03300686498855829
0.10670938215102975
0.010974828375285997
0.09546910755148742
0.00421052631578947
0.08243478260869565
0.009922196796338663
0.08829290617848969
0.006068649885583485
0.09605491990846679
0.016457665903890077
0.09393135011441642
0.012613272311212769
0.09678718535469102
0.016503432494279126
0.10044851258581229
0.0432585812356979
0.10557437070938222
0.04710297482837524
0.11751029748283745
0.05295194508009148
0.12450343249427909
0.05078260869565216
0.11999999999999993
0.03970709382151023
0.11707093821510296
0.04431121281464527
0.11919450800915324
0.0386727688787185
0.12142791762013722
0.022398169336384385
0.12065903890160189
0.0025080091533180755
0.11736384439359253
0.002233409610983946
0.116558352402746
0.0104073226544622
0.11879176201372997
0.019771167048054934
0.12150114416475971
0.028924485125858063
0.1223432494279176
0.0363935926773455
0.11472768878718528
0.03219221967963387
0.10674599542334096
0.029546910755148714
0.10539130434782595
0.011835240274599531
0.10839359267734554
0.03856292906178483
0.11531350114416468
0.07988100686498856
0.10982151029748284
0.08934553775743699
0.0975926773455377
0.08675514874141872
0.09517620137299772
0.08241647597254004
0.08620594965675059
0.0784256292906178
0.08496109839816933
0.06662700228832946
0.09067276887871856
0.05870938215102969
0.10037528604118987
0.0572906178489702
0.10546453089244857
0.05191762013729976
0.10107093821510295
0.0408695652173912
0.09356521739130426
0.0471853546910755
0.07998169336384428
0.05027917620137298
0.07452631578947365
0.038270022883295195
0.07053546910755149
0.032759725400457636
0.06826544622425619
0.02829290617848971
0.07339130434782612
0.018627002288329503
0.08320366132723112
0.0003569794050342913
0.08532723112128149
0.0
0.08184897025171617
0.020393592677345553
0.07917620137299768
0.0206224256292906
0.07815102974828371
0.014553775743707047
0.08232494279176197
0.020347826086956504
0.08690160183066357
0.05600915331807782
0.12340503432494271
0.42449427917620136
0.44929977116704806
0.7042654462242561
0.7150755148741414
0.8880732265446224
0.8990938215102969
0.8596979405034327
0.949913043478261
0.9298855835240275
0.9777391304347827
0.9998901601830665
1.0
1.0
1.0