0000010000
0.7697975367228113
0.8814879567911837
0.7596665678025631
0.894163375532696
0.7425890947690484
0.8636924181639383
0.7492233964502585
0.8512667613680713
0.7369538408704206
0.838841104572205
0.7112439705905313
0.7075287616490534
0.6959928817845493
0.6663804811039482
0.6811164358970359
0.6202994021323427
0.6921996222350574
0.6017545776681603
0.6360968451944243
0.638781786110114
0.6065156647570287
0.5769032640764274
0.6048297716239213
0.5729695134325101
0.6002403958726841
0.5057211095674439
0.6477732161533543
0.5087806934016015
0.664210674201152
0.453271100981877
0.6475234542077087
0.5626668331746307
0.638063720516383
0.7461169822512914
0.6116357846427624
0.6432775011317339
0.6199091490922719
0.5958227314590784
0.6293220524187886
0.587580587252775
0.62949376375642
0.5423112346045177
0.6324440767393581
0.5355052215856765
0.6097937902936269
0.6147421988417292
0.5783081750206837
0.6347231544933738
0.5737031891478438
0.6153041632194319
0.5390955495543311
0.5329451616428093
0.4866923713335728
0.5897035637907624
0.4099530135339756
0.642465774808386
0.31223365230015143
0.6237960693713802
0.3390518412138433
0.5446215326017393
0.3666661463292799
0.5771530260220725
0.36955401882580685
0.5870186228750724
0.3621392110644544
0.5313841494825248
0.3618426187540003
0.5129642059911648
0.350322349011099
0.5541749270226818
0.37223895974149657
0.5086558124287787
0.35344437333166845
0.41374627308346773
0.29103510716348485
0.4538330653595793
0.27871872121883834
0.5049093832440954
0.2651066951811556
0.5766535021307817
0.25121368695462154
0.5909523735189898
0.24025538158942264
0.5749676089976744
0.22672140615975406
0.6577012534927652
0.25333666349260864
0.6811788763834472
0.21376500522939082
0.7963191333260494
0.1470941758636301
0.9366853467788516
0.08999235104041454
1.0
0.06181608154727521
0.9867001763943746
0.07992382260657828
0.939432728180953
0.10845912489658298
0.927506595276377
0.13888325190053244
0.9170165935592646
0.15112158723716482
0.7634129969872467
0.11557734034748134
0.7112127503473255
0.09088212797177707
0.7136479293173695
0.08910257410905224
0.7712804982750815
0.09369194986028935
0.7221398354693187
0.06375173662602839
0.6578885749519991
0.08090726026755754
0.5248903388957399
0.10941134231435655
0.5232044457626328
0.09141287210627387
0.5288240895396579
0.07389831566787912
0.5765910616443702
0.03401445497260421
0.5293860539173604
0.0
0.5012253945458238
0.0057445247498477976
0.52126879068388
0.03363981205413599
0.43035544246889657
0.07293048812850259
0.49654235806496944
0.11684176019731198
0.6305396419038107
0.14233308877476158
0.5993818391845277
0.18935077504253744
0.5509904622157007
0.23757044067373292
0.3961380559154553
0.2585972744727682
0.35661322801704626
0.2827305224707703
0.4853655109973308
0.24336179578838948
0.5059084310266776
0.24756091849955528
0.3661666224379892
0.28900579135511467
0.25876898581039964
0.35954793087838155
0.295109348901828
0.3819016250136588
0.3883329951140317
0.3960600053074415
0.44977443374283876
0.41088962083014646
0.4895490235868941
0.44555970091007024
0.5027239662196972
0.4999297544527873
0.5020995613555829
0.45668971761290056
0.4996019418991275
0.39457704375517083
0.517459921012785
0.3783893476530184
0.5459952233027896
0.401429887138821
0.5976959460514193
0.36276361592856804
0.520082421442063
0.3069418210767862
0.5542373675090932
0.3376781505127927
0.5643527263077383
0.30678571986075776
0.5290738514853032
0.36434023821045586
0.5621673092833396