0000010000
0.8363424791768742
0.7461538461538458
0.8455414012738851
0.8044585987261145
0.8536991670749631
0.848652621264086
0.8480769230769233
0.8429201371876529
0.8419647231749144
0.828956393924547
0.836575208231259
0.8209701126898578
0.8356442920137189
0.8065654091131793
0.836685448309652
0.7980401763841248
0.8447942185203333
0.785840274375306
0.8370039196472315
0.7452229299363053
0.835950514453699
0.7630573248407645
0.8435693287604114
0.8099951004409598
0.8145761881430673
0.8772170504654578
0.8116854483096523
0.8561979421852035
0.8340641842234197
0.8363057324840762
0.8338069573738365
0.8563939245467913
0.8247672709456147
0.9051935325820677
0.8120161685448312
0.9646251837334644
0.823174914257717
0.9274865262126403
0.8458353748162664
0.9054875061244485
0.8491670749632535
0.9287114159725626
0.839159725624694
0.8886330230279276
0.8100073493385598
0.9055365017148458
0.8165237628613427
0.9294953454189123
0.8170627143557079
0.8775600195982363
0.7926506614404701
0.8403233708966191
0.7913155316021557
0.8025477707006363
0.7793238608525234
0.8116609505144535
0.7898946594806465
0.8119549240568348
0.8072146006859381
0.8193042626163647
0.6488975992160705
0.8731014208721216
0.4625551200391964
0.8936795688388043
0.35282949534541896
0.8932386085252328
0.260828025477707
0.8877511024007837
0.1738608525232728
0.8890249877511022
0.12446104850563446
0.893042626163645
0.12312591866731999
0.8688388045075944
0.10361342479176872
0.7749142577168057
0.0881185693287604
0.7205781479666826
0.06918177364037238
0.6926996570308671
0.04013963743263111
0.6398334149926508
0.0112812346888779
0.5105340519353254
0.0
0.49412052915237586
0.0017148456638903372
0.5484566389024986
0.007998530132288085
0.5821656050955408
0.008966193042626153
0.5608525232729051
0.02068838804507601
0.5049975502204804
0.03356197942185218
0.6308182263596276
0.036979421852033366
0.7057814796668297
0.0859015188633023
0.7493385595296421
0.11033806957373851
0.798677119059285
0.12916462518373342
0.7894169524742775
0.13875551200391978
0.7538951494365501
0.13132043116119543
0.7839294463498289
0.12885840274375301
0.8521803037726606
0.12541646251837338
0.8554140127388536
0.14254042136207734
0.8890739833414987
0.15325820676139149
0.9708476237138658
0.16216315531602157
1.0
0.16365752082312593
0.9927486526212641
0.18069573738363554
0.9335129838314552
0.2029274865262127
0.8756491915727579
0.21652376286134242
0.8488486036256738
0.2173566878980892
0.8808427241548262
0.2456516413522782
0.8812346888780004
0.26044830965213145
0.8849093581577652
0.2559652131308183
0.8329740323370899
0.2587947084762374
0.8158745712885835
0.2842234198922097
0.7963253307202349
0.29849338559529637
0.7830475257226844
0.297452229299363
0.7759921607055367
0.33669769720725123
0.7804017638412545
0.3690102890739836
0.6652621264086231
0.3686183243508083
0.6528662420382166
0.3513351298383146
0.6225379715825575
0.3522292993630574
0.662518373346399
0.4563449289563937
0.6714845663890251
0.6850073493385594
0.6357667809897107
0.798383145516903
0.617540421362077
0.7843581577658011
0.5898089171974522
0.7419769720725135
0.628515433610975
0.6770700636942676
0.6859872611464967
0.6009799118079374
0.7311611954924053
0.5362934835864771
0.7442430181283679
0.5209578637922586
0.7309162175404208
0.5366976972072514
0.7207741303282701
0.5386207741303283
0.7325820676139148
0.5477462028417441
0.7222929936305734
0.5663522782949533
0.7043116119549238
0.5763351298383146
0.7365017148456635