0000010000
0.9990028692944789
0.9987790236258929
0.9933863779735862
0.9929183370301782
0.9774221118821351
0.9785515150281843
0.9400297104251031
0.9415152316802667
0.8746667751978998
0.872652164180623
0.7635274007447953
0.7875501109053533
0.6189637980505075
0.7567815062778536
0.5110091369731995
0.7379377709041327
0.44300075293543056
0.7433914653751447
0.45962638122952304
0.7634968763354423
0.53327160619442
0.789137380191693
0.5636433935003357
0.7856372479192527
0.5688325430902911
0.815347673022527
0.5741641399238925
0.7877536069677051
0.5875847052359535
0.7960155470991636
0.5933945178160801
0.7928003093140145
0.5885818359414744
0.7801835534482408
0.6008119492887812
0.7815673266722288
0.5946358437964225
0.7913758368775557
0.5772674548747482
0.7947131723001156
0.5846441871349788
0.7887710872794608
0.5776032233776276
0.7796951628985979
0.5571213447019797
0.758165279501841
0.5566838281679249
0.7050935064406502
0.5623206690950528
0.6682607191550839
0.5543232738446509
0.6319163224191611
0.5556968722655217
0.6522252294418097
0.5970370973321665
0.6316314279318693
0.6157994342809464
0.6283347917217803
0.5463869274129545
0.6058688264382084
0.45852750249282676
0.6323233145438634
0.39219796096945514
0.6015547099163631
0.2963106163895729
0.6178343949044582
0.1927005962434627
0.5738792454366005
0.1081378075334241
0.5446572108829693
0.07846808164262012
0.5271565495207668
0.06014326122789517
0.533505626666124
0.01864023931136923
0.554669217150648
0.0
0.5636230438941007
0.010388473983028342
0.6300441586455299
0.015302903888809734
0.672371339614578
0.03828778413137701
0.6766854561364238
0.05658208013674936
0.7208034024541625
0.058820536822612485
0.7182393520685375
0.02262876213345269
0.6908080828635964
0.01087686453267128
0.6741214057507983
0.02006471174782758
0.7875908101178238
0.03182678415172663
0.8197431879693124
0.040648338454650705
0.7957306526118713
0.053509289595246194
0.7903990557782701
0.07513074622006055
0.7946724730876457
0.10329460124946585
0.8022018273946395
0.11486335239413119
0.7652062432591926
0.13076656966687686
0.8124987281496102
0.1445534278911703
0.8422091532528845
0.1633157648399503
0.826784151726664
0.1799922671496305
0.7341527441444008
0.16492338373252474
0.6494576829938337
0.13630166256282933
0.5467328707189517
0.13659673185323856
0.5274007447955881
0.16355996011477167
0.4964286441057366
0.17276815693616315
0.4948413748193969
0.17413158055391623
0.49801591339207596
0.18394009075924375
0.4950041716692781
0.19948718992287498
0.5114873527197248
0.24317779450967617
0.5484829368551716
0.2631712826356809
0.5753851162979995
0.32980606825257913
0.5615066848456483
0.35297409495126264
0.5580472517856777
0.39230988380374815
0.6257300421236847
0.44972629779613765
0.6985409332329418
0.4761095622799697
0.7388738527909482
0.5426629494719276
0.7657760322337762
0.6134083555483201
0.7961783439490449
0.6751795852750248
0.8090392950896399
0.654931727071081
0.8181152194705031
0.6622982845281944
0.8277202336134795
0.7069453206080463
0.8313831627358009
0.7155125048330312
0.8263771596019616
0.707362487535866
0.871634683868867
0.7263283205469975
0.8954844223764262
0.7325654748580612
0.8976821798498197
0.7504934779512017
0.91648521601107
0.7951812132435234
0.9484747970126772
0.8500335768502876
0.9599926741417552
0.9031562239270668
0.9738304063816362
0.9350440568974991
0.9893775055452674
0.9672880079770454
0.9966219653649699
0.991005474044077
0.9986162267760119
1.0
0.9986162267760119