0000010000
0.496041487664171
0.34712163986743594
0.4911623910641955
0.31103473671290055
0.5169080643181541
0.37658033632011806
0.5086534920829754
0.2672149257395363
0.5060451700012277
0.4059162882042472
0.5001534307106914
0.5350435743218364
0.44221799435375003
0.3856634343930279
0.4402233951147661
0.38554068982447504
0.41684055480544985
0.31619000859212
0.4439057321713514
0.20179207070087182
0.602829262305143
0.1828894071437338
0.5107094636062355
0.2532220449245125
0.3007855652387382
0.20731557628574956
0.28829630538848655
0.0482386154412669
0.35310543758438706
0.18779918988584735
0.4211366147047995
0.03792807168282833
0.48987357309439045
0.08052043697066417
0.35463974469129733
0.068368724683933
0.2192217994353753
0.06358168651037184
0.2229041364919603
0.07511967595433927
0.2150791702467167
0.0
0.21716582791211508
0.06579108874432332
0.1892414385663438
0.22621823984288703
0.1836872468393275
0.29115011660734025
0.17530993003559606
0.2376334847183014
0.18000490978274225
0.26181416472321106
0.1754019884620107
0.2917638394501046
0.2365287836013257
0.23100527801644796
0.15069964404075115
0.1866944887688722
0.21339143242911499
0.25371302319872374
0.3315330796612251
0.30587946483368145
0.3414753897140052
0.5484227322940962
0.3402479440284767
0.6857739045047258
0.3000797839695597
0.6309070823616056
0.18859702958144126
0.6180189026635573
0.20424696207192852
0.540689824475267
0.19672885724806688
0.6348349085552966
0.22204492451209054
0.7466552105069352
0.22511353872591158
0.6536148275438811
0.24420031913587853
0.786424450718056
0.32508898981220113
0.7375721124340251
0.33555296428133063
0.6326255063213455
0.325948201792071
0.5442494169632994
0.2391064195409354
0.4514545231373511
0.24763716705535807
0.39143242911501214
0.2668466920338777
0.38627715723579253
0.3121701239720143
0.49858843746164244
0.2988216521418927
0.6187553700748744
0.2785994844728122
0.7325395851233584
0.3226647845832823
0.5239965631520802
0.3675892966736222
0.38050816251380903
0.43700135019025427
0.3036700625997303
0.3337424818951763
0.31005278016447785
0.3487786915428994
0.33865226463729
0.38771940591628823
0.5350435743218364
0.3576776727629805
0.43402479440284786
0.3535657297164601
0.32429115011660764
0.41800662820670204
0.2583773168037317
0.41395605744445807
0.39671044556278406
0.4306800049097829
0.34172087885111113
0.4574383208543026
0.5262059653860315
0.4264453172947097
0.6429360500797842
0.3631091199214436
0.489014361114521
0.38894685160181686
0.44777218608076585
0.4473118939486927
0.5973978151466802
0.48941328096231734
0.8616668712409471
0.5736774272738432
0.999631766294341
0.5932858721001598
0.8158831471707377
0.6251380876396219
0.7715723579231621
0.5876396219467291
0.6716582791211488
0.6242788756597518
0.6035350435743221
0.6527249294218732
0.46962071928317184
0.727077451822757
0.49122376334847195
0.8454645881919729
0.4320608813060024
0.9608751687737818
0.4806677304529278
1.0
0.5869645268196882
0.9612434024794403
0.5537007487418683
0.7003498220203754
0.41205351663188927
0.4855775131950412
0.39057321713514176
0.4524671658279121
0.3688474285012891
0.4605376212102616
0.6428133055112313
0.47339511476617174
0.6025530870258996
0.6401129250030686
0.5567693629556895
0.6609488155149136
0.8409230391555178
0.5677550018411686
0.6817233337424821
0.45538234933104227
0.4120535166318895
0.4278261936909296
0.27151098563888565
0.478212839081871
0.30624769853933975
0.5137167055357799
0.4491223763348469
0.47311893948692785
0.7373266232969192