0000010000
0.9808997850560767
0.9326863734065416
0.9791546957798632
0.9352401625912444
0.9774628104449976
0.9394539147460041
0.9801336483006658
0.9372831939390066
0.9838685649832937
0.9347294047543038
0.9822298835897764
0.9342186469173629
0.9817723296941836
0.9280895528740768
0.9856987805656641
0.9220881482900253
0.9833897295111621
0.9232373534231414
0.9798144246525783
0.9247270637808849
0.9258443465491923
0.9236629849539255
0.8451233267360443
0.9223435272084956
0.8032943880482664
0.6991849156185488
0.7473983272680839
0.5133541892783419
0.7183383345038198
0.43090936176551936
0.6461086637298091
0.4427419183213093
0.5813594671093234
0.5332737449190236
0.5430526293387815
0.47215305709846944
0.44504032858754167
0.4521483751516313
0.3563706399370066
0.4170763370150457
0.3133818553278426
0.30360297090808464
0.2571665708995722
0.2594224180127265
0.20027027602204775
0.2983677030794441
0.17273191598033588
0.28176807337887605
0.12624231203047526
0.27491540573325657
0.1001936623465067
0.34386771372023245
0.0844346549192365
0.327821405009683
0.06887782246908862
0.343484645342527
0.04977760752516552
0.32990699951052377
0.03576368937410883
0.3502096235289109
0.013726616867777625
0.39204920300495844
0.0
0.4383579135542357
0.008576475345293608
0.4952648492200302
0.024644065632382132
0.48330460320500546
0.029485624295047818
0.4821553980718889
0.03426333822809601
0.507565600459682
0.027091446934388943
0.5442124752601672
0.020749537125710284
0.5529379216412351
0.024707910361999662
0.549873374619592
0.029975100555449264
0.5457873119240673
0.058928685437017216
0.5771137925897548
0.08372172210517365
0.623379939985954
0.10031071101747224
0.6462789163421226
0.11368618187235308
0.6613888356849474
0.1463427610717402
0.6541956628147013
0.17582838536678788
0.6376385962672113
0.179690991508651
0.6553874311008959
0.18138287684351645
0.6564089467747769
0.1792760007661368
0.6554299942539743
0.1891080891272425
0.7101662091127713
0.19667368958692463
0.7745216965672816
0.19492860031071113
0.8582859818255334
0.1963544659388367
0.8948051671667837
0.20143012194343368
0.9052757028240647
0.21159207474089667
0.908851007682649
0.21410330077252115
0.9129796335312518
0.19717380663559553
0.9160441805528952
0.18062738087637528
0.9117878652450573
0.18637340654195667
0.8974440826576427
0.1994402945370194
0.9037008661601645
0.21397561131328618
0.9092766392134327
0.21950882121347548
0.9092766392134329
0.22383962203920074
0.9054885185894568
0.2254783034327183
0.8949754197790969
0.22812785971184743
0.8948477303198619
0.24304624486581963
0.9159164910936604
0.2719147034412309
0.9314094788141905
0.3019536487262977
0.92800442656792
0.33026878631169
0.9265147162101768
0.3509864010725913
0.9306433420587796
0.3729915512141139
0.93562323096895
0.4061588882504414
0.9392410989806123
0.4615441911936835
0.9327289365596203
0.5103215646215071
0.9267275319755687
0.5402115388707995
0.9350699099789307
0.5874140756347229
0.9306007789057008
0.648917831832982
0.9295792632318203
0.6641022366936941
0.9291110685479578
0.6973653408244482
0.9348570942135395
0.743716614526804
0.9394964778990825
0.8003575304858582
0.9377088254697903
0.8749281746791799
0.9383898359190448
0.9489135755176743
0.9351550362850874
0.9798037838643086
0.9424758986145689
0.9947966545361677
0.9546489603949858
0.9994998829513291
0.9502649556279127
0.9978399199812721
0.9383898359190448
0.9981591436293598
0.9319202366511312
0.9990636106322757
0.933580199621188
1.0
0.9354104152035584