0000010000
0.5999461161533666
0.48884435987674063
0.576472965463822
0.44991328068432485
0.6769326620304106
0.37440854058969103
0.6987387812147439
0.33022378635054783
0.6745247276339941
0.3981847879165473
0.706063616616431
0.43098657955444786
0.747924629969522
0.4892484887264889
0.7329213464226173
0.5974876656507319
0.7222792867125802
0.6316365534544597
0.6759391786081127
0.7232390927307322
0.6773873069863774
0.7228349638809837
0.6323101015373734
0.7290989610520819
0.6376311313923921
0.7040429723676898
0.6570629935844544
0.7031000050516107
0.6046104366275447
0.7035714887096501
0.5811709633421454
0.6076582417027298
0.5314294374189638
0.5840167039924558
0.5102295115092528
0.5914930877127988
0.5279775034940305
0.4674255308400828
0.5061545456076246
0.3444356509000286
0.5272534393048984
0.297489349520939
0.5939515382154346
0.33029114115883923
0.6287571354000033
0.21093842086651962
0.6797110478724301
0.13725226059575313
0.7034872951992859
0.3837708589421928
0.7207806422280969
0.42425109872531025
0.6479364170609726
0.5210399582400188
0.5608971660464411
0.5421220132352196
0.45063734487345714
0.7074107127822583
0.4069577516964993
0.8840823749305404
0.346759391786081
0.8439389091888799
0.2614040109788337
0.9261791301126507
0.16138212066613888
0.7775944230218732
0.07114351625776677
0.6810749827403305
0.04152423931163394
0.8070284742452046
0.0
0.8778857325677338
0.02786805193055716
0.8141007291157997
0.025881085085961545
0.7959822856854196
0.0547762978429622
0.8980248202468553
0.04544765689460652
0.926717968578982
0.03009076060417272
0.8625288362772997
0.03909946621314413
0.9176924242679373
0.13398555239362148
0.894050886557664
0.1656254735884956
0.9218010675737113
0.15127889942243258
0.9566235034603535
0.11492414164716196
1.0
0.11243201374038077
0.8662333507333256
0.10803711249936843
0.8059507973125426
0.09658679508983437
0.823260983043427
0.09662047249398018
0.8800410864330579
0.09997137420647617
0.8603061276036837
0.10591543603819019
0.9079259770656877
0.128849748261404
0.9128428780709584
0.13444019734958815
0.8252816272921683
0.1434489029585598
0.7757084883897142
0.13708387357502494
0.7866873221412094
0.1632512165962247
0.7412228265445295
0.16656844090457515
0.6568272517554341
0.1863033997339484
0.495714550322461
0.2337548621752235
0.373263508848738
0.26733123410847487
0.2977587687541041
0.2756663916345326
0.33729604122114265
0.3965345951134086
0.35352855001936434
0.6101166922053648
0.3641032549211104
0.6616936366544865
0.3998013033155405
0.6049303719669288
0.39784801387509056
0.4518328927206291
0.44196541330594236
0.40722717092966465
0.44762321720241816
0.34650681125498833
0.4598144375031571
0.2672302018960379
0.45509960092276086
0.267870072574806
0.3368245575631029
0.2809032279791873
0.1586710896324112
0.24495259905366504
0.18170643406806208
0.17175476114301116
0.18110024079343956
0.16944785895903136
0.09912943910283409
0.24402647043965836
0.08707292841867752
0.2943910283395354
0.1499149645545321
0.3313856567935741
0.17167056763264668
0.3636317712630708
0.17732837152912234
0.31618030882179615
0.20339468233788519
0.25679020661087437
0.15281122131106128
0.23126273426844257
0.1348274874972638
0.19255055820297362
0.08282957549632065
0.2071665516022024
0.12209742873019347
0.19502584740768183
0.12910232879249667
0.23804873120379905
0.15799754154949744
0.29641167258827666
0.21053429201677112
0.34064694293363856
0.1906646235708152
0.3663764797009445
0.21801067573711383
0.3896138885614695
0.23080808931247565