0000010000
0.9461660005576711
0.9461660005576711
0.9461660005576711
0.9461660005576711
0.9461660005576711
0.9461660005576711
0.9461660005576711
0.9461660005576711
0.9461660005576711
0.9461660005576711
0.9461660005576711
0.9461660005576711
0.9461660005576711
0.9461660005576711
0.9461660005576711
0.9461660005576711
0.9461660005576711
0.9461660005576711
0.9461660005576711
0.9461660005576711
0.9460916442048513
0.9455711497351041
0.9455153824704894
0.9440096663258665
0.9458499860581834
0.9483223347894776
0.9486011711125562
0.9425968956222687
0.9450878334417689
0.9329305697555528
0.8917185612045722
0.9196207826006122
0.8240171019611487
0.8785760758434803
0.8094432568082532
0.8737429129101222
0.8221767822288318
0.85701273352542
0.8289989776001492
0.7837717259968401
0.7510549307556461
0.8497258109489731
0.6833162933358117
0.7474858258202435
0.5250487963565387
0.5462775350869041
0.5285621340273261
0.7549958174551532
0.637419834557115
0.8924807138209869
0.4906218050004644
0.8205781206431824
0.4229017566688354
0.8993214982805094
0.470229575239335
0.9364996746909565
0.4272144251324475
0.9028162468630917
0.35430802119156063
0.8625151036341666
0.3088205223533787
0.8973882331071651
0.33917650339250843
0.9596988567710751
0.3480249093781951
0.956947671716702
0.26405799795520046
0.9078724788549117
0.19208104842457474
0.8497258109489731
0.15679895901106075
0.8430337391950926
0.15428943210335533
0.9042290175666874
0.1528394832233479
0.921851473185239
0.08379960962914774
0.8602100566967189
0.05281159959104015
0.8301700901570767
0.020652476996003463
0.8113579328933915
0.0084022678687613
0.9165721721349569
0.027121479691421785
0.9183567246026583
0.031675806301701144
0.9286922576447626
0.03662050376429046
0.934715122223255
0.0239241565201228
0.8663072776280325
0.0
0.8651919323357177
0.009554791337485158
0.8724044985593447
0.11112556929082631
0.9398457105678953
0.22477925457756318
0.9550887628961799
0.18507296217120547
0.9652012268798205
0.16982990984292218
0.9698113207547159
0.12034575704061745
0.9800724974440002
0.05121293800539092
0.9852774421414624
0.05139882888744302
0.983121107909657
0.126628868853983
0.985797936611209
0.1450506552653595
0.9881029835486564
0.12911980667348294
0.9964308950645963
0.11216655823031883
1.0
0.18711776187378032
0.996951389534343
0.24662143321870053
0.9879542708430141
0.21278929268519373
0.9804442792081043
0.19055674319174667
0.9774700250952688
0.24465098986894684
0.9756854726275671
0.3177990519565014
0.9778418068593733
0.31099544567338955
0.9723394367506272
0.29361464820150557
0.9653499395854623
0.35964308950646007
0.9602193512408204
0.4220094804349844
0.9568733153638801
0.4500232363602565
0.9422994702109857
0.4974440003717822
0.95843479877312
0.54800632028999
0.9835672460265822
0.563974347058277
0.9560553954828508
0.6305790500975931
0.9443070917371503
0.6760479598475695
0.9449762989125373
0.7624500418254482
0.9461660005576711
0.8409331722279024
0.9461660005576711
0.8720698949716512
0.9461660005576711
0.9116274746723666
0.9461660005576711
0.9338786132540194
0.9461660005576711
0.9678036992285526
0.9461660005576711
0.9581001951854253
0.9461660005576711
0.9464448368807502
0.9461660005576711
0.9470210986151122
0.9461660005576711
0.9461660005576711
0.9461660005576711
0.9461660005576711
0.9461660005576711
0.9461660005576711
0.9461660005576711
0.9461660005576711
0.9461660005576711
0.9461660005576711
0.9461660005576711
0.9461660005576711
0.9461660005576711