0000010000
0.584913221739265
0.5724282499460533
0.6026387989765412
0.6604087672246377
0.6273158851999142
0.7070193285859614
0.6542895896914214
0.7425321372422092
0.6450414624371901
0.7649126051974482
0.6067850426955214
0.7337155892598423
0.6040260180646758
0.679644871913438
0.6347452140941462
0.7697216313696481
0.6567557569592163
0.8753968987946616
0.6488023675205778
0.9786676531335741
0.6627362125836193
0.9912451061993284
0.6776719380992021
0.9234255063349679
0.6943648077930891
0.9208976848854783
0.7495298868645773
0.9957458614630549
0.738216344523568
1.0
0.7395573229754315
0.8927833780326158
0.7178550510188358
0.6028854157033202
0.703828724683252
0.32562656062147427
0.6121951971392467
0.263294182927957
0.4807484817657763
0.20299639323037097
0.43213415949936845
0.16896328493480084
0.3942476648478687
0.12031813557754568
0.33957581922993946
0.1857948765375013
0.2897900675113292
0.21446407102561743
0.27414531890625504
0.19806405869478122
0.23370017571441817
0.14726101297820537
0.2174697123832426
0.1553993649619288
0.3240389654428315
0.17155276056598517
0.3034310552113199
0.22704152409137163
0.23396220598662126
0.2087918863096893
0.17144486574801948
0.20675729831375825
0.07760720120842189
0.20509263540799677
0.05003236844538974
0.2722956934554086
0.02470791331422059
0.30910323992724836
0.0
0.3202009926323258
0.008924442800332931
0.34461604858349515
0.005872560806436695
0.3747032892505934
0.027990998489472597
0.3724220845278835
0.03961281173895624
0.41835444989056414
0.03554363574709448
0.4940041308301741
0.04189401646166656
0.5059033878972845
0.062378618329788374
0.6003575942538306
0.0965658620795958
0.7810660008015053
0.0881654798236692
0.8389592774129913
0.08192299392706313
0.8548660562902686
0.0784395326613028
0.9214525725207321
0.08391134128672281
0.9341533339498757
0.10078917352569441
0.8762600573383899
0.07350719812571292
0.832732205061809
0.03870341255895686
0.8437683035851916
0.0175714417830391
0.8472825919417991
0.039520330466413935
0.7959863127716647
0.08290946083418112
0.7641727550171098
0.09835383334874714
0.7597953081167738
0.1240944542063568
0.7341471685317061
0.13072227873855558
0.761151700114061
0.14245198680600515
0.7575757575757586
0.20311970159376072
0.782237430253707
0.22865994636086215
0.8519683097506096
0.20757421622121533
0.740189278337804
0.13781250963346603
0.6618268134036196
0.17146027929344332
0.6800147970036073
0.2114121890317212
0.6713832115663245
0.18416104072258713
0.7512253768611856
0.17936742809581072
0.7536915441289813
0.18266592681648647
0.7065877493140975
0.18676592989919555
0.7526434230401684
0.23308363389746922
0.7149727180246003
0.23985018033848157
0.7561577113967762
0.2790005857147262
0.8105983538333494
0.34945590184654307
0.8199697894509702
0.39894879620210283
0.8167021178211417
0.4691112549708688
0.7844569807947231
0.5126699343382968
0.7588704953913507
0.582940287925029
0.7228644532815444
0.6988193224205439
0.6506057523351526
0.8050340639353871
0.6390147661765162
0.9084435401831131
0.7169456518388363
0.9562101174512171
0.6694102777520891
0.9703905792410377
0.6506057523351526
0.9507537223712205
0.6475846974321041
0.9079657202749786
0.5834643484694353
0.8083017355652152
0.5263725762199829
0.7449212367828854
0.5640432812355504
0.71281482166528
0.6046733869724715
0.6856869817195359
0.6195320447609365
0.6821726933629276
0.570147045223343
0.6717993772927656
0.5601590677887731
0.6793828416412351
0.5844508153765532
0.659129442954469
0.6014673695243383