0000001000
0.5326133694969076
0.5255515496311979
0.5271226805146696
0.5233023517348592
0.5103363873912614
0.4795752985148682
0.5088644858267459
0.4483511394833464
0.515479773757153
0.4248668673304004
0.517249363278537
0.4423312274666756
0.5562961002877651
0.48407369430754504
0.5801276750570569
0.488638242979526
0.5914563556378795
0.43849436046703955
0.6079614990242451
0.4274468296232597
0.6158502298812556
0.41931002546885876
0.621588992160884
0.4230145867098867
0.6186617272516787
0.40482254490126707
0.6275096748585982
0.3511725597856646
0.6500347302616349
0.34998180795819145
0.6489597459729437
0.3419111566830947
0.6360433962888238
0.3078424238414978
0.616908675950121
0.285747362153938
0.5948632289220391
0.24082955710647294
0.5945820791849966
0.271259881586346
0.5978235702708963
0.35295868752687465
0.5804419012337515
0.3825290245757946
0.5019515099394705
0.3700261303873251
0.428075281976648
0.38266133033440297
0.3258194687923794
0.39397347269539923
0.25425859160519976
0.37227532828366383
0.16076803492872047
0.2917011212913043
0.12191975655740425
0.21350841795389158
0.09833625508550259
0.2657691926041082
0.08899216088380246
0.18274732907749827
0.07278470545430496
0.1536400621837065
0.05680878510237166
0.21588992160883816
0.03162107630734626
0.236265008434492
0.0
0.24347567227863617
0.023748883670161786
0.20318856878245653
0.28602851189098005
0.395494988919393
0.6758674296298749
0.5342837296993355
0.9028048820824928
0.4876459497899649
0.9132735752323623
0.4582740713789571
0.7592862104323093
0.32841596930506384
0.4083617239440348
0.1814242714914167
0.08244302583269943
0.0841795389144313
0.03681407733271594
0.1218866801177521
0.05834683954619121
0.16111533754506682
0.04132901134521883
0.21430225250554033
0.020127013528263803
0.2630569245526411
0.000578837693910627
0.29017960506731066
0.006251447094234772
0.2823735653094302
0.013379419839248494
0.316243839513115
0.029438031290311948
0.3104885390136605
0.028081897264578482
0.24248337908907486
0.03848443753514381
0.19333178976614962
0.0773492541262859
0.13306651672014033
0.04121324380643664
0.1039592498263488
0.06357291701121298
0.05996758508914096
0.15054741507624125
0.05381536731386242
0.1966394337313532
0.04481857572850873
0.22038831740151504
0.04170939040121718
0.20603314259253136
0.07657195779446307
0.16384414381635967
0.061621407071743
0.10521615453312604
0.09330863625839332
0.06942744682962333
0.18592266728409346
0.061059107597658265
0.08636258393146568
0.07227202063969836
0.13511725597856655
0.05930605629610031
0.18327655211193072
0.06697979029537268
0.1609168789071545
0.10131313465418582
0.12526047696225964
0.11709059636820703
0.3301359441669698
0.11723944034664119
0.3911950517646277
0.18577382330565942
0.38835047795455313
0.23011279065921358
0.4350544107432277
0.2297654880428671
0.4359143981741804
0.27716402606423457
0.379155227731287
0.2789501538054446
0.6272285251215561
0.3338239671881718
0.8743095293222644
0.37035689478384565
1.0
0.38027982667945626
0.9523037740217646
0.41084245691793747
0.9167796778354781
0.3987695564449445
0.8446068865147361
0.3932127145834024
0.7401514900936067
0.43149869348063385
0.556908014421328
0.4800714451096485
0.3915258161611483
0.48958092150960875
0.28766579565375594
0.46996659279595154
0.2664307213971489
0.4122482056031489
0.22197598650481276
0.39346078788079275
0.22859127443521993
0.43960242119538273
0.2602785036218699
0.43965203585486057
0.33661892633876905
0.3839843879204844
0.28191049515430167
0.2662818774187146
0.1344557271855257