0000001000
0.9970460811343048
0.9882280862981927
0.9921010021443265
0.9851210012690911
0.9705045731040217
0.9645967353726312
0.9639403089580325
0.9501553542514553
0.9299921228830249
0.8950592971861188
0.9531202135573936
0.9071813049757124
0.9533499628025031
0.9119513369217979
0.9709203098332678
0.9149271366679794
0.9930090586845216
0.9737867051770164
0.9965099995623824
0.9091505842195089
0.9967616296879787
0.3792831823552581
0.9143254124545974
0.05063235744606358
0.7739595641328606
0.08384753402476923
0.7114458885825566
0.07386985252286545
0.6704739398713403
0.0
0.6063082578442958
0.09456916546321807
0.571320729946173
0.14012515863638322
0.5567699444225636
0.10822283488687583
0.5364973086517
0.15841757472320672
0.5070894052776685
0.2788061791606495
0.47016541945647894
0.43770513325456223
0.4586670167607545
0.2564439193033128
0.37903155222966184
0.3909238107741457
0.35703032690035447
0.42720231062097896
0.3886044374425626
0.36064067218064866
0.38084766531005204
0.40816594459761035
0.3760010502822633
0.44374425626887215
0.35931687891120734
0.4212507111286159
0.3197015447901622
0.3961752220909367
0.2975143319767186
0.5159511618747539
0.3125246159905473
0.562644960833224
0.29178154128922135
0.563170101964903
0.2395409391273905
0.5834317972955231
0.21738654763467685
0.5925342435779615
0.2039626274561289
0.6381777602730734
0.20216839525622507
0.64605487724826
0.15538707277580835
0.6504748151065599
0.13748851253774455
0.6948492407334471
0.134381427508643
0.731696643472933
0.16988315609820132
0.7269703732878212
0.21477178241652423
0.7524397181742594
0.3145048356745874
0.796682858518227
0.3278521727714323
0.8435954662815631
0.3371406065380071
0.9129140956632096
0.4685352938602248
0.9479235044418186
0.5149446413723688
0.9567633801584177
0.4527372981488777
0.9697168614065028
0.3813071638002713
0.9808761104546849
0.310905430834537
0.989103321517658
0.3201829241608681
0.9939608769856899
0.29130016191851565
0.9925605006345457
0.2727014135048796
0.9720799964990593
0.26820489256487656
0.9484924073344712
0.2977659621023149
0.9480547897247386
0.33405540238939213
0.9893221303225241
0.3635508292853706
0.9963240120782462
0.3384972211281782
0.9979869589952302
0.3220427990022317
0.9947048269222354
0.34651656382652835
0.9831954837862678
0.38133998512100137
0.9912038860443745
0.4406481116800139
0.9972867708196578
0.46683952562251124
0.9968929149708986
0.4859743556080697
0.998162006039123
0.47532930725132383
0.9982495295610695
0.46294472889589067
0.9982057678000964
0.4799352325937596
0.9983808148439894
0.5443634851866439
0.9976806266684172
0.6415583563082579
0.9976806266684172
0.6110017067086781
0.9976806266684172
0.6003894796726621
0.9976368649074441
0.6552557874928889
0.9976806266684172
0.6464268522165332
0.9989497177366419
0.6170408297229878
0.9989497177366419
0.5900726445232157
1.0
0.5956741499277933
1.0
0.6600695811999475
0.9989497177366419
0.7477243884293904
0.998643385409829
0.8096910419675288
0.9981182442781499
0.8876197978206644
0.9907662684346418
0.9234169182967923
0.954312721543915
0.9394118419325193
0.9400026257056584
0.9473546015491662
0.9391711522471665
0.9500131285282919
0.9354951643254125
0.9532952606012864
0.9344011203010811
0.9580543521071289
0.9074001137805786
0.9611395562557438
0.868539670036322
0.9756903417793532
0.9747057021574549
0.9980526016366899
0.9963240120782462
0.9988512537744522
0.9965428208831123
0.9990372412585884
0.9966741061660322