0000001000
0.8814181422175612
0.9926592183277538
0.8888799257855041
0.9958859355463233
0.8836163433227119
0.9847537611422577
0.8612108256362682
0.9707982091719431
0.8343080708264429
0.9852377687250434
0.8282378090590085
0.9854797725164355
0.8116000484007585
0.9820917194369378
0.7867946597830032
0.9855604404468997
0.727281894083007
0.9853991045859719
0.7082442624934457
0.9824143911587946
0.6855362400677608
0.9753962812084056
0.627092324446416
0.9804783608276529
0.6359052958496347
0.9813657080627597
0.6045859718468922
0.9817690477150803
0.5710079457911508
0.9734602508772637
0.579720082281289
0.9777356511918687
0.612128423345299
0.9994353244867505
0.6379018271286252
0.99943532448675
0.5790949058201913
0.9887064897350062
0.4604122131246723
0.9611180575162341
0.4488161981204372
0.8622998426975358
0.45387811075706863
0.7423466300972046
0.38871858992457525
0.7237930060904287
0.3478804501270521
0.773161779534546
0.3779292542249829
0.7725164360908314
0.32599927398862594
0.7659823337232283
0.3055297866333238
0.7243576816036785
0.34650909530915996
0.6796676481264871
0.28653248900899436
0.6799903198483443
0.2610212559996774
0.7165328923486466
0.28046222724156017
0.6517565441858585
0.2528334610575568
0.6157786471988059
0.28253942645101443
0.5731053119832208
0.283346105755657
0.5885128867018917
0.31329407494050754
0.6056144879603115
0.27755818174484725
0.579720082281289
0.2991570201266487
0.5192191344331062
0.3476182793530433
0.5668132134070102
0.31746864034203204
0.6404630339208648
0.289295365627395
0.6581293106925341
0.2415399507925625
0.6707135078449561
0.1740208929939904
0.7526721251966275
0.14225789537369424
0.8663332392207473
0.10841769854394395
0.9078772234098336
0.06275964990118185
0.7675956923325126
0.1247932884281853
0.6409470415036504
0.16486508288629872
0.6137619489371999
0.05999677328278136
0.6075505182914529
0.07030210139958873
0.6090025410398096
0.04771508086960031
0.5952083249304235
0.012301859395797332
0.6298148670995845
0.006937442019925117
0.5856088412051789
0.0
0.5988383818013149
0.05693139192514024
0.5780260557415396
0.05104263300125044
0.5601177751784778
0.04664623079094915
0.5493889404267333
0.04700923647803832
0.5284152785060301
0.04767474690436819
0.5430161739200583
0.06574436332835895
0.6092445448312023
0.1743032307506151
0.5961763400959949
0.17742911305610456
0.5453555439035211
0.11507280280724407
0.49316339289315514
0.1536925745170008
0.4487153632073569
0.24391965474125799
0.42354696890251253
0.2774775138143833
0.3955551970314198
0.26307828822651563
0.37796958819021476
0.2627959504698909
0.37385552373653874
0.30431976767636043
0.3582059452264755
0.34917113701448
0.3899891098293872
0.32075585850844995
0.42749969749526034
0.3415681845682252
0.40959141693219847
0.3769410720767961
0.40813939418384226
0.3322712055822208
0.421449602710442
0.3594966321139032
0.4337111281410078
0.2694107207679589
0.41773887790908754
0.20429153390069776
0.472512402694309
0.1994917920380754
0.6394143508248297
0.19404670673173893
0.7279877384745689
0.20140765538660105
0.7291977574315331
0.1879966119469205
0.6611140241197113
0.2765094986488121
0.7404912676965275
0.27693300528374964
0.894083007300447
0.301254386318719
0.9415157504134232
0.328701649659178
0.9728149074335489
0.3338442302262737
1.0
0.334671076513532
0.9770903077481548
0.33549792280079066
0.9436937845359572
0.34997781631912245
0.9194934053966847
0.3573589319566009
0.9100552575323682
0.38002662041705326
0.9080385592707614