0000001000
0.6682497555524513
0.38878800577361833
0.671718582669833
0.41067188154770207
0.6199655445360153
0.4137449364436374
0.5613912557619779
0.3983796619639614
0.5411603110304045
0.4083438096568421
0.5159705731712994
0.436280672347162
0.5231177538762396
0.38953298877869336
0.5360618335894212
0.40843693253247654
0.5764073194580248
0.4692461703217393
0.6262280579224285
0.5120826931135632
0.5903757508031848
0.498021138892769
0.5565023047911719
0.4523909298319129
0.5576197792987847
0.40340829724821897
0.5559435675373656
0.36876658751222235
0.5558271639428225
0.3937235181822415
0.5587838152442147
0.5687014014992784
0.6184290170880474
0.6248544955068213
0.7074312054756249
0.5859291334916422
0.7149508776831026
0.6496251804255715
0.7706383573124739
0.7080132234483401
0.8644829352330399
0.727569027331564
0.9273874377240768
0.7262653070726821
0.965614378171998
0.6567025189737858
1.0
0.6349117660753364
0.9142803929785351
0.6396610327326907
0.9169809563719329
0.6133072589281555
0.875192065930996
0.5444894538343341
0.8114494575592495
0.4685011873166641
0.7974111840573636
0.4483866461796341
0.7969688503981002
0.43842249848675324
0.7593239279228943
0.3854355822507799
0.8269311356334685
0.3782651208269312
0.8787540159240119
0.3623411090934488
0.8519346277413048
0.3392466359361175
0.8151510918657167
0.37342273129394216
0.8652046375192064
0.3601992829538576
0.8694882897983891
0.44941099781161226
0.8426223401778647
0.7621176141919258
0.8133817572286632
0.8691157982958512
0.7982958513758905
0.8986357498719557
0.7789728546817527
0.7885645108720958
0.7877496857102947
0.6928341947199327
0.7006565162732222
0.6594030823671835
0.6782371839642408
0.5577129021744189
0.7140662103645758
0.4018252083624342
0.7639800717046141
0.41011314429389567
0.7099688038366624
0.39577222144619806
0.655771290217442
0.40843693253247654
0.6459468268380127
0.35749871956045987
0.5918889975322439
0.33105182288029034
0.5161800996414768
0.24901056944638456
0.47965265167388366
0.1466685291241793
0.5044000558737254
0.1278577082460306
0.4689900824137449
0.15272151604041537
0.46857102947339
0.15560832518508172
0.49480839968338214
0.1916468780555943
0.5334078316338408
0.23373841784234295
0.5854635191134702
0.2783442752712204
0.5681659449643804
0.38320063323555437
0.6885738231596591
0.4198910462355078
0.7358104018252081
0.3090748242305722
0.7161149136285327
0.16715556176374727
0.7444009871024816
0.1693905107789728
0.7919867765516599
0.14052241933230897
0.8088652977603947
0.1602644689668017
0.7234017786469246
0.11053685337803233
0.6912976672719653
0.1265539879871491
0.720002793686269
0.1591469944591889
0.8022302928714438
0.15206965591097454
0.8469059924570471
0.09573031615216282
0.8027657494063417
0.08222749918517484
0.7718489546957208
0.09861712529682916
0.7051962564603993
0.08120314755319648
0.5647902407226334
0.07468454625878847
0.48759137682171627
0.06229920379941336
0.4624482004004282
0.05792242864459656
0.44326488801974195
0.052055687479629416
0.4374214275736834
0.06304418680448855
0.4095311263211807
0.07244959724356292
0.3812450528472317
0.04991386134003818
0.37272430972668436
0.05568747962937091
0.3986823113097731
0.06555850444661734
0.49553010196954883
0.07831633840853007
0.5389952041719047
0.05466312799739262
0.5516133538203658
0.023373841784234354
0.5533826884574196
0.01648274898728877
0.5629045024910369
0.022908227406062336
0.5387158355450015
0.012850956837547129
0.5145038878800576
0.0
0.4881268333566139
0.012199096708106396