0000001000
0.833793663688059
0.5850528025995129
0.8457893311670733
0.5866774979691314
0.854616842675332
0.5436772271865694
0.8703493095044684
0.4888708367181159
0.8725697265096133
0.4561603032764691
0.8885188193880317
0.5224478743568917
0.8898998104522076
0.5781207690224752
0.8446520444083406
0.5311129163281887
0.8237205523964259
0.46157595450852956
0.8265908475494179
0.3830490116436503
0.8627403195234231
0.30257243433522846
0.847549417817493
0.3221770917952884
0.8706471703222317
0.37416734362307064
0.9155158407798544
0.3845653939886269
0.9063363119415114
0.3810993772001081
0.8334416463579747
0.3718927701056054
0.7551854860546986
0.4003790955862446
0.7056593555375038
0.4308150555104255
0.7138099106417553
0.411968589222854
0.6871378283238565
0.4968860005415654
0.6023828865421069
0.7124289195775796
0.5937990793392908
0.9086921202274576
0.5985377741673437
0.9888437584619558
0.6109125372326026
0.9889520714865967
0.6303818034118603
0.9698889791497434
0.565529379907934
0.968805848903331
0.504061738424046
1.0
0.35109666937449246
0.8075277552125648
0.2242891957757922
0.6559978337395078
0.09848361765502316
0.48648795017600915
0.12832385594367735
0.32098564852423483
0.0988085567289467
0.446953696181966
0.12493907392363954
0.7065800162469537
0.05637692932575149
0.5028432168968318
0.0049823991334958986
0.31773625778499903
0.05767668562144594
0.22588681288925008
0.0772542648253453
0.17801245599783394
0.14232331437855403
0.23964256701868394
0.28952071486596265
0.3377741673436231
0.4436772271865695
0.4446791226645007
0.4977525047386949
0.5224478743568917
0.5610073111291636
0.5642567018684004
0.6010018954779315
0.5811535337124287
0.6217438396967238
0.5954508529650695
0.5685350663417279
0.6062821554291904
0.4265908475494182
0.6055239642567023
0.14180882751150828
0.6115894936366101
0.0
0.6068237205523964
0.02802599512591397
0.5857026807473599
0.03579745464392091
0.5878689412401844
0.012780936907663139
0.5996750609260764
0.03571621987544
0.5749796913078801
0.05681018142431614
0.4598429461142702
0.04161927971838621
0.3439480097481724
0.11521797996209057
0.34524776604386676
0.14993230435959926
0.4529109125372329
0.17657730842133765
0.45052802599512626
0.19748172217709178
0.43785540211210433
0.2211210398050368
0.46883292715949126
0.21936095315461682
0.5055510425128624
0.15759545085296509
0.5295965339832116
0.06953696181965878
0.5343623070674249
0.06257784998646083
0.5092336853506637
0.08044949905226088
0.44576225291091287
0.10755483346872464
0.4460871919848365
0.1576225291091254
0.4642837801245605
0.22856756024911992
0.4290820471161655
0.31204982399133496
0.40341186027619796
0.41584077985377754
0.37232602220417044
0.4791497427565666
0.3354995938261578
0.5419712970484704
0.3631194151096667
0.6067695640400762
0.45594367722718687
0.6468724614134852
0.5383698889791501
0.6805307338207425
0.622854048199296
0.6986731654481453
0.6856756024911994
0.7063633901976715
0.7047386948280533
0.7118602761982132
0.7415651232060658
0.7172488491741138
0.7614947197400491
0.7416463579745468
0.7444895748713788
0.7115353371242895
0.7191443271053349
0.7004874086108859
0.7006227998916873
0.6495802870295155
0.7226103438938534
0.5770647170322234
0.7357162198754406
0.5254806390468456
0.7646357974546443
0.5041700514486868
0.7645274844300026
0.5357703763877609
0.7818575683725973
0.5576225291091258
0.7922556187381535
0.5600054156512323
0.781532629298673
0.5550230165177366
0.7949634443541839
0.5288383428107231
0.8011372867587324