0000001000
0.7439027640802833
0.7974518218407654
0.622397846309673
0.7963856385105416
0.522856305141669
0.796012474344963
0.5495375429805154
0.7980382226723882
0.7318149105738732
0.7980915318388997
0.7596156409094543
0.8002772076658582
0.7586027667457418
0.7995308793347012
0.7575232561238904
0.7991577151691232
0.7625343177759415
0.805554815150465
0.7645334115201108
0.8091265293067144
0.7686382173414718
0.8128048617959859
0.770890529626569
0.8174960684489694
0.7746354985739796
0.8179758509475704
0.7786736679372017
0.8211210917717295
0.7814057627208997
0.8233067675986888
0.7838846389636697
0.822240584268465
0.785617186875283
0.8247994242610013
0.7854839139590051
0.8241064050963561
0.788615827491537
0.8221872751019538
0.7939600714342829
0.8256523709251806
0.7968654210091421
0.8325825625716337
0.8033025028653678
0.8363675133939281
0.8078337820188182
0.8400991550497108
0.8228136578084602
0.8442572700375826
0.8383932617213526
0.8512407708505472
0.8199616174001118
0.858437508329557
0.7338140043180422
0.8608897299890714
0.6401364714662684
0.8669669749713459
0.5363301969773702
0.8747501132819782
0.47275901591278596
0.8796012474344963
0.42619345896526895
0.8818402324279659
0.37780206306474395
0.8874376949116402
0.3354745848548657
0.8910094090678892
0.2979049497561105
0.8946344323906491
0.266812378388464
0.8998054215422339
0.2522456486392835
0.9012447690380362
0.28279180105019064
0.8753365141136016
0.3154969747048004
0.8362608950609055
0.36734013913692454
0.8099794759708933
0.42693978729642573
0.7410507236719351
0.46868086467468073
0.6890209771570219
0.4991737079190765
0.704853799610843
0.520524029106805
0.6439214222885624
0.5015059839539406
0.5858144307913746
0.4835674494229282
0.5733400858277578
0.46378974864727995
0.5563877708772023
0.4489431457739158
0.5142202201668575
0.41018738172028674
0.4208758696057785
0.3596769464509422
0.34192499400271875
0.3299970679958417
0.30588799744115985
0.3297305221632859
0.27907348668603554
0.3393928085934376
0.31761601407362
0.32605218967401456
0.3582375989551404
0.2927206333128981
0.39470106884878847
0.24822080656768933
0.4275395154196761
0.2660660500573072
0.36975237892155555
0.3196151078177893
0.33824666151344723
0.3236266225977556
0.329077484873524
0.33763360609856863
0.2696377642135563
0.3218141109363755
0.20150864941226646
0.27098382066796384
0.11306874217021619
0.27659461044326566
0.003251859157182098
0.30847349201695223
0.0
0.35693152437561637
0.09030572806994162
0.3595836554095476
0.14452115041181335
0.340152464216222
0.24586187594956954
0.3270384092544713
0.2606818242396778
0.2967854572593757
0.23354745848548655
0.27552842711304204
0.23392062265106486
0.26883812671588875
0.2444758376202789
0.27756750273209474
0.25625716341925003
0.33015699549537536
0.25481781592344804
0.3619026041527839
0.24730122344537125
0.4030839352826719
0.2384519018045152
0.4650425140602926
0.23946477596822774
0.5387157821787454
0.2444758376202789
0.623024229016179
0.26595943172428504
0.7158488152037742
0.29058826665245074
0.7747554441986299
0.294799690806834
0.8127915345043578
0.2729429325372498
0.8664338833062345
0.2518325025988218
0.8947277234320442
0.2591891675773648
0.9123197483807342
0.27384918836793976
0.9324839406135884
0.26574619505824015
0.9501426020204172
0.24650158594770352
0.9559266465868804
0.23280113015433002
0.9647493136444808
0.23509342431431066
0.9805288269317908
0.25151264759975467
1.0
0.2800330516832369
0.8976730548817868
0.29133459498360736