0000001000
0.9139862958484483
1.0
0.8920395002015318
0.9958887545344622
0.8662434502216846
0.9792825473599355
0.8401854091092303
0.9555018137847645
0.8163845223700122
0.9249496170898832
0.7940145102781139
0.8868198307134221
0.7703143893591295
0.8395002015316401
0.7451229343006851
0.7924224103184202
0.7193671906489318
0.7455864570737611
0.6917372027408303
0.6944780330511887
0.6659008464328899
0.6478839177750905
0.6441958887545345
0.6192664248286975
0.6211608222490932
0.5975816203143891
0.597259169689641
0.5677549375251916
0.5714832728738413
0.5270455461507452
0.5465739621120517
0.48085449415558246
0.5258363563079401
0.4530431277710601
0.5072752922208785
0.4357114066908505
0.49074969770253946
0.4197501007658203
0.47674324869004453
0.40636839983877476
0.4621523579201934
0.4028214429665457
0.45122934300685213
0.41031841999193897
0.44459895203546945
0.4207980652962513
0.4429866989117292
0.4382103990326482
0.4243450221684805
0.459733978234583
0.3420193470374849
0.4810157194679566
0.2738613462313581
0.45779927448609437
0.22871825876662616
0.42507053607416356
0.1966948810963321
0.36493349455864554
0.16954856912535282
0.2593309149536478
0.18992341797662232
0.1883111648528816
0.14607013301088287
0.21781539701733182
0.11172914147521151
0.48553002821442953
0.08853284965739613
0.6356307940346632
0.18035066505441352
0.6076582023377671
0.30215638855300286
0.33978234582829486
0.3826682789197902
0.2817412333736397
0.3196896412736801
0.1916162837565496
0.2676340185409107
0.19306731156791584
0.22654171704957687
0.3081821846029824
0.23913744457879896
0.46118500604594925
0.26066102378073364
0.4910116888351464
0.2724909310761789
0.48681983071342216
0.3034260378879484
0.48617492946392615
0.3000604594921403
0.47916162837565485
0.24095122934300695
0.46650544135429295
0.22714631197097954
0.4562676340185411
0.1494357114066907
0.4426440951229345
0.19806529625151145
0.4263603385731562
0.17789197904070952
0.40548166062071767
0.11509471987101964
0.3859733978234585
0.11844014510278118
0.3733172108020956
0.16906489318823056
0.360177347843611
0.185912938331318
0.3507456670697301
0.19881096332124126
0.3445384925433287
0.10401047964530452
0.3374445787988716
0.07398226521563879
0.32615880693268784
0.08506650544135422
0.3116485288190248
0.2818419991938733
0.29383313180169246
0.5021765417170494
0.27940346634421626
0.5293228536880291
0.26134623135832347
0.5034663442160421
0.2402257154373236
0.41964933494558654
0.21894397420394968
0.3609834744054816
0.19201934703748486
0.3239621120515921
0.16630390971382522
0.3970777912132203
0.14663442160419188
0.35497783151954887
0.12656187021362342
0.3342200725513904
0.10028214429665448
0.38365578395808136
0.07803305118903661
0.4451833937928255
0.06360338573155995
0.5216243450221686
0.04860943168077384
0.6375856509471988
0.035711406690850434
0.6183796856106409
0.02571543732365994
0.5433897621926643
0.018540910923014898
0.44445787988714247
0.014107214832728726
0.3777912132204759
0.009915356711003619
0.361708988311165
0.009109230149133406
0.3879282547359938
0.009270455461507449
0.41743248690044316
0.010479645304312769
0.43174123337363957
0.003869407496976729
0.40701330108827066
0.0
0.38228536880290215
0.0032245062474808516
0.3688432083837162
0.012817412333736532
0.3205360741636437
0.020959290608625537
0.29776299879081036
0.031116485288190218
0.2942563482466746
0.03933897621926639
0.2993550987505037
0.04457879887142278
0.3011487303506649
0.04764207980652973
0.3011688835147118
0.05554212011285767
0.31013704151551796
0.06215235792019341