0000001000
0.21684766498693053
0.5342100299118814
0.2230456223557629
0.5088792476218709
0.23323183055323518
0.43913875340213954
0.23676197148939632
0.3776981325284971
0.2560834298957127
0.337923414805034
0.27691395618313636
0.3067719421164679
0.2806866258859039
0.2995499743997415
0.24349888167290965
0.32358726993451736
0.23110296693524485
0.34837909940984685
0.29098062464631236
0.36002048020695804
0.34352852407771717
0.35721792557061627
0.31884448516532377
0.34633107871405855
0.28233043197068114
0.3347974884798838
0.31261958015575747
0.3062329893017868
0.4419952033199496
0.2890942897949285
0.6812902530383464
0.3159341399660462
0.986014174459026
0.3547387426230829
1.0
0.37974615322428495
0.7961141502061495
0.38642916812633027
0.6198226845239699
0.34816351828397424
0.6186908836131395
0.31054461181923526
0.5528308496591123
0.31507181546255625
0.387075911503948
0.335983184672182
0.4192513945404081
0.36929046861947235
0.4861084912015955
0.39332776415424825
0.5041095152119434
0.4142391333638737
0.5063461693928697
0.425341561346304
0.4738473146676009
0.39947182624161226
0.45245088792476224
0.37532674014390055
0.49335740655905597
0.3688593063677277
0.4940849928588752
0.36735023848662024
0.3762699075695926
0.38686033037807555
0.3920073297582798
0.4014120563744643
0.4285752782343907
0.37144627987819645
0.3585383599665851
0.39268102077663114
0.38289902719016944
0.44539060605244035
0.511493168773074
0.4827939313913065
0.5211134765151313
0.5043520439785497
0.4756258589560484
0.4748174297340268
0.45937643159341407
0.4639305828774695
0.4130803848123096
0.4865666010940744
0.40399902988493347
0.4757875448004524
0.5078013419925087
0.5660082459780645
0.4904740090005122
0.7015009835888868
0.4270392627125496
0.6225982915195775
0.4343690209922124
0.5058611118596571
0.42388638874666534
0.45778652079010446
0.3707456412191114
0.47276940903823894
0.4093077151095423
0.46328383949985186
0.3950254655204938
0.46263709612223414
0.34832520412837875
0.48947694629335203
0.34673529332506936
0.41898191813306757
0.2677787059742922
0.36206850090274595
0.42474871325015506
0.34600770702524974
0.44436659570454634
0.3456843353364413
0.36166428629173514
0.36368535934678914
0.31434422916273713
0.32940796033307296
0.3265245627745295
0.27044652240696343
0.24099275108464255
0.21676682206472828
0.26869492575924975
0.18475302487267248
0.36082890942897944
0.17074025169096427
0.2969630008892724
0.17860896278530833
0.23161497210919196
0.1783933816594357
0.24487321135034637
0.15155353148831813
0.2390525209517907
0.10315556872995767
0.2288124174728504
0.06564445282815501
0.22762672128055192
0.05454202484572489
0.21975801018620833
0.07027944703441225
0.21781778005335667
0.09086744455522919
0.2194885337788679
0.08569349753429097
0.2060955563340432
0.06294968875474964
0.18407933385432124
0.025761944541755535
0.1617936349672587
0.005820690398555894
0.13999299361340928
0.0
0.10881457328410914
0.006359643213236772
0.10256272063380868
0.010132312916004487
0.10867983508043888
0.008084292220216307
0.16141636799698197
0.025654153978819223
0.20652671858578786
0.15220027486593551
0.23506427012315093
0.259236303861597
0.2500471583712848
0.29297475006063245
0.24977768196394406
0.3455765447735051
0.24260960952868577
0.3574335066964889
0.2605297906168314
0.35861920288878707
0.26583847584144027
0.34395968632946183
0.2754857312242313
0.3368455091756717
0.277291223153413
0.3321027244064784
0.2897140855318118
0.3158263494031098
0.3089816486566602
0.26322455469023665
0.3373844619903528
0.2583739793581073