0000001000
0.6306357872490312
0.3779499823881646
0.665353117294822
0.34607256076083087
0.6839776329693551
0.3405248326875663
0.6684131736526945
0.37601268052131037
0.6539054244452271
0.4556181754138781
0.6360514265586473
0.5192849594927792
0.6171627333568157
0.5200774920746742
0.6143668545262416
0.4910179640718562
0.6289846777034163
0.45931666079605493
0.6491061993659738
0.4330750264177526
0.6539054244452271
0.42171539274392394
0.6175369848538216
0.42171539274392394
0.5989124691792884
0.4252377597745687
0.585153222965833
0.4465480803099681
0.5519328989080661
0.46759422331806955
0.5199233885170835
0.4676822824938358
0.49601532229658324
0.4491017964071858
0.4926250440295878
0.41405424445227196
0.4924929552659388
0.38103205353997843
0.4820799577315954
0.36447692849594904
0.43639926030292353
0.33154279675942244
0.30752465656921446
0.2898908066220502
0.240049313138429
0.27324762240225414
0.24887724550898208
0.26215216625572385
0.2853117294822119
0.24867911236350815
0.27426030292356435
0.23855230715040496
0.2706058471292707
0.26215216625572385
0.28126100739697063
0.38200070447340584
0.2535223670306446
0.5035223670306447
0.20125924621345537
0.627333568157802
0.13023952095808378
0.6935540683339201
0.08953416696019731
0.7166255723846426
0.08189503346248678
0.7437477985206058
0.07322120464952447
0.7516731243395557
0.16035575907009508
0.7571327932370553
0.23701127157449803
0.813666784078901
0.3480318774216273
0.8822648820007044
0.5193289890806623
0.9457555477280731
0.6988816484677702
0.9858224727016556
0.7985866502289539
0.9010214864388869
0.758827932370553
0.8564635435012327
0.6638781261007395
0.8679112363508278
0.5337706939063049
0.8828812962310673
0.4598230010567101
0.8981155336386047
0.4605494892567805
0.923476576259246
0.2880855935188445
0.9874075378654456
0.09083303980274743
1.0
0.07619320183163085
0.954913702007749
0.09701919690031699
0.8675589996477634
0.13728425501937302
0.8278443113772453
0.1018624515674533
0.8214159915463185
0.07819654808030996
0.7717506164142298
0.08590172595984508
0.838499471644945
0.05006164142303622
0.958612187389926
0.05483885170834795
0.9369496301514618
0.05248326875660446
0.7716625572384646
0.07597305389221548
0.6253962662909476
0.08871961958436075
0.5035223670306445
0.13164846777034153
0.3808559351884465
0.1876981331454737
0.29367735117999294
0.2143360338147235
0.25634026065515997
0.24132617118703759
0.28856991898555845
0.2559439943642128
0.3242338851708346
0.27562522014793944
0.263913349771046
0.27078196548080297
0.18642127509686504
0.24383585769637175
0.19892567805565325
0.20095103909827405
0.2449806269813315
0.14741106023247622
0.2678760126805212
0.09851620288834109
0.2783550545966887
0.08770693906305044
0.2895385699189856
0.09761359633673826
0.29808030996829854
0.12497798520605834
0.26417752729834454
0.15912293060936947
0.17796759422331812
0.18873282846072556
0.08665022895385681
0.18060936949630146
0.021134202183867617
0.13191264529764002
0.0
0.099396794646002
0.004843254667136311
0.07377157449806261
0.02773864036632606
0.043303099682987
0.08251144769284967
0.050325818950334646
0.1370200774920746
0.07465216625572377
0.1928495949277915
0.1079165199013736
0.2330045790771398
0.13462046495244806
0.24339556181754127
0.17413702007749204
0.2512328284607256
0.2378478337442762
0.27280732652342377
0.2762636491722436
0.2712222613596335
0.28707291299753435
0.24374779852060582
0.28788746037337076
0.19575554772807305
0.31278619232123983
0.13913349771046152
0.35943554068333927
0.10302923564635431