0000001000
0.3167131141014414
0.4515486901823396
0.31464288558006215
0.4110996098415482
0.3286885898558803
0.4744804522653079
0.28984791782785274
0.3628792101281952
0.3109323990763598
0.310709451389442
0.2792101281949202
0.4082968389202964
0.2812007325424001
0.3989967354088703
0.28995939167131163
0.4142208774583965
0.3166016402579826
0.5469066008440162
0.31365554582371225
0.5067760171988214
0.33733577514133317
0.6378055577673385
0.33883270961063805
0.6086949597897918
0.32058284895294215
0.5656979058842269
0.2617724341109961
0.4210367067441677
0.30676009236404167
0.4374711362369615
0.30363882474719345
0.44224858667091344
0.27537224301297886
0.48741141810653715
0.2835735329245961
0.4933991559837569
0.2543036865992516
0.5627677362847362
0.3043872919818459
0.5527032407038777
0.27862090930806604
0.33688987976749757
0.28648777768930656
0.20777131937256155
0.28199697428139203
0.23401544708973646
0.25454255912094914
0.17235448682219928
0.22396687634365808
0.0627279241977865
0.20280277092125173
0.1775141332908673
0.2237439286567402
0.37370809777848546
0.25901743769408403
0.8331077315072858
0.2981766064177086
1.0
0.27973564774265475
0.9112668206067365
0.30601162512938923
0.6837327812723946
0.38851819412373617
0.43562385540250026
0.45987737877219537
0.3013456485388965
0.5125885818934628
0.12286010032645923
0.566446373118879
0.08521379090691926
0.5825145314117368
0.23439764312445283
0.5812564694641295
0.24242375985349165
0.6375507604108609
0.172099689465722
0.6203997133529743
0.09241181622740678
0.5702842583008203
0.27879608249064436
0.5289752368819176
0.3050402102078189
0.5099132096504501
0.2540807389123339
0.5074926347639143
0.3945377816705154
0.49542161000079615
0.4202086153356161
0.3481487379568438
0.4402739071582135
0.15356318178198922
0.3661278764232822
0.06447965602356881
0.43498686201130693
0.00030257186081705963
0.3974042519308863
0.0
0.5304721713512222
0.06705947925790276
0.6919499960187914
0.11975475754439059
0.5112986702762964
0.15407277649494394
0.43199299307269706
0.18813599808902
0.5237200414045704
0.21750139342304314
0.6418823154709773
0.20023887252169775
0.6717573055179555
0.17616052233458096
0.5718130424396851
0.13295644557687736
0.4374711362369615
0.12400668843060765
0.4957560315311731
0.11596464686678888
0.42880802611672925
0.15316506091249313
0.34032964407994293
0.16740186320566944
0.1636913767019668
0.21625925631021592
0.35103113305199485
0.20423600605143727
0.547352496217852
0.150999283382435
0.6056373915120632
0.22108448124850708
0.4734612628393983
0.2363086232980334
0.6450672824269447
0.151891074130106
0.877060275499642
0.14978899593916722
0.5346126283939806
0.1417310295405685
0.15082411019985678
0.18749900469782632
0.2667569073970861
0.19703798073094997
0.25267935345170783
0.21105183533720842
0.32160203837885165
0.17474321203917517
0.43377657456803903
0.06306234572816324
0.4249860657695677
0.006306234572816301
0.2933832311489767
0.06704355442312292
0.2871406959152801
0.0822836213074291
0.34224062425352375
0.19807309499163964
0.4636515646150173
0.2178039652838602
0.6458316744963775
0.16619157576240165
0.6506728242694485
0.11583724818855005
0.5724500358308784
0.10099530217374009
0.534931125089577
0.08067521299466533
0.5677999840751654
0.08280914085516367
0.564869814475675
0.10550203041643456
0.5604745600764391
0.10652121984234415
0.5187514929532606
0.17119197388327115
0.4750537463173821
0.20609921172067844
0.4237120789871807
0.2717891551875149
0.36918544470101133
0.2590333625288638
0.32459590731746174