0000001000
0.3200554461224192
0.18973273996254955
0.2724277133338198
0.4406507623841832
0.25558716957272454
0.570851876170327
0.28053792466136546
0.5739160039882298
0.3139515089613581
0.5870966173001633
0.33092580433355234
0.5894311908757083
0.329284307288247
0.5771746796040954
0.3185963376377035
0.5699764110794973
0.2616546290216679
0.5493543444955136
0.22238029230806658
0.535346903042241
0.2259307896208751
0.5405024196882372
0.23334792441818064
0.5202208117506874
0.22869093650446254
0.5114175238929013
0.267332992874687
0.5253276914471926
0.3369203083582599
0.5556771479292821
0.3844750857226236
0.582573380997544
0.36645509593638304
0.5956567204104958
0.3328226453636829
0.642542739719365
0.2867634541961529
0.4402616667882592
0.25038301597723805
0.3087959923153619
0.26189781376912047
0.36083752827022686
0.2505775637752001
0.34736509326135073
0.26541183336981117
0.28438024367111703
0.21594805573794418
0.3502833102307824
0.1729894701004354
0.7014907225018849
0.15381435276379468
0.9767758566182735
0.16528051360618665
0.8607767320833644
0.23058777753459314
0.7893290532817783
0.2507234746236717
0.6939519953308528
0.26083996011770155
0.5344714379514118
0.24843753799761698
0.486126310157827
0.3293937404246006
0.4283456141630798
0.34458062790301797
0.4695897473310473
0.3986405972617399
0.4394348386469202
0.5672770603827731
0.19547190000243184
0.8612509423408966
0.013277887210914122
1.0
0.03715862941076334
0.9694195180078309
0.014882906544101588
0.8629410763356925
0.0
0.7060990734661124
0.08837333722428935
0.49432163614698105
0.1033048807178814
0.4031151966148683
0.12295420831205471
0.32178205782933306
0.13224386566474558
0.22719535030762877
0.13764256705819422
0.21943775686388964
0.1453272050776976
0.22674545852484143
0.1284988205539749
0.261484399698451
0.11731232217115348
0.2784951727827632
0.09955983560711079
0.31021862308796
0.12324603000899788
0.3074098392548821
0.1502881739257314
0.29736630918508805
0.1821453758420272
0.3001507745434207
0.24230928236181037
0.31206682716860007
0.24386566474550717
0.3645582549062523
0.23657012232192806
0.4244911359159555
0.2607913231682109
0.46755915468981796
0.29605311154884384
0.5311154884365654
0.3559738333211742
0.5509715230660733
0.4218282629313492
0.556540453782739
0.4863208579557892
0.5104447849030911
0.5186157924174996
0.47914690790593634
0.562972690352861
0.4328566912283262
0.6105396269545976
0.38616521971741946
0.6133119330755578
0.3441672138323485
0.5904039298655188
0.36266141387612183
0.6498869190924348
0.40812480241239274
0.7024634614916955
0.469079059361397
0.7441939641545685
0.5123416259332217
0.7470635441745092
0.5589723012572654
0.7627732788599502
0.6178108509034315
0.7302351596507869
0.6388706500328301
0.6395272488509524
0.6210573672819243
0.46924928868461396
0.5805792660684324
0.3019868193866883
0.5764694438364826
0.32878577855596913
0.5558716957272442
0.35373653364460994
0.532416526835437
0.37338586123878326
0.5474575034653828
0.3556820116242309
0.5474696627027555
0.3491160234430098
0.5580117215048274
0.390408793560468
0.5405388974003552
0.3480460105542181
0.5362102088956983
0.299214513265728
0.49051579484934704
0.31633471948639397
0.4858588069356291
0.3074341577296273
0.5476398920259723
0.3342817538483988
0.572432577028769
0.38885241117677105
0.5845918144014011
0.5692468568371393
0.5861360375477253
0.5085479438729604
0.5979183385618057
0.45451229298898393
0.5749009022154132
0.40534033705406014
0.5609542569490042
0.24658933391697682