0000001000
0.6017233220285513
0.41270999290164856
0.6043063333070432
0.45427478507768765
0.6014078397349949
0.5038843757394116
0.6101427557378342
0.5534939664011362
0.6184833188737283
0.593875699976339
0.6375108447038412
0.6184044483003392
0.6540539474721981
0.6247929647448539
0.7005087151983593
0.6139088256171626
0.7384454609985017
0.6104385203880431
0.7130294187238742
0.620455083208455
0.6049175802508086
0.6196663774745642
0.5218865841154666
0.6191931540342296
0.5000591529300419
0.6206128243552335
0.4812879564634434
0.5936390882561716
0.4162591687041568
0.5624852117674899
0.3267607855509109
0.5549925072955283
0.29057891000867575
0.5622486000473227
0.20025238583484511
0.5733693508951813
0.13678129189999227
0.5034111522990773
0.09513762915056405
0.40332439466834913
0.09513762915056419
0.3500078870573388
0.12508872939506285
0.34677419354838734
0.09657701711491447
0.3362844072876412
0.1926610931461474
0.31270210584430946
0.31132187081000107
0.3186173988484899
0.4232392144490892
0.36799037779004673
0.6643662749428189
0.39953860714567385
0.8038291663380391
0.3942542787286065
0.8968175723637509
0.3801364460919634
0.9732628756211058
0.4103438756999762
1.0
0.482668191497752
0.9088058995188896
0.4825893209243629
0.6904921523779478
0.4073467939111915
0.6221902358230144
0.38053079895890846
0.531883429292531
0.36838473065699195
0.4954649420301285
0.3503233693508954
0.3747732471015065
0.32618897389384033
0.27939900623077546
0.34070115939742907
0.20163262086915365
0.35213739253884396
0.2045113967978548
0.3385716539159242
0.17617714330783196
0.3643623314141496
0.12376764729079597
0.3720127770328891
0.11941004811104987
0.38912769145831666
0.14421484344191196
0.40766227620474804
0.2322738386308069
0.41334095748876065
0.37057338906853843
0.41610142755737833
0.39200646738701794
0.4213857559744458
0.44670321003233704
0.43645003549175804
0.5231090780029971
0.4653166653521571
0.4470186923258933
0.4672884296868842
0.31763151668112655
0.4727304992507298
0.2469634829245209
0.5217091253253413
0.22771906301758835
0.5448970739017276
0.18970344664405733
0.5344861582143703
0.1492625601388122
0.5172923732155534
0.13169413991639733
0.5031745405789101
0.13701790362015934
0.4818006151904725
0.20853379604069744
0.4824315797775852
0.2265754397034467
0.49000315482293566
0.17203643820490586
0.4719417935168391
0.22955280384888418
0.4616886189762599
0.1466795488603202
0.45664090227935966
0.07827904408865073
0.4334529537029737
0.05816704787443813
0.4340050477166972
0.016030444041328307
0.46176748954964897
0.0
0.4940255540657783
0.018317690669611295
0.5107461156242606
0.01723322028551153
0.5329087467465892
0.013822067986434462
0.5825972079817023
0.03269185266976895
0.5981347109393488
0.06157820017351534
0.6091765912138184
0.0990614401766702
0.5160304440413284
0.14096143228961275
0.35505560375423906
0.1471330546573075
0.3026855430238979
0.13313352788074784
0.2831256408234089
0.12414228251439405
0.30899518889502353
0.1383192680810791
0.3515852985251205
0.16160580487420156
0.41736335673160346
0.1677577095985489
0.47549096931934703
0.18905276441359725
0.47864579225490966
0.18526697689092225
0.4276165312721821
0.20567473775534356
0.46184636012303804
0.1809488129978706
0.49576070668033734
0.19828062150011838
0.5107461156242606
0.2512224938875306
0.5175289849357206
0.23773562583800004
0.5362213108289297
0.2252740752425272
0.5601190945658178
0.2591095512264374
0.5796789967663065
0.30724031863711676
0.7035057969871444
0.32313273917501406
0.7893958514078396