0000001000
0.19374352523309163
0.1256474766908392
0.20264170489862365
0.12313156726357845
0.20389965961225395
0.11669379902323511
0.20968995116175823
0.11809974840905721
0.21216886192097084
0.11343791623501541
0.2164422080805091
0.11025603078289183
0.21943910019239307
0.10626017463371314
0.224655912387154
0.10840609738049418
0.23264762468551137
0.10418824922302786
0.23751294953381677
0.10929406541364513
0.2441357111143999
0.104928222583987
0.26515095456563564
0.11240195352967287
0.28727615805830997
0.11462187361254995
0.31576513245523163
0.11654580435104324
0.33350599378422374
0.12816338611809983
0.360959005475803
0.13437916235015546
0.388338019831286
0.14266686399289624
0.41037072665384056
0.14636673079769127
0.43332840017759366
0.1505845789551576
0.44936732277638
0.15990824330324105
0.47878126387450054
0.15569039514577473
0.5006474766908391
0.1579843125647477
0.5144849785407726
0.12542548468255135
0.5051613141926891
0.03818262542548469
0.4957636525085097
0.024937102264318497
0.4776158058309901
0.0
0.45985644516797397
0.023679147550688156
0.43182995412165165
0.2561047802279118
0.44202308716886185
0.5123575551280156
0.41266464407281356
0.48557051946129953
0.31857703122687586
0.3675447683883381
0.19002515909427262
0.2925854669231909
0.17681663460115446
0.17093384638153036
0.16764096492526273
0.03840461743377242
0.15125055498002077
0.015391445907947235
0.15206452567707568
0.06600562379754331
0.18749075033298804
0.04980020719254096
0.28540772532188846
0.11055202012727543
0.34345863548912253
0.11003403877460399
0.4543251442948054
0.1368210744413201
0.5086206896551724
0.19150510581619062
0.5777157022347195
0.1869912683143407
0.5142629865324848
0.19712890335947908
0.42361624981500673
0.2097084504957822
0.37472250998964035
0.23442356075181278
0.2545323368358739
0.25869468699126835
0.1926520645256771
0.2715702234719548
0.17552168121947612
0.28207784519757295
0.15683735385526126
0.2894775788071631
0.2358110108036111
0.3130827290217552
0.2988567411573183
0.35163534112771955
0.32597676483646604
0.3628829362142964
0.2982647624685512
0.37353855261210606
0.3079584134971141
0.3766464407281339
0.38521163238123435
0.3528932958413497
0.3997706082581027
0.35555719994080226
0.4116471807014948
0.3680627497410093
0.43096048542252496
0.3751664940062159
0.4394701790735534
0.3803463075329289
0.45354817226579847
0.39196388929998544
0.43669527896995713
0.4043954417640963
0.3933698386858074
0.41290513541512486
0.429351043362439
0.4145330768092347
0.3590720734053575
0.42541068521533215
0.308772384194169
0.43332840017759355
0.30718144146810716
0.4417640964925262
0.30936436288293623
0.444132011247595
0.3193540032558828
0.4469439100192392
0.35331878052390114
0.45190173153766483
0.349674411721178
0.45752552908095323
0.35305978984756536
0.4717330176113659
0.34512357555128026
0.48838241823294387
0.33099008435696314
0.5052538108628091
0.3394812786739679
0.5227171821814415
0.3480834689951163
0.5404025455083618
0.374315524641113
0.5660056237975433
0.39449829806126974
0.5924226727837798
0.37912535148734644
0.6257954713630309
0.37446351931330485
0.6440728133787185
0.3627904395441765
0.6580583099008438
0.3666013023531154
0.6803315080657095
0.3590720734053575
0.6758176705638596
0.35108036110700025
0.6676039662572143
0.34233017611366
0.6434068373538553
0.37102264318484546
0.712890335947906
0.38423116767796356
1.0
0.3477689803167086
0.677815598638449
0.32381234275566095
0.46810714814266663
0.32051946129939324
0.4135711114399881
0.31397069705490604
0.36821074441320123