0000001000
0.584126403123475
0.22433707499593306
0.5941516186757767
0.2258825443305676
0.6007605335936228
0.22750935415649917
0.6416544655929723
0.18675776801691887
0.7329998373190173
0.09687652513421188
0.7776964372864811
0.08247925817471931
0.7689319993492757
0.09264681958679023
0.7972384903204817
0.11900113876687812
0.7662477631364891
0.2611029770619815
0.7732227102651699
0.22043273141369774
0.8032780217992515
0.2017244184154871
0.7090450626321784
0.14315926468195878
0.614812103465105
0.005775174882056244
0.4966447047340166
0.0
0.39307792419066206
0.21254270375793063
0.36310395314787686
0.3391085082153895
0.4125183016105417
0.43297543517162806
0.46545062632178286
0.5973645680819911
0.5581584512770454
0.8298356922075804
0.6885472588254432
0.9734829998373188
0.7950422970554744
1.0
0.8587725719863344
0.9795835366845616
0.8008378070603545
0.966731739059704
0.7380022775337561
0.9153245485602727
0.7428217016430779
0.8478119407841223
0.7727346673173904
0.757442654953636
0.7484138604197168
0.7258825443305678
0.7189279323247113
0.5974459085732878
0.7054050756466568
0.47616723605010564
0.6332357247437773
0.477631364893444
0.5335326175370098
0.9102814380998859
0.5773548072230356
0.7721652838783144
0.6589799902391407
0.36830974459085736
0.6452131120871967
0.3094192288921424
0.6179233772571986
0.3818936066373841
0.5972832275906945
0.394908085244835
0.5221652838783146
0.4703920611680492
0.5553928745729625
0.5204164633154382
0.4646575565316415
0.5541727672035139
0.4366560924027979
0.5846754514397269
0.4297014803969414
0.5834553440702781
0.4366154221571496
0.5950870343256871
0.40007320644216704
0.6288433382137627
0.35867089637221394
0.6006181877338539
0.34925573450463643
0.6162355620627947
0.3431551976573939
0.5954123962908735
0.3793720514071905
0.5475028469171952
0.3615788189360664
0.5435171628436637
0.3538718073857165
0.5058565153733527
0.3529160566129818
0.4986172116479585
0.4013949894257361
0.5020335122824143
0.543862859931674
0.5021961932650072
0.5232633805108182
0.4882869692532943
0.49288270701155035
0.5178135675939478
0.38573694485114673
0.5856515373352854
0.3383967789165447
0.6471449487554906
0.31661786237188866
0.738164958516349
0.34490401822026995
0.7300309093866926
0.4013543191800878
0.7069302098584676
0.4781804132096957
0.6877338539124775
0.4559337888400845
0.6826907434520899
0.5162680982593133
0.693427688303237
0.5326175370099235
0.6734992679355785
0.5626118431755327
0.6465755653164145
0.5833333333333333
0.6063120221246135
0.5669838945827232
0.5661298194241096
0.5537253945013827
0.5519765739385065
0.5563282902228729
0.5697901415324548
0.5376403123474865
0.5741825280624696
0.5214738897022938
0.5677566292500408
0.5079713681470638
0.5484789328127543
0.4894664063770944
0.5443305677566292
0.47771270538474053
0.5208231657719211
0.4473523670082968
0.49991865950870346
0.4370424597364567
0.49194729136163984
0.4224418415487229
0.4934114202049779
0.3951114364730763
0.5034976411257523
0.3834390759720189
0.5200097608589556
0.38738408979990235
0.5326175370099235
0.385757279973971
0.5340003253619652
0.3957011550349764
0.5270050431104603
0.3870587278347161
0.5435171628436637
0.3548275581584513
0.5904506263217831
0.3372783471612169
0.5742638685537661
0.34691719537986
0.5492109972344233
0.349357410118757
0.522531316089149
0.3350618187733853
0.5056124938994632
0.30945989913779076
0.491133886448674
0.31006995282251504
0.42768830323735163
0.3109646982267772
0.3621278672523182