0000001000
0.9089690107270562
0.9946364719904647
0.9009982121573302
0.986740166865316
0.9026556912991657
0.9977651966626937
0.916027264600715
0.9962008343265792
0.9267543206197856
0.9575387365911797
0.9268660607866506
0.9502383790226461
0.9321178486293205
0.8904946364719905
0.9337380810488677
0.7688468414779497
0.9342036650774734
0.7321960667461263
0.9384684147794995
0.672377830750894
0.9317267580452918
0.5681615017878426
0.9180385876042909
0.5549016686531584
0.9065852205005961
0.5724821215733014
0.892915673420739
0.615241358760429
0.8947780095351607
0.6483909415971394
0.9125074493444576
0.6854141835518472
0.9416343861740167
0.7595351609058402
0.9470537842669846
0.784490464839094
0.9488043802145412
0.7841924910607866
0.9559929976162097
0.7454558998808101
0.9617103694874852
0.7476907032181164
0.9596245530393324
0.7764451728247913
0.9647459773539927
0.837827771156138
0.9679491954707988
0.8621126340882003
0.9600156436233612
0.8292610250297976
0.9558626340882003
0.8168951132300359
0.9554529201430274
0.8421483909415973
0.9529573897497021
0.8414034564958284
0.9232903754469606
0.8008790226460072
0.873212157330155
0.7747318235995232
0.8371945768772349
0.7728694874851014
0.7700014898688915
0.7677294398092965
0.7243370083432659
0.6962157330154944
0.712120083432658
0.6220202622169247
0.6525439511323003
0.5948301549463646
0.6547415077473182
0.6980035756853399
0.6521156138259832
0.6885429082240763
0.6378873659117996
0.6106227651966626
0.6621163587604291
0.5435786650774734
0.7079484505363527
0.548942193087008
0.70193310488677
0.5878277711561385
0.6990837306317045
0.5435041716328961
0.714578367103695
0.5630214541120381
0.6503277711561383
0.5675655542312276
0.6449269964243146
0.561233611442193
0.6360622765196663
0.5568384982121573
0.5856674612634087
0.557434445768772
0.56166194874851
0.5510280095351608
0.5537842669845054
0.5441746126340883
0.6065442491060787
0.5461114421930867
0.5777152860548272
0.553337306317044
0.5561121871275329
0.5732270560190702
0.5605073003575685
0.5797079856972587
0.5685898390941597
0.5882747318235996
0.598834177592372
0.6097288438617403
0.6124106078665076
0.7181168057210962
0.6054268474374255
0.927815852205006
0.5484766090584028
1.0
0.5132039630512514
0.9689362336114423
0.5156808700834327
0.9166418355184744
0.6392282479141835
0.872020262216925
0.6723405840286054
0.8198748510131105
0.6337716030989274
0.7337604290822405
0.5948301549463647
0.6592669845053633
0.574214094159714
0.5719606674612635
0.6564921036948748
0.4805572109654349
0.6863825983313467
0.3552592371871277
0.686047377830751
0.2754767580452919
0.6258194278903458
0.18370083432657913
0.5193682955899881
0.08008045292014301
0.3498398390941597
0.015420143027413638
0.2705788140643623
0.009088200238379012
0.29182806912991666
0.008566746126340907
0.34706495828367095
0.0072258641239570836
0.36574418951132304
0.006033969010727151
0.40833581644815253
0.006033969010727016
0.41930497616209783
0.004544100119189506
0.470277115613826
0.0031287246722288406
0.48608834922526817
0.004320619785458909
0.45271528605482725
0.003203218116805684
0.43971617997616214
0.0036501787842670485
0.4149843563766389
0.007151370679380241
0.38794323599523245
0.015718116805721147
0.34812648986889155
0.0120679380214541
0.29702398688915377
0.005363528009535223
0.25566150178784275
0.0008939213349225597
0.21185935637663889
0.0007449344457688054
0.1925283075089392
0.0008939213349225597
0.1950610846245531
0.001415375446960666
0.18079558998808107
0.0