0000001000
0.15266172374563583
0.2679769330351892
0.10495861284374886
0.2805303832725279
0.059295437605429546
0.277862775097093
0.023361186301047415
0.2628770938762704
0.0
0.22341218469263657
0.003746420305205757
0.18818406496410522
0.01239653210937207
0.22145070809305267
0.014907222156839803
0.261543289788553
0.017770977992232612
0.27048762308265684
0.030304813463575504
0.22372602094857016
0.044505904044564865
0.16668628143266276
0.06506217880820693
0.17272762935938185
0.09087521085873462
0.22349064375661992
0.09719116550939563
0.2858655996233965
0.11662939861127464
0.33521635086893403
0.11307912596602737
0.3882546781216901
0.13185045702404785
0.5106508179357424
0.11812012082695868
0.5875407006394419
0.0837550508022441
0.6732964575732616
0.26034678906280656
0.7777254717351229
0.5536659997646234
1.0
0.5829900749284064
0.7964771880271473
0.5605507826291635
0.6258287238633248
0.4089286414813074
0.6348515162214118
0.2755286179435881
0.5312855517633677
0.28394335255580433
0.49888195833823723
0.26193558510847
0.5734965281864187
0.251147463810757
0.653054019065553
0.24194813855870706
0.6756502294927627
0.19901141579380968
0.6329684986858113
0.13904907614452167
0.533247028362952
0.14458044015534907
0.4685967596406577
0.17245302263544007
0.4467066807892986
0.220156133537327
0.49142834725981754
0.2478717978894514
0.47306892628770975
0.19232278058922775
0.37538739162841817
0.20758306853399264
0.3462790788905893
0.17827860813620497
0.32925346200619815
0.1578204072025422
0.29135773410223237
0.2028166803970029
0.23910399748931016
0.24081048213094838
0.21839080459770138
0.2964771880271469
0.24600839511984643
0.2653485543917463
0.3230551959515128
0.2484798556353225
0.3920207131928919
0.27111529559452374
0.41995213997097025
0.28156996587030736
0.431642540504492
0.4023969244046921
0.439096151582912
0.4882703699344872
0.5007649758738377
0.48636773763289026
0.5387391628417874
0.43984151269075383
0.5203012828056967
0.4475893452591113
0.4732258444156766
0.460652779412342
0.4209721078027542
0.45984857400651236
0.3982189792475779
0.45186536424620477
0.5464281511121576
0.4627907889058886
0.6656074693028917
0.44264642422815936
0.7239025538425331
0.4650072574634188
0.7495586677650939
0.4842493429053395
0.7286885567455188
0.5122788435133973
0.6929112235691036
0.5245380722607982
0.6361853203091291
0.5060413479267196
0.5589031422855129
0.49125181436585486
0.5187321015260287
0.44970773998666236
0.5989957239810132
0.4058295084539644
0.6638813698952574
0.407614452159586
0.6994233258797224
0.38085991134125796
0.6822407908673654
0.34435683182299653
0.6838099721470324
0.30016476403436526
0.637440665332863
0.23982974383115632
0.5443882154485898
0.23571064297202957
0.43619316621552756
0.20891687262170985
0.42771958730532356
0.2006198266054687
0.34164999411557034
0.1627437134674986
0.1994821701777099
0.11863010474285056
0.22082303558118532
0.09887803538503795
0.18967478717978897
0.12792750382487952
0.169118512416147
0.16664705190067094
0.22576595661213755
0.18920403279588893
0.3010866580361695
0.22039151072927723
0.3117570907379077
0.2128594405868739
0.3009297399082031
0.18469263661684526
0.3922560903848421
0.15268133851163168
0.41610764583578513
0.15685928366874596
0.329410380134165
0.14365854615354445
0.39782668392766085
0.130477423404339
0.42999490016084135
0.1238672472637403
0.4650661017614062
0.12121925385430174
0.5769487270016869
0.10293829194617717
0.5540386803185441
0.08557922403985722
0.49652818641873625
0.06945588639127538
0.5032756659213055