0000001000
0.797624782690656
0.6823827576817543
0.8001382401608613
0.7312276145194061
0.817543933142031
0.7603837211737847
0.834803007770772
0.7704375510546049
0.8494648430136358
0.761975577571581
0.8587227446955574
0.7405274071591648
0.8656975891753761
0.7093605345286218
0.8832708459878931
0.6659615022097483
0.8883187064072215
0.6201327943363425
0.8916280920763243
0.577152671595836
0.8978698447940011
0.5459857989652931
0.9008650482793288
0.5298158892403075
0.9237794022160315
0.5326644743732066
0.9555746392141254
0.5586368682319922
0.935466979452485
0.6119221666003393
0.9481599396770205
0.6791152629704877
0.9265023144754203
0.7463921412563096
0.9197578702637028
0.8080556311920072
0.9233604926376643
0.860670674234966
0.8960056971702657
0.9026454139873904
0.9105628050185369
0.9386716377269967
0.8846113566386691
0.9712628029239886
0.8865173952202413
0.9917055903483233
0.7565925894895584
1.0
0.5728169574597324
0.9958109042163237
0.44976226881427606
0.9869300211549331
0.39540875102109213
0.9695033826948445
0.3180989883333687
0.93875541964267
0.3117315627421816
0.9016400309993087
0.20796766018055016
0.8579896529334139
0.09842280543744648
0.8146744025302135
0.0
0.7716104978740334
0.04325241396644543
0.7222629495423414
0.45443311061307406
0.6823827576817546
0.6498125379636801
0.6656263745470533
0.44928052279915404
0.6547347255094984
0.22629495423412868
0.64375929455627
0.20348532769201783
0.6501267201474561
0.2199065831640243
0.6652912468843599
0.21877552730243188
0.6666317575351359
0.18239323042121375
0.6611021511006845
0.10730368849883767
0.6418323104957797
0.1365854680267267
0.6130951134197683
0.15432628867059053
0.5794147833190203
0.16829692310914662
0.5510127139057033
0.26548394529040914
0.5516829692310915
0.20459543807469158
0.6377269966277779
0.12973629642041776
0.7252790985065874
0.07217812035272206
0.624238108204344
0.10206731876924366
0.4933707559223337
0.14249209308170854
0.3428984353727246
0.1500324654923237
0.2624677963261635
0.24332362859476775
0.45432838321848223
0.4523595082001549
0.6921014598998805
0.45566889386925824
0.44569884590411185
0.34113901514358136
0.3202773181408794
0.17202521835661808
0.2777998868944131
0.08367718827891032
0.2336468173344783
0.04716921852418148
0.1832101040990304
0.03927277297195425
0.14467042288921944
0.0573906122363487
0.12171417799467997
0.0958465115304863
0.12255199715141483
0.16835975954590238
0.1460109335399956
0.2115912280334291
0.17198332739878117
0.20532852983683486
0.19493957229332048
0.18589112540058214
0.22459837044174027
0.15405399744465165
0.266656892109838
0.1896822570848081
0.31784764258634723
0.24935592652326002
0.3727247973524909
0.27224933498104453
0.4157887020086714
0.3202144817041243
0.4578472236767693
0.30699788450662907
0.5059380432733596
0.2634731793142451
0.5335022935299414
0.2852983683471918
0.5269673041074082
0.263033324256959
0.5003246549232346
0.2145445405609202
0.47007938336510086
0.15952076744234778
0.4533230002304005
0.1439582766059947
0.4436042980122737
0.1242904719016403
0.43329912238443297
0.0929141444819136
0.42341285633496034
0.061139852962738356
0.4110969147309547
0.09475734662673078
0.4000377018620528
0.12399723519678305
0.39358649435519377
0.13258488155331682
0.39936744653666506
0.14404205852166818
0.44787717571162255
0.16689357602161595
0.4995706176821735
0.19045723980478815
0.48323314412584
0.23946966047378698
0.4255911861424708
0.29903860251764675
0.37448421758163475
0.35655488762750565
0.3497685524579514