0000001000
0.5427342376287363
0.4424139663401154
0.4765605375533786
0.40416980658126095
0.4841120321527254
0.4056769655865361
0.48576048731474475
0.4066817382567193
0.4926055011303693
0.4191785983421249
0.4793236623963829
0.4404044209997487
0.4717564682240643
0.4441723185129366
0.46189713639789
0.44938457673951243
0.45517771916603866
0.4627606129113286
0.49934061793519224
0.4951017332328561
0.5296878924893244
0.424642049736247
0.5547601105249937
0.3493468977643807
0.5998178849535293
0.3787364983672444
0.6460845265008791
0.38878422506907817
0.6808433810600351
0.372017081135393
0.6641861341371514
0.34017834714895767
0.6206198191409191
0.312170308967596
0.5803818136146697
0.3111027380055262
0.5402851042451646
0.30488570710876683
0.50252763124843
0.2911956794775183
0.46955852800803827
0.2937076111529767
0.4926212007033407
0.3014945993468976
0.4937672695302686
0.32617432805827684
0.5037207987942727
0.39908314493845776
0.3775433308214015
0.4407184124591809
0.2965649334338107
0.4552876161768401
0.25562044712383825
0.36328811856317517
0.27700326551117804
0.3891610148203967
0.26204157246922893
0.40548857071087663
0.18662082391358956
0.3669304194925899
0.14319580507410193
0.34199949761366494
0.18922695302687756
0.23499120823913558
0.22183496608892242
0.15925646822406442
0.27530771163024365
0.11416729464958546
0.2856694297915096
0.044209997488068385
0.3102078623461442
0.11379050489826664
0.299029766390354
0.13080884199949763
0.3695522481788495
0.0531901532278322
0.5580413212760611
0.09243908565687015
0.6322375031399146
0.33923637277066043
0.6396948003014318
0.8122959055513688
0.5444925898015572
1.0
0.4205130620447124
0.909444863099723
0.30234237628736493
0.30130620447123846
0.22075169555388086
0.0
0.15991585028887206
0.012936448128610887
0.15963325797538305
0.005651846269781398
0.1704502637528259
0.10952022104998732
0.1551274805325295
0.20465963325797532
0.16412333584526506
0.252197940216026
0.19048291886460683
0.2842250690781209
0.19310474755086673
0.30953278070836476
0.22354621954282836
0.2851042451645316
0.2764380808842
0.25960813865862825
0.3098624717407686
0.23197689022858592
0.366961818638533
0.20139412207987936
0.4576739512685254
0.17803315749811607
0.5395786234614419
0.21106505903039435
0.5008163777945239
0.24227581009796534
0.4679257724189902
0.25470987189148453
0.43693481537302176
0.2812107510675707
0.3564117056016076
0.3128610901783472
0.295403165033911
0.33144938457673956
0.2556047475508665
0.3401155488570711
0.2890291384074355
0.3274930921878924
0.35769907058528005
0.3116679226325043
0.4276563677467972
0.3262371263501633
0.44523988947500615
0.36014820396885205
0.4704534036674201
0.38388595830193406
0.5173794272795779
0.4211253453906052
0.5082108766641545
0.4483798040693291
0.456590680733484
0.4455538809344384
0.381939211253454
0.41484551620195936
0.3286705601607635
0.38451394122079874
0.33212446621451897
0.3872142677719167
0.3530676965586536
0.385895503642301
0.37229967344888226
0.3732730469731224
0.3904954785229842
0.3529264004019091
0.39349409696056264
0.33364732479276565
0.3748430042702837
0.33031901532278335
0.36305262496860086
0.33785481034915854
0.36204785229841746
0.34840492338608403
0.3463325797538307
0.3455162019593066
0.3331606380306456
0.3306330067822153
0.3315435820145691
0.31757096206983176
0.33612785732228084
0.34338106003516705
0.36523486561165525
0.34388344637025875
0.41371514694800293
0.32165285104245167
0.44852110022607383
0.34294147199196184
0.5246797287113789
0.40077869881939204