0000001000
0.6427022222222222
0.0
0.6531733333333334
0.12145777777777786
0.5858133333333334
0.21006222222222234
0.5691022222222222
0.0679822222222223
0.6113244444444443
0.030435555555555584
0.5435377777777778
0.11847111111111126
0.5180444444444445
0.15580444444444436
0.5345777777777777
0.14897777777777782
0.6279999999999999
0.05134222222222229
0.6999822222222221
0.055040000000000096
0.6657422222222221
0.21994666666666676
0.7078222222222224
0.34744888888888886
0.7539199999999999
0.28935111111111095
0.8508266666666666
0.14883555555555555
0.867128888888889
0.14968888888888887
1.0
0.3233422222222221
0.9814222222222222
0.2941866666666668
0.8527466666666665
0.4216888888888888
0.7665955555555557
0.51392
0.8110577777777777
0.5073777777777777
0.9397866666666668
0.520248888888889
0.9212977777777778
0.40270222222222213
0.8955377777777775
0.462648888888889
0.8378666666666664
0.4137955555555556
0.8281066666666668
0.3916088888888887
0.6044088888888889
0.48483555555555524
0.3442666666666668
0.5000533333333336
0.16261333333333336
0.5212444444444445
0.11832888888888898
0.501902222222222
0.1631111111111111
0.3760355555555554
0.20017777777777784
0.3664355555555555
0.15578666666666666
0.30762666666666655
0.14728888888888894
0.25856000000000007
0.15402666666666665
0.28586666666666677
0.1914311111111111
0.2587733333333334
0.37336888888888886
0.35434666666666664
0.5305600000000001
0.696462222222222
0.5970666666666667
0.7819377777777776
0.5446222222222221
0.37269333333333315
0.45349333333333347
0.23068444444444441
0.4668088888888889
0.2542933333333335
0.4252977777777778
0.29973333333333335
0.33299555555555554
0.35072
0.21822222222222226
0.5152711111111111
0.23116444444444448
0.6072177777777777
0.2315733333333333
0.4610844444444446
0.25120000000000015
0.44607999999999987
0.23669333333333328
0.5502577777777777
0.3448355555555557
0.449351111111111
0.3690311111111111
0.38691555555555573
0.36771555555555563
0.3452444444444443
0.5001066666666666
0.39246222222222216
0.58704
0.4017066666666666
0.573848888888889
0.4122311111111109
0.568302222222222
0.3931733333333334
0.5078044444444446
0.38919111111111104
0.47157333333333346
0.3132444444444445
0.44053333333333333
0.3419733333333332
0.4357155555555556
0.3370666666666667
0.4869866666666669
0.33628444444444444
0.542151111111111
0.3761777777777777
0.5629155555555555
0.5139200000000002
0.5409955555555556
0.5777777777777778
0.5676444444444444
0.46542222222222235
0.6059377777777777
0.4887466666666667
0.5785955555555555
0.50624
0.6007111111111113
0.4521244444444447
0.6540977777777777
0.588088888888889
0.6368
0.6217955555555558
0.6314311111111112
0.5987555555555556
0.7078400000000001
0.5517511111111112
0.7438400000000001
0.6205155555555554
0.7365155555555556
0.6303288888888887
0.6707733333333334
0.5651911111111112
0.6586844444444443
0.6052977777777776
0.6433422222222224
0.5885155555555556
0.6542222222222223
0.5511822222222224
0.6164622222222222
0.4836977777777777
0.6428977777777779
0.4907377777777777
0.6505066666666667
0.47879111111111106
0.6395555555555554
0.5122133333333334
0.6299022222222224
0.5137066666666668
0.6187555555555554
0.3946666666666666
0.6231822222222223
0.20103111111111105
0.6769422222222223
0.201528888888889
0.7216000000000002
0.1897955555555555
0.7144355555555556
0.1469155555555556
0.7209777777777778
0.1737244444444444
0.7302933333333333
0.2931911111111112
0.7213866666666667
0.277048888888889