0000001000
0.3704516938519448
0.38780844834797135
0.38574341279799257
0.4160393140945213
0.39060539523212046
0.42963195315767466
0.3902917189460476
0.41917607695524883
0.3884358009201172
0.39732329569217906
0.4056879966541197
0.36198243412798015
0.40587097448766196
0.3228774571309077
0.41901923881221265
0.2936010037641154
0.47098494353826864
0.27885821831869506
0.5350794646591385
0.28126306984525284
0.5553638644918445
0.28900041823504796
0.538556043496445
0.29914261815140103
0.5169646591384359
0.30510246758678383
0.5204935173567545
0.32350480970305334
0.5207287745713092
0.34295273943956495
0.5075805102467588
0.373379339188624
0.5020388958594729
0.4144709326641573
0.598206817231284
0.4458385612714347
0.6684964450020912
0.45368046842325344
0.7208019657047262
0.4356963613550815
0.7037588874947722
0.3951275616896698
0.6976421999163531
0.34912170639899626
0.7067910915934759
0.3122124634044333
0.7098755750731911
0.2819949811794229
0.6449184441656213
0.26024675867837743
0.5038948138854035
0.2563780844834796
0.4133207862818905
0.2711208699289
0.31090547887913
0.3057298201589292
0.2565349226265161
0.3481806775407779
0.2406158511083229
0.39272271016311183
0.15278649100794636
0.42691342534504395
0.17186846507737344
0.4462567963195319
0.27901505646173147
0.439878711836052
0.2962672521957338
0.4280635717273109
0.287719573400251
0.40746549560853207
0.44453157674613125
0.38780844834797135
0.6492314930991219
0.37672521957340027
0.585136971978252
0.34295273943956495
0.4813362609786701
0.3898996235884568
0.4635089920535342
0.38561271434546235
0.452530322040987
0.26432455039732317
0.28798097030531156
0.27791718946047667
0.32099539941447097
0.2985152655792556
0.35463718109577586
0.21560016729401926
0.2787797992471768
0.1620660811375993
0.15882475951484723
0.1847553324968633
0.12591488916771207
0.6188833124215811
0.07013278962777066
0.9693642827268929
0.027028439983270577
1.0
0.06414680050188191
0.75637808448348
0.06490485152655788
0.4080928481806777
0.04820158929318273
0.3024884985361774
0.007815767461313253
0.16237975742367217
0.0013069845253031718
0.06200334588038473
0.015213299874529474
0.10319949811794239
0.1174456294437473
0.32946465913843564
0.16326850690087846
0.44270179841070695
0.20611145964031788
0.48191133416980314
0.2787797992471768
0.4424926808866583
0.3008939774153074
0.35184023421162647
0.33524153074027596
0.27739439565035556
0.32057716436637373
0.2354663320786281
0.2906733584274363
0.19217900460058537
0.14243517356754484
0.18465077373483904
0.014063153492262545
0.19866164784608925
0.007319113341697933
0.2278335424508575
0.0
0.2638017565872018
0.03910497699707233
0.29025512337933945
0.11762860727728984
0.31691760769552474
0.13631848598912588
0.3516311166875785
0.133155583437892
0.376620660811376
0.16575177749895448
0.38686741948975334
0.187918235048097
0.37348389795064835
0.18807507319113337
0.36219155165202843
0.1782726892513593
0.3477624424926808
0.16481074864073617
0.32099539941447097
0.1408667921371811
0.2892095357590967
0.15200230029276451
0.2647427854454205
0.1745347135089921
0.24487662066081156
0.19254496026767057
0.223651191969887
0.19476683396068595
0.2044123797574237
0.17806357172731072
0.1896695943120032
0.1490746549560854
0.17701798410706823
0.11794228356336242
0.16112505227938098
0.10197093266415727
0.15255123379339186
0.10568276871601832
0.15328314512756167
0.10795692179004583
0.1460685905478879
0.11890945211208691
0.141677122542869
0.1640526976160601
0.13718109577582602
0.2063989962358846
0.11909242994562935