0000001000
0.00832696407739652
0.007777196722850213
0.14141089075720395
0.121538812234335
0.18734998726148813
0.16289204446411099
0.17805757807366884
0.15919117154082363
0.1581586816310659
0.15929844321975944
0.15368008903549352
0.16010298081177846
0.1611488796814031
0.15221851240999232
0.16152433055767867
0.14964399211553156
0.1641524866916073
0.14605039087118016
0.16663314426699924
0.15184306153371688
0.18383683977633855
0.17447738578918429
0.1970446652453169
0.17270740308674262
0.21002453839655658
0.18000187725438144
0.224814621129839
0.19099722434530755
0.23495179478927816
0.19571717821848564
0.2664628504766885
0.1981844268340105
0.33600171634686304
0.20016895289432401
0.37166954959303805
0.21014521903535943
0.36539415637528994
0.2128270110087561
0.3340976440457514
0.2063907102726041
0.40346219343765494
0.23256499993295518
0.46630998833420495
0.2608310873325556
0.4482347104335117
0.3088887994958231
0.3756386017136652
0.35244110114378413
0.3405339447819033
0.362095552248012
0.3331053810155946
0.3578583209300455
0.30321680947208923
0.44045751371066133
0.3136221623288682
0.49409335317859404
0.3398500878286872
0.5137777062633251
0.3477345562304732
0.682140606353165
0.37685881706156055
0.7972967536908162
0.46244820789251384
0.8320527776660366
0.6163562492457461
0.7224747576330501
0.8353647907531814
0.555881840245652
1.0
0.4376148142188609
0.9224157582096357
0.3311476728750152
0.7694597530069592
0.2993952559099991
0.6110194832186868
0.28496721509312517
0.46330638132400076
0.22527052576531642
0.4156509379567427
0.19512718398433834
0.41503412580286153
0.16562747227697547
0.3993992785979592
0.15554393445700412
0.3779985786502541
0.11504887565871522
0.3699532027300643
0.10185445914960377
0.3595210319535514
0.11016801426713327
0.3499068077289246
0.10743258645426872
0.33502286227657324
0.10142537243386031
0.3107928717969347
0.09552543009238774
0.29557370234790886
0.09241455140324768
0.3235447926304356
0.14985853547340336
0.3323142523834426
0.2122906526140768
0.3584885420437937
0.18772543813776366
0.4195529452780348
0.21175429421939743
0.4576209823403999
0.1892808774823337
0.47172720812046604
0.1745846574681202
0.4766885232712499
0.12341606661571264
0.4986389905735012
0.04998860238411307
0.5040293924400285
0.042104133982327
0.4823739222548508
0.042104133982327
0.4588814245678964
0.05444037705995147
0.3611837429770572
0.06361210560896792
0.3253952290920794
0.07380291510787505
0.3157005511082507
0.08812368424581309
0.3106990090778659
0.10882711828043501
0.2521152634190166
0.19764806843933114
0.19110449602424343
0.44855652547031905
0.1767166820869705
0.5307802673746599
0.1929549324858871
0.4551000978854068
0.19743352508145942
0.44292476232618644
0.17237217909006797
0.4061305764511847
0.1621143247918259
0.3934725183367528
0.14733765101841048
0.35721469085643015
0.1417997505933465
0.18059187148852865
0.13632889496761738
0.19512718398433834
0.1478337825334889
0.21288064684822391
0.14386473041286185
0.23401316759858926
0.15365327111575958
0.21470426539013376
0.16240932190889956
0.17592555345481847
0.17091060246456685
0.18767180229829578
0.1598213926545718
0.14824946028936528
0.15671051396543173
0.07230111160277296
0.15744800675811577
0.0371696367512772
0.16446089276854794
0.037652359306488595
0.1728414926854124
0.039583249527334184
0.17813803183287066
0.037545087627552716
0.1828043498665808
0.037545087627552716
0.17196991029405848
0.04258685653753838
0.03935529720959546
0.031752416965016
0.02616088070048406
0.02542338790779998
0.0018906633412446193
0.0