0000001000
0.3014267082954591
0.1345295024305419
0.3145476820930326
0.12947081373750144
0.3381022013200018
0.12686242738015258
0.3200015808402168
0.11706121803738695
0.26504762281152444
0.1360313006362882
0.29241591906098113
0.20432359799233293
0.34363514207801465
0.2736434414891517
0.41026755720665564
0.33237165553491693
0.4513101213294868
0.3560842587835437
0.4648065446784967
0.33063273129668447
0.452594554005454
0.27949255029047954
0.4480101173773863
0.22234517646128915
0.4742718254752403
0.18314033909022653
0.4998023949729284
0.16330079437220885
0.5471683199620603
0.1644073825238115
0.5563964747263175
0.1885151958265819
0.6571157570248588
0.23728411650792408
0.7263565585108487
0.2951428684345732
0.7430344227957163
0.33166027743745796
0.7429949017903019
0.34746867960320926
0.7134924712484688
0.3918112476781411
0.6729439196933171
0.4657155278030275
0.5837054894676521
0.5527407817254872
0.533454531083271
0.601667786428487
0.48917124451646077
0.6272773979370035
0.4437616092953406
0.6256175157096
0.31193929573568363
0.634312136900763
0.269078765363791
0.6340750108682768
0.19703197249338036
0.6060941390348974
0.1693475082006087
0.5095048018021581
0.25348772872781894
0.3933130458838874
0.2730111054025216
0.334584831838122
0.32150337904596304
0.2913488519147929
0.38408489111963023
0.24257993123345076
0.5011856301624317
0.209145160652887
0.6880607042643165
0.1593486938307712
0.784650041497056
0.13982531715606847
0.8750938623878591
0.15120736671540935
0.9131921116073196
0.15057503062877925
0.9448286764415287
0.15903252578745616
0.9659526538355139
0.148045686282259
0.9934395131012136
0.12947081373750144
1.0
0.11389953760423681
0.9744694305023122
0.22526973086195332
0.9325376437576576
0.5993755681144528
0.8707860727976922
0.7930284946449038
0.6661660672647514
0.9261352408805287
0.43947358020788074
0.8584752796111136
0.3122554637789986
0.42224242184721184
0.3153776232067345
0.1452792159032527
0.3536537169505593
0.08773663201991862
0.3451962217918826
0.08291506935936453
0.3725645180413391
0.06837133936687358
0.40629569616251043
0.05303718926609494
0.39912263367980094
0.04212939177172677
0.4052681500217368
0.05129826502786229
0.4459155040904244
0.04884796269217094
0.42623404339406407
0.05185155910366365
0.43550171916373565
0.07184918784333874
0.5476030510216182
0.1380073509070071
0.5844563885705255
0.23846974667035534
0.5498359878275304
0.28565782713512244
0.5423467573015058
0.29925305299766825
0.5482946686163697
0.28937280164407403
0.459589771963799
0.2543571908469353
0.37930284946449055
0.26368414812472846
0.29028178476860467
0.310397976524523
0.20788048847962706
0.35063036003635945
0.16705528988657473
0.37110224084100707
0.13684148124728304
0.38098249219460156
0.13437141840888445
0.386989685017587
0.09411927439434069
0.39165316365648356
0.09386238785914716
0.39252262577559965
0.10605461802948273
0.3856459708334982
0.11476899972335297
0.3792435679563691
0.19066909062166548
0.3554519226969135
0.26692487056870734
0.33474291585977944
0.3068015650318146
0.3244674544520412
0.3388531004228749
0.3047069517448526
0.367525589851006
0.2723787693158916
0.3938663399596888
0.22092242026637177
0.40858791447654436
0.1399043591668972
0.42204481682014006
0.07856775876378302
0.46747421254396737
0.04568628225902062
0.5123700746947005
0.0261629055843181
0.5360431569379127
0.01146109157016959
0.557325218353555
0.0
0.556159348693831
0.01881199857724388
0.5573844998616767
0.12860135161838523
0.572580326443505
0.23633561237797895