0000001000
0.34740753705922756
0.1960874072677824
0.34132188009101555
0.19587198578218193
0.33877721379236064
0.19253295275537544
0.31125711900690695
0.18429308093115931
0.32255328315807896
0.17222947773753589
0.3304027035396443
0.15995045305831185
0.3387637499495106
0.1448170936948824
0.33510158469430346
0.13339975495806014
0.3339436942092013
0.12596771370484564
0.3280061395123397
0.1221439823354382
0.3186218410458713
0.12429819719144243
0.361006018337754
0.1317302384446568
0.36302559476525786
0.14061637472567418
0.3847697009680503
0.1436322755240801
0.4231416530906251
0.13636180038506593
0.4821536763022902
0.12672168890444713
0.5245243897513228
0.10657978000080784
0.565090948258452
0.08595317275456764
0.540586754271404
0.0686117431637338
0.4892760491699541
0.06398018122332477
0.43275483688554384
0.07362029270394356
0.4016398960591332
0.09370834623618275
0.35963270636705125
0.13124554010205594
0.3101800115789049
0.13329204421525992
0.29052280101786654
0.12408277570584193
0.30579079880979626
0.13049156490245448
0.32173198874422737
0.13372288718646072
0.34385308254682057
0.1330227673582594
0.33359363429510047
0.1136348336542216
0.2922461729026699
0.09473159829278473
0.29045548180361636
0.07997522652915598
0.3824673838406958
0.08977690412397507
0.4011551977165323
0.14616347797988502
0.36998640151872153
0.18919391972856894
0.38223849851224534
0.21811425417042526
0.39972803037442944
0.23933327050206665
0.3776607919432365
0.24972735718228703
0.368182246576818
0.34758256701627765
0.39473294467706976
0.5075868754459897
0.4069715778277436
0.6246145974984183
0.47134221049371916
0.5603112840466926
0.5826881908634364
0.3172081375466184
0.8011659687908123
0.27950937756654504
1.0
0.2865644312199588
0.9388472257751808
0.26518384877411705
0.7952957333082009
0.19953415103738914
0.6475435218720128
0.11277314771181991
0.5549930661209321
0.043999838433885795
0.4791512393467345
0.021111305588841167
0.40106095081658205
0.016479743648432132
0.3807170842701924
0.008401437938416377
0.350248407900583
0.0023157809702045147
0.32762915191253894
0.0
0.31259003944905955
0.0004846983426009428
0.2905093371750165
0.0030159007984058824
0.2831042236075021
0.003231322284006302
0.2554764180792482
0.0062472230824121835
0.2786342277812934
0.018957090732836968
0.2550590389508974
0.04701573923229167
0.24074697400131947
0.07539751996014699
0.27335640138408307
0.09209268509417957
0.27840534245284293
0.09220039583697981
0.2808153703229976
0.08837666446757235
0.27793410795309204
0.0816985984139593
0.2922731005883699
0.07922125132955452
0.30169779058338825
0.08245257361356079
0.24587669812717952
0.0921465404655797
0.21694289984247306
0.10415628828780313
0.19278876576952597
0.11578904851022573
0.17212176699473566
0.12279024679223945
0.19439096306867912
0.13856987061247023
0.199009061166238
0.15763467208810736
0.16187578258586569
0.17783043636314677
0.14400926312388085
0.1936639155547777
0.13436915164326205
0.19614126263918244
0.11433495348242297
0.18084633716155266
0.12412316723439204
0.1544572051755011
0.13423451321476176
0.13356132107226043
0.13815249148411937
0.12688325501864742
0.1393373096549217
0.1359848127852652
0.13516351837141355
0.14077794083987452
0.11118441425551683
0.13652336649926625
0.09513551357828552
0.12612927981904593
0.09356024396483242
0.11928964765123262
0.09481238134988489
0.11756627576642921
0.09288705182233116
0.12397506496304173
0.10074993604674645
0.13269963512985875
0.11477926029647381
0.13237650290145817
0.12456747404844289
0.11729699890942877
0.12362500504894104
0.09747822223419012