0000001000
0.693149171270718
0.4450276243093923
0.6805248618784531
0.2665745856353591
0.7249309392265193
0.25646408839779
0.8028314917127071
0.26325966850828714
0.8660359116022097
0.20232044198895013
0.9288674033149168
0.1550828729281767
0.9092679558011046
0.11066298342541434
0.852527624309392
0.08414364640883978
0.8059944751381212
0.05740331491712705
0.7344889502762431
0.027403314917127015
0.6742817679558009
0.01856353591160216
0.6921823204419889
0.018066298342541413
0.6903591160220992
0.009116022099447552
0.6697651933701655
0.013204419889502671
0.626256906077348
0.044419889502762426
0.594696132596685
0.028121546961325957
0.5785220994475135
0.02226519337016572
0.5769475138121546
0.07232044198895027
0.5375966850828728
0.0912154696132596
0.5272375690607732
0.05182320441988949
0.5510635359116022
0.03149171270718231
0.5409944751381215
0.08165745856353582
0.5286878453038674
0.10928176795580102
0.4864226519337015
0.11955801104972376
0.4773204419889503
0.09574585635359105
0.5188812154696132
0.029281767955801046
0.5552486187845304
0.029281767955801046
0.5379143646408837
0.015524861878452945
0.45796961325966856
0.025745856353591178
0.4362154696132595
0.054861878453038686
0.46237569060773465
0.2654696132596684
0.5581077348066296
0.4960220994475134
0.6263259668508285
0.5457458563535909
0.6316850828729282
0.36657458563535894
0.6554834254143644
0.1691712707182321
0.6910911602209943
0.09348066298342546
0.6820718232044198
0.06176795580110497
0.6881353591160219
0.047734806629834245
0.748342541436464
0.019171270718231995
0.8361464088397786
0.011436464088397826
0.8799447513812152
0.0
0.7976104972375687
0.026022099447513807
0.7455110497237568
0.05458563535911598
0.6634116022099448
0.09651933701657457
0.5449447513812155
0.1353038674033149
0.5027762430939227
0.24723756906077343
0.5092403314917126
0.41475138121546945
0.49740331491712686
0.37027624309392265
0.5136049723756906
0.29707182320441977
0.45313535911602215
0.23022099447513814
0.4380524861878453
0.14071823204419892
0.38459944751381203
0.07955801104972367
0.35450276243093914
0.03845303867403315
0.33925414364640877
0.032209944751381225
0.31058011049723766
0.05629834254143647
0.23002762430939214
0.055138121546961336
0.20127071823204415
0.06049723756906065
0.1581767955801104
0.13922651933701655
0.13977900552486186
0.22607734806629828
0.17513812154696126
0.17110497237569056
0.1831906077348065
0.20392265193370157
0.21140883977900551
0.2141988950276243
0.18484806629834252
0.14618784530386741
0.14734806629834252
0.17872928176795583
0.1394198895027624
0.2495580110497237
0.14809392265193363
0.313756906077348
0.13534530386740326
0.3922099447513812
0.12745856353591156
0.3544751381215471
0.13186464088397795
0.3830939226519336
0.17650552486187834
0.436906077348066
0.2334944751381214
0.45779005524861865
0.27265193370165736
0.4617679558011048
0.30777624309392265
0.4543093922651934
0.3269198895027624
0.4870718232044197
0.30248618784530384
0.5186740331491708
0.3197237569060774
0.5892265193370164
0.3239088397790055
0.6646408839779001
0.27578729281767955
0.6469060773480664
0.24125690607734798
0.6474033149171271
0.2173342541436464
0.6824309392265191
0.2169060773480663
0.6788397790055246
0.21354972375690606
0.7403867403314914
0.3032182320441988
0.811546961325966
0.3955386740331491
0.8972928176795582
0.36128453038674024
0.9545303867403315
0.33102209944751376
0.9625966850828728
0.2736049723756907
0.9824861878453035
0.2413950276243093
1.0
0.2486187845303867
0.9348066298342538
0.2316436464088397
0.9234806629834253