0000001000
0.2004805998691561
0.7757032861959638
0.22659906396255858
0.5697750490664786
0.24360877660912894
0.40908862160938064
0.28898897891399533
0.5217653867445021
0.3045518594937347
0.7610588294499525
0.3296512505661517
0.9389562679281361
0.35852498616073675
1.0
0.3624628856121987
0.9649740828342813
0.35745558854612247
0.9108751446832072
0.3457299582305873
0.7879321624477881
0.36613658094710894
0.7620149967289016
0.36628755472799557
0.8001107141059834
0.36479039806753566
0.7778169191283782
0.34735292637511955
0.7224095415429522
0.39221730159528967
0.7372049720698507
0.44795178903930366
0.7140556590005538
0.4840974284132656
0.29384530219918475
0.5200040259674904
0.06924664083337527
0.4983896130038751
0.06421418147048465
0.48803532786472753
0.09793165920185194
0.4248905440088571
0.12475466760605906
0.40005535705299183
0.1278244678174225
0.37617633737607575
0.12928388103266078
0.3574681696945297
0.13859393085400842
0.29828644758693573
0.15137637763575054
0.30391022092496606
0.1400533440692467
0.3336017311660209
0.37013738614060687
0.37101806652911284
0.6538171204267524
0.4113406471742741
0.6330833878516432
0.4176186402294803
0.5833626893462838
0.4499270293392382
0.45558854612249
0.5801670776508481
0.3531276734940365
0.6200870615469782
0.27819435358059497
0.6222384379246139
0.20341200744803994
0.6021211816214586
0.18579839967792267
0.5575964974082834
0.14508580343213728
0.6017311660208345
0.056162246489859624
0.593817623672689
0.0
0.5937421367822456
0.01685873886568368
0.5582632982738667
0.050072970660761926
0.4865633335010821
0.0602888631674299
0.49696794323385857
0.11635046047003174
0.4767248754466308
0.09903880026168795
0.4750893261536914
0.06099340747823466
0.459186754566957
0.0919430325600121
0.4350057873282675
0.1494640430778522
0.42755774747118924
0.23642494086860258
0.4283000352272156
0.2558502340093603
0.4142972170499724
0.2524784862362237
0.38810326606612655
0.2704946907553722
0.35579487695636847
0.2967138040360325
0.31323285189472105
0.3166423431130794
0.3177494841729153
0.3368225051582709
0.3201902269639173
0.35126566352976707
0.31805143173468875
0.35287605052589205
0.2867872779427306
0.337828997030849
0.29628604499018674
0.3097478737859193
0.3083010417190882
0.2618388606512003
0.32797795782799066
0.2045694731015047
0.33249459010618493
0.18911982285743048
0.32936188415278556
0.21765386744502035
0.3491268683005385
0.2694378742891651
0.373634945397816
0.27381611393488003
0.44498263801519816
0.2977706205022395
0.49847768104272566
0.32600271752805604
0.490224447687585
0.3459815811987319
0.5024910673846311
0.3504604700317046
0.5424739570227971
0.3317900457953802
0.5780157012732123
0.29525439082079424
0.5739016657440491
0.2998339288410245
0.48521715062150883
0.32992803583111074
0.41249811282773907
0.27738916008253234
0.39092144330934525
0.2056766141613407
0.38518443963565
0.1159981883146293
0.36109154043581104
0.037592471440793106
0.37417593477932665
0.0075990136379649005
0.3699989935081275
0.0006038951235469111
0.3720371395500982
0.008555180916914122
0.38186301645614207
0.018771073423582144
0.3939283377786726
0.04327915052085957
0.37660409642192144
0.1276231694429068
0.36384681193699353
0.22998339288410244
0.36315484877459625
0.2923858889839466
0.34143978662372304
0.3308338785164311
0.3613557445523628
0.3114085853756732
0.4014644456746012
0.2097025816516532
0.38583865935282585
0.16370590307483265
0.37568567258819385
0.16108902420612944
0.3363444215187963
0.15625786321775442
0.3082129736802376
0.17326757586432495