0000001000
0.45255823848526744
0.23667694926071706
0.5049994681416874
0.30464844165514315
0.5652324220827576
0.5157961918944798
0.5820125518561857
0.5749388362940111
0.5949367088607598
0.5602595468567172
0.5861876396128074
0.5798319327731096
0.5802574194234659
0.5606850335070738
0.5585841931709397
0.5193064567599193
0.5489309647909801
0.48058717157749203
0.5465641952983727
0.5097330071269017
0.565391979576641
0.5877034358047019
0.5686363152856082
0.6337623657057764
0.5731571109456444
0.628443782576322
0.601531751941283
0.5159025635570689
0.6398787363046489
0.3851717902350816
0.652643335815339
0.22837995957876803
0.67261461546644
0.3415594085735563
0.6919742580576538
0.32592277417296056
0.7086214232528458
0.33528348048080014
0.6869216040846722
0.6827997021593452
0.6256249335177113
0.9211785980214875
0.5884480374428255
1.0
0.5123391128603343
0.8487394957983196
0.4581693436868419
0.7915115413253916
0.5085629188384218
0.6506754600574409
0.5661897670460594
0.4113392192319969
0.6518987341772156
0.29709605361131813
0.6464205935538776
0.27975747260929684
0.5311934900542499
0.29316030209552185
0.4147962982661421
0.26475906818423584
0.4667322625252634
0.2673119880863736
0.5416976917349219
0.27763003935751507
0.5415647271566857
0.23965535581321157
0.5416179129879802
0.22529518136368482
0.6660993511328588
0.23635783427294987
0.683863418785236
0.24444208062972014
0.5591958302308268
0.3854909052228487
0.6805127114136797
0.5702584831400915
0.7664610147856614
0.6907775768535264
0.7241250930752051
0.6872673119880865
0.7286458887352413
0.7087543878310821
0.7905807892777367
0.7769386235506864
0.7586161046697163
0.7659823423040107
0.879613870864802
0.7231145622806088
0.9277470481863634
0.7308796936496121
0.9095309009679824
0.7540687160940329
0.8457344963301777
0.8334219763854908
0.7772311456228066
0.9038400170194663
0.7037815126050422
0.5945112222104035
0.6567652377406661
0.15721731730666955
0.7082757153494312
0.15913200723327312
0.6670832890118072
0.15721731730666966
0.7467822572066805
0.16498244867567294
0.8009254334645254
0.3718753324114458
0.7656366344005964
0.501967875757898
0.8301244548452297
0.5760025529199022
0.7935060099989368
0.6059993617700244
0.7874162323157116
0.46027018402297604
0.7416764174024043
0.4564408041697691
0.610812679502181
0.49547920433996373
0.5091213700670146
0.5344112328475693
0.40551537070524435
0.6145090947771518
0.32568343793213506
0.6763110307414109
0.3901180725454742
0.7158812892245511
0.3756781193490055
0.725667482182747
0.30222848633124144
0.7073715562174242
0.3179714923944262
0.720242527390703
0.4026433358153389
0.6638655462184876
0.43984682480587184
0.5120731837038613
0.483618763961281
0.20338261887033296
0.4200085097330073
0.07956600361663653
0.34195830230826524
0.27284331454100624
0.34007020529730914
0.2548665035634506
0.33211892351877464
0.0721199872354004
0.34254334645250517
0.054462291245612186
0.35570683969790473
0.01904052760344638
0.289543665567493
0.0
0.29874481438144884
0.07329007552388035
0.30153707052441237
0.24529305393043313
0.28930432932666755
0.3788958621423256
0.35921710456334427
0.4296351451973198
0.4059142644399534
0.41410488245931315
0.30398361876396135
0.4181470056376984
0.2819646846080205
0.35942984788852234
0.31688118285288813
0.5139878736304647
0.2861929581959366
0.5466439740453148
0.25069141580682913
0.3920859483033722
0.22593341133921935
0.4084671843420914
0.2255079246888629
0.4100627592809278
0.24032017870439326
0.3825124986703544