0000001000
0.5291427077888132
0.7877679038159957
0.5417973514549572
0.7896846140442586
0.5480920020909568
0.8067607597142357
0.5498126851367835
0.8098100714410176
0.5565211709357029
0.8086774699424986
0.5622713016204913
0.8148632165882558
0.5952692106638788
0.8260149851890567
0.6271780798048437
0.8279316954173198
0.6056368705349363
0.8281930649939017
0.6608511935877329
0.8986757274786543
0.6911047220770169
0.9208921414880642
0.6651855723993727
0.8903990242202475
0.6768382993552885
0.8908346401812162
0.6780798048440495
0.8991984666318171
0.6936095138525875
0.9059940756229309
0.7358424812685136
0.9539118313295
0.7791644885868618
0.976912354068653
0.691692803624325
0.89972120578498
0.6684744729046872
0.9208921414880641
0.6923897891618749
0.9311726781669281
0.6671894058198294
0.9316954173200905
0.6316431434047743
0.9368356856595226
0.6362388917929952
0.9391008886565604
0.6310550618574665
0.93561596096881
0.6176598710576754
0.9445896497647674
0.612541383516292
0.947290468722774
0.6113652204216762
0.9502526572573617
0.608185223906604
0.9555671719811816
0.5897368879595749
0.9656734622756579
0.5318217459487717
0.9742115351106466
0.48074577452517847
0.9916361735493987
0.3952997037811465
1.0
0.3413922286112563
0.9898937097055236
0.3266030667363651
0.9884997386304233
0.2659435441714583
0.9871928907475168
0.24618836034152292
0.9718592089214151
0.25185136783411727
0.9556542951733751
0.36578672242550964
0.8686182261718072
0.3773305453911831
0.6771214497299177
0.3265595051402683
0.5295347621536853
0.36848754138351625
0.4749956438403905
0.4126154382296568
0.3771562990067956
0.4399939013765465
0.2976999477260844
0.5471554277748736
0.3577278271475865
0.6178123366440147
0.2815821571702387
0.6070308416100365
0.27077888133821204
0.6544476389614916
0.2703432653772434
0.6579979090433874
0.18051925422547488
0.6347360167276531
0.17398501481094275
0.6640965324969506
0.14514723819480724
0.6090128942324445
0.2533542428994599
0.34844920717895084
0.4958180867746994
0.20761456699773484
0.5725736190974037
0.22033455305802407
0.5363303711447989
0.2789466806063774
0.37288726258930105
0.2790555845966195
0.23775919149677646
0.2438360341522912
0.1055061857466455
0.22869837950862515
0.01106464540860784
0.26089039902422023
0.0
0.29687227740024397
0.1041993378637393
0.3691409653249695
0.15490503572050865
0.45998867398501486
0.13007492594528658
0.47630249172329675
0.11230179473775924
0.4675248301097751
0.10393796828715786
0.46743770691758135
0.1083812510890398
0.40625544519951207
0.12092699076494175
0.3097011674507754
0.13948423070221294
0.21867921240634253
0.16004530405994077
0.2156081198815124
0.19402334901550775
0.2587776616135215
0.2878550270081894
0.2857640703955392
0.39170587210315394
0.29386652726955914
0.45373758494511246
0.3122713016204912
0.4657605854678516
0.3190015682174595
0.4684614044258584
0.34603153859557395
0.47804495556717186
0.35648632165882554
0.48187837602369754
0.36184439797874207
0.482488238369054
0.3857379334378811
0.48318522390660396
0.3934483359470292
0.48431782540512286
0.39351367834117434
0.4824011151768601
0.37824533890921774
0.48170412963931
0.37467328802927335
0.4882383690538423
0.37685136783411727
0.5074925945286636
0.38523697508276716
0.5210838125108905
0.38597752221641396
0.5159435441714583
0.3725605506185748
0.5182087471684962
0.38477957832374987
0.5233490155079282
0.3891357379334378
0.529273392577104
0.3774830109775222
0.538508450949643
0.369315211709357
0.5505314514723822