0000001000
0.7370273869492212
0.6046088819408256
0.7326037866944589
0.6019222974929074
0.7198309304614671
0.596085924381912
0.6976318684500029
0.5927508540327717
0.6823461293497771
0.5883504139887671
0.6766023970818135
0.5811707486538128
0.664570667593075
0.5750101325922066
0.64238318568699
0.5639395518499221
0.624190840136645
0.5542585837531122
0.6064964391175958
0.544484974813271
0.5759944415494181
0.5326732673267326
0.562167795726941
0.521602686584448
0.5516762202536042
0.5094667361472989
0.5304151467778357
0.49631173643680165
0.50945515604192
0.48311041630478846
0.4917607550228708
0.4727809623067569
0.46261362978403114
0.4610618956632507
0.4067512014359331
0.4453129523478665
0.38361415088877326
0.4378090440623011
0.3143303804064616
0.4261826182618262
0.3234091830235656
0.4228475479126862
0.3194603670893406
0.42525620983150964
0.2818134445023449
0.43192635052978995
0.27635921486885545
0.4420705228417577
0.274761160326559
0.45902379711655356
0.24681836604713103
0.4790805396329106
0.22136529442417938
0.5013143419605119
0.21809970470731288
0.5244745527184298
0.17297203404550981
0.5471252388396735
0.13266168722135382
0.5659776503966186
0.11086792889815303
0.5828846042498989
0.05398645127670665
0.6010885299056223
0.07605813212900246
0.6202651844131781
0.10411672746221996
0.6332812228591276
0.0877771987725089
0.6483353598517749
0.05705517920213077
0.6671414509872042
0.060795553239534506
0.6825661513519777
0.0837704823113892
0.7008163974292169
0.07272306177986237
0.7163337386370214
0.06261362978403105
0.7263389496844421
0.0503618782930925
0.73870650222917
0.030166174512188115
0.7532974350066587
0.033200162121475356
0.732731167853627
0.008928261247177341
0.6977592496091711
0.0
0.6734410283133572
0.06264837010016802
0.652179954837589
0.11206067975218563
0.6367552544728153
0.11773493138787576
0.6209599907359157
0.16464593827803833
0.6232760118117071
0.20096114874645374
0.6467604655202364
0.13082045046609936
0.6603323490243755
0.03234323432343248
0.6547738984424761
0.04759423310752132
0.6519483527300096
0.07288518325516763
0.6769613803485615
0.14095304267268827
0.6289734236581552
0.19053905390539053
0.7281917665450756
0.19072433559145402
0.9508540327716982
0.21719645648775415
0.9697064443286434
0.2523999768397893
0.9776735568293672
0.2828093335649355
0.9855943489085754
0.3199698917260148
0.990782236118349
0.3122459614382492
0.998054542296335
0.2965549186497597
0.999166232412715
0.3052168374732211
1.0
0.3356840947252619
0.9893463030513581
0.35526605292108165
0.9760060216547968
0.3210584216316368
0.9677146662034625
0.3290834346592555
0.9574778530484628
0.3293034566614557
0.9588211452724213
0.3004689942678478
0.98364889120491
0.2795090035319322
0.9977302993457241
0.3229343987030285
0.9989346303051357
0.3422500144751318
0.9965722888078284
0.35239418678709983
0.9728099125702048
0.32384922702796604
0.9475189624225574
0.26056395113195535
0.9829540848821724
0.20217705981124443
0.9929592959295926
0.15847374211105322
0.9930982571941408
0.1629668229980893
0.9505761102426032
0.16179723235481452
0.8932777488275148
0.1595506919112964
0.836627873313647
0.17492907185455386
0.7826182618261829
0.18125180939146546
0.6284175785999654
0.1837994325748365
0.44406230096693877
0.1730530947831626
0.4446644664466448
0.11521046841526271
0.46231254704417774
0.0989983208847202
0.4756528284407391
0.08905101036419431
0.47403161368768465
0.046864686468646985
0.4598112442823228
0.06597186034392914
0.45434543454345433