0000001000
0.39733516781925454
0.7148701980520655
0.4411093812230705
0.7221115898475686
0.4599369998913785
0.7273253919403303
0.4448024910387773
0.6895253267678045
0.42286107389840294
0.5997320685035664
0.33089539809551316
0.5997320685035664
0.2609797603099311
0.5260147000253439
0.3013143126108833
0.48995256888373934
0.3408523118143302
0.4318766066838048
0.26402114486404266
0.2977660306310871
0.2152865780803066
0.31746261631485545
0.20453311126398424
0.3054419059343198
0.20131069191498563
0.28299359136826047
0.1741554726818493
0.333972989608602
0.1604692421883485
0.3000832760056483
0.20138310583294095
0.1527933668851152
0.2247003874144606
0.03229660740794352
0.23342626452804185
0.0015931061950104164
0.2547159564068212
0.0
0.2657590788949634
0.0625656251131467
0.20558311307433247
0.055469061153552615
0.12842608349324705
0.042289728085737784
0.06325355733371896
0.03910351569571642
0.04605525181939939
0.13135884717042579
0.0936674028748322
0.08255186646873497
0.1462761142691619
0.011731054708714743
0.1690140845070421
0.06691046019044829
0.24059524240559016
0.1778485824975559
0.2614504507766393
0.27647633875230826
0.2664470111155359
0.31572468228393447
0.2999746551287155
0.3420833484195662
0.22151417502443926
0.40942829211774495
0.13975886165320964
0.4780766863391132
0.18722618487273265
0.46866287700495946
0.3428799015170713
0.3956696477062891
0.432890401535175
0.37727651254571126
0.40783518592273377
0.49009739671964886
0.3806799666895977
0.5177595133784709
0.31641261450450753
0.4764835801441036
0.3809696223614173
0.5368767877185994
0.41732140917484306
0.36380752380607523
0.3614178645135595
0.5920561932003329
0.34617473478402494
0.8680980484449112
0.34186610666570116
0.6282631521778473
0.3506281907382596
0.4091386364459241
0.37398167927875736
0.2938556790615151
0.37742134038162156
0.2110141569209598
0.3537419892103257
0.20102103624316578
0.3588471704261556
0.19117274340128132
0.3963937868858394
0.18986929287809076
0.47615771751330593
0.1436692132227813
0.7200840001448275
0.12962091313950505
0.9375067888048083
0.14062782866866974
1.0
0.18653825265215934
0.6642528694014987
0.13845541113001908
0.45812665194250296
0.12628987291357363
0.37495926717114975
0.244324559180274
0.19446757666823547
0.24403490350845386
0.17524168145117452
0.24403490350845414
0.32115572613056176
0.24200731380571353
0.40439552481987034
0.2670625294181542
0.5498026720735718
0.3092074296679817
0.6921322278141858
0.25272457366305784
0.745247836634201
0.22057279409102412
0.7549513016401747
0.3283247040081093
0.6659183895144647
0.3141315760889235
0.6087113943299898
0.34150403707592575
0.5504906042941449
0.27169702016727565
0.4609145877837719
0.20275897027408651
0.4037800065172528
0.1821934175748575
0.4707990875846334
0.1869727361598898
0.5589630326948836
0.208552083710489
0.6582787211702087
0.2834280748759904
0.624751077157029
0.26836597994134453
0.4799232412469673
0.34425576595821716
0.44559904413628293
0.4551938882653245
0.4222817625547627
0.4948767153046814
0.38650928708497745
0.4266628045910426
0.3912161917520542
0.437524892284297
0.3727868496324988
0.32079365654078634
0.30468155979579253
0.2798073789782386
0.24410731742640918
0.20102103624316578
0.28465911148122647
0.06676563235453822
0.2691263260798721
0.3178970998225846
0.205691733951265
0.5460009413809338
0.16517614685542523
0.35439371447192125
0.17343133350229875
0.275897027408668
0.17462616314855675
0.1869727361598898
0.19921068829428973
0.03678627032115543
0.18230203845179002
0.12281400485173215