0000001000
0.8527959722358008
0.47981229836738676
0.8314840160328484
0.4266301691269922
0.8127138527715324
0.36533385472675756
0.8049418320461438
0.31635545996676123
0.801422426434647
0.2983673868413335
0.8023267181542677
0.30012708964708196
0.8078013491054848
0.31048978394760013
0.7998093655293775
0.34089353798025224
0.7777886401407765
0.3713950532798908
0.7579431029426146
0.3853749144588915
0.7445986899990227
0.38801446866751405
0.7339182715808
0.39241372568188504
0.723799980447747
0.4387525662332587
0.7096001564180276
0.5666243034509729
0.7206960602209408
0.730960993254473
0.7257063251539744
0.8877700655000486
0.7111887770065504
0.9829895395444332
0.6914410010753741
1.0
0.6784876331997266
0.9412454785414026
0.6619170984455962
0.8584416854042429
0.6336152116531434
0.7787662528106369
0.5808730081141855
0.7428878678267675
0.5213119562029527
0.7082803793137162
0.4696695669175874
0.6748460260044974
0.45004399257014416
0.6412161501613065
0.4533434353309222
0.6102258285267381
0.49178805357317457
0.5770847590184774
0.5032505621272855
0.5575325056212729
0.5038371297292016
0.5345586078795582
0.5259067357512955
0.4993645517645913
0.5247336005474632
0.49926679049760475
0.5691416560758632
0.537686968423111
0.6366458109297101
0.5768892364845049
0.619170984455959
0.5978101476195132
0.6394075667220652
0.6642878091700072
0.62154169518037
0.6668296021116438
0.5682373643562423
0.6340795776713269
0.5168149379215957
0.6434646593019847
0.4641704956496241
0.7016326131586671
0.40986411183888977
0.7398572685502007
0.3714928145468768
0.6452243621077333
0.4328868902140973
0.5923355166682964
0.5339964805943885
0.576400430149575
0.5414507772020728
0.5423795092384396
0.5535242936748465
0.5753250562127289
0.6218105386645815
0.6309512171277744
0.626820803597615
0.6442467494378729
0.5238781894613357
0.6756281161403855
0.4363574151921012
0.6811027470916027
0.4513882099912016
0.6848176752370716
0.4689363574151924
0.7307654707205007
0.5195766937139508
0.7668393782383423
0.5981278717372182
0.7822856584221335
0.5686528497409329
0.773878189461336
0.5030061589598204
0.7638087789617753
0.5732231889725293
0.7569654902727543
0.6314889040961973
0.7240199432984659
0.6546583243718842
0.6561736240101673
0.6800273731547566
0.6213706129631446
0.8083634763906543
0.6197086714243819
0.9702805748362504
0.6216638967641026
0.9701339329357715
0.5790399843581975
0.8925359272656179
0.5104115749340116
0.7699921790986414
0.4519503372763714
0.6118633297487538
0.4234040473164537
0.49166585198944207
0.42330628604946713
0.4661501613060908
0.4984847003617166
0.4342799882686481
0.5754228174797146
0.45759605044481405
0.4939876820803597
0.47553524293674876
0.32183009091797826
0.46585687750513277
0.27842408837618543
0.48873301397986163
0.19806432691367656
0.5352673770652072
0.11389187603871345
0.5806530452634668
0.06833512562322809
0.6232525173526253
0.10030305992765666
0.6522876136474732
0.12855606608661654
0.6953025711213221
0.07371199530745919
0.6935673086323202
0.049173917293968146
0.65832437188386
0.02903509629484801
0.6160181835956596
9.776126698597563e-05
0.6150894515592926
0.0
0.649476977221625
0.009385081630657884
0.7040033238830778
0.02942614136279209
0.7521263075569464
0.07908886499169038
0.7523707107244113
0.14625085541108626
0.7237510998142539
0.2039300029328381
0.6756769967738784
0.24137256818848374
0.6207840453612282
0.25202854628995985
0.6054844070779161
0.25955616384788366
0.6020627627334054
0.31156515788444633