0000001000
0.35655446562174076
0.5112981968229019
0.37283293783346677
0.46643793171203557
0.3699762700080107
0.435362222457339
0.35797524221217925
0.407732652166684
0.37383050437568965
0.3843351823581868
0.39444687958162666
0.3718807152249817
0.37209232024908917
0.2969725366907995
0.38126690950862285
0.2951587793413038
0.4106497785704567
0.3211559680174121
0.4335182358186845
0.4092441166245977
0.4543008721149921
0.5041036260032346
0.44276839830111403
0.5669805474524265
0.44748416740980335
0.5578513021266305
0.48454527591783686
0.5831834464412569
0.48286755036955303
0.5761097927782229
0.475703208839044
0.5900757243693414
0.45067335741600045
0.5189159776907846
0.4332159429271021
0.49430933631595647
0.4060095826846631
0.47629267997763053
0.3938574084430404
0.5200042321004822
0.4322183763848792
0.6888045827602358
0.443811308777074
0.8678224331554842
0.4359970375296625
0.7522860899925936
0.42067078792642193
0.6491437553845922
0.31604721814966497
0.6189749248046433
0.26727226009280386
0.5467873822947052
0.2282009038557458
0.5093030637384561
0.20636024243889914
0.6083946735992503
0.23535013074167546
0.6273182086123243
0.20113057541451912
0.5238131225344238
0.24754764891703565
0.6631701455540274
0.4130378924139599
0.8507126554919062
0.5904384758392408
0.9750759510890101
0.8431251039131816
0.8940614561448589
0.9446350569066366
0.6059158718882725
0.9923822191321171
0.392436631852602
1.0
0.21626033463823097
0.97019392088995
0.3061017820165959
0.9849155847100258
0.27726304015961056
0.9423376309306087
0.32647632290926676
0.8375326854189022
0.40658393917867003
0.5956530282190413
0.36565348165837863
0.29668535844379623
0.22514774565076087
0.24041353667568502
0.19310469914299966
0.26878372455071725
0.23621166548268602
0.2435876120373029
0.2745424041353667
0.19771466573963511
0.28663411979867265
0.17771799096144256
0.30821783225767435
0.21580689530085687
0.2782908359909916
0.2585662248152234
0.24213660615770605
0.2552863469415516
0.2157162074333823
0.27093000408095386
0.1810129834796934
0.3391877390003174
0.15882468523752666
0.3870104744486933
0.15392754039388745
0.4149121083417724
0.1296836504889587
0.43954897900575857
0.10465379906591482
0.4613291818442889
0.1088254409697556
0.48386511691177586
0.1208566980547453
0.5108145281963694
0.12986502622390833
0.5448678224331555
0.1276280588261967
0.5433563579752422
0.11063919831925137
0.4928432157917806
0.10277958313810236
0.4064781366666162
0.12061486374147902
0.34958661447076056
0.13971977448950293
0.3161983645954564
0.1428636205619623
0.30912471093242244
0.1474584725140188
0.3041217635767294
0.15120690436964374
0.29813636432339286
0.147821223983918
0.32358942579465233
0.1329484137180514
0.33640664439775697
0.12158220099454356
0.3221384199150556
0.129502274754009
0.3122080984265654
0.13482262964586386
0.296216804461843
0.13095328063360584
0.2880548963891113
0.1258143014767006
0.2911080545940961
0.11795468629555171
0.2704765647435801
0.11160653557231598
0.24856033010383755
0.12121944952464427
0.25466664651380727
0.12708393162134782
0.27430056982210066
0.12901860612747684
0.2726379589183961
0.12587476005501724
0.25317029670047303
0.11517359169299135
0.23751152491649144
0.1036260032345339
0.22730913982557696
0.10809993802995713
0.21749973549371984
0.09818473118604602
0.2105469989873188
0.08192137361889912
0.21246655884886864
0.058161152340502606
0.1976088632275811
0.024606641374827886
0.18261513580508143
0.0031438460724595484
0.18046885627484466
0.0
0.17529964782878127
0.01051979262707631