0000001000
0.7316104855017346
0.7355249244012393
0.7168988739031223
0.746062371296588
0.7143943750811643
0.767285679832291
0.6876982728234051
0.754522011761868
0.6755653674192532
0.7223160120958018
0.6762703374580266
0.7045062426952118
0.7022985733632634
0.6851381184720705
0.7266942470734468
0.67638164851678
0.7292729532679074
0.6677735933064948
0.7415728252601893
0.6646568836613919
0.7436320798471325
0.6880322059996661
0.7409606144370443
0.7148210674730532
0.7361556870675102
0.7410162699664212
0.732000074207372
0.7357475465187466
0.7221490455076714
0.7258037586034173
0.6836725228651465
0.7202382056657329
0.6753056416154946
0.7343376064411999
0.6337309611709921
0.7914030758955902
0.6177949279260896
0.8262063335992428
0.6009684062111569
0.8000111311058751
0.5113444520713133
0.8077286978461312
0.4015917481401776
0.7984527762833237
0.32155909689627665
0.7424262100439679
0.23698124408659996
0.631189358662783
0.2115466671613826
0.6415783908131274
0.2071127766543606
0.8187113889764942
0.1894699738419012
0.9413761757230577
0.21418102888521987
1.0
0.25688737176038434
0.75155371686177
0.28881509377956704
0.4960577333358068
0.3261042984620522
0.3736897760792535
0.3921303081461144
0.2994824035767955
0.4511993766580708
0.22497820158432735
0.5119937665807098
0.21800270856909618
0.6942841771329982
0.386750273639686
0.8198801550934085
0.5746433408159102
0.8060219282785744
0.590226889041426
0.8142403947832214
0.5284863551193807
0.7859302821735339
0.48626236016548224
0.6583863606849338
0.5304157468044448
0.4742036621338328
0.5622507096079998
0.31430532623416135
0.5698940689757525
0.24557074745375948
0.657384561156151
0.17166020444131125
0.6924104409773112
0.007494944622748262
0.6796467729068887
0.0
0.6660668237389383
0.0614993599614121
0.6725228651466524
0.0888633285716935
0.6590171233512048
0.1273398512142182
0.6160510546722816
0.1498617887687141
0.6406879023430979
0.18006418937721463
0.6311151512902808
0.1865202307849285
0.5918594512364803
0.20219653822607261
0.5652932118806004
0.2553661206240839
0.5992801884867258
0.30161586553624103
0.6375711926979947
0.3122275198040925
0.650631690258427
0.30896239541398424
0.6416525981856298
0.3488674099771812
0.6200582527874143
0.35643656197243206
0.6012095801717899
0.3464556703708513
0.6006901285642731
0.3697011298072463
0.586442313043801
0.4110717399773666
0.568855165760718
0.3862122701890432
0.5560914976902954
0.3416692948444429
0.5593566220804036
0.34114984323692554
0.5494870415375769
0.3209654379162568
0.5221045210841696
0.26087601803239147
0.4704561898224587
0.23262156095208053
0.41992096914828464
0.2412110643192402
0.39328052241990247
0.24870600894198847
0.4184368216982356
0.2684266181845167
0.44960391814926837
0.2867187355063726
0.5186909819490566
0.2881657792701704
0.533235626959538
0.29300781032595574
0.570784557445782
0.28966847856334516
0.5847355434762445
0.2841029256256608
0.4892306550655807
0.2730645789659202
0.4581377659870509
0.2735840305734374
0.46028977978962193
0.2900580672689831
0.4714950930374927
0.3149546407435579
0.48039997773778836
0.32057584921061894
0.4702335677049517
0.3293323191659091
0.45093965085431237
0.3481438880952821
0.4433704988590615
0.36977533717974875
0.6098918427545779
0.3624102554588798
0.8354822551620494
0.36118583381258923
0.8744411257258408
0.43969723392018994
0.8679850843181266
0.44179359219338427
0.8837912546611502
0.3182012132905403
0.9272025675750883
0.2964770049904458
0.9299482403576796