0000001000
0.1688627547564805
0.027461363216550676
0.17640539375654204
0.04285450403300287
0.19047472446277933
0.05553845206575949
0.20559078874453532
0.08620158857213216
0.21978326457730432
0.11341666153561972
0.23203620466720026
0.13915399298072775
0.24071793608767922
0.15097592512776295
0.2327135028631241
0.13324302690721015
0.2148266732344068
0.1261006095683763
0.1846869035157933
0.11846561172341602
0.14826673234406748
0.1151406933070623
0.12114401822547864
0.10738255033557041
0.10608952650698848
0.10085585862939457
0.10996859799273437
0.10861400160088647
0.12548488393571822
0.11624899944584685
0.15670217351148322
0.11267779077642989
0.19503109414444925
0.11292408102949313
0.23456067976109837
0.10762884058863365
0.26910288775321706
0.10688996982944399
0.3012129794963363
0.09593005356812988
0.32384089649652115
0.07671941382919757
0.3323071239455698
0.07782771996798224
0.322270796133243
0.08066005787820943
0.30487654701065203
0.07536481743734995
0.29388584446770516
0.064651191429099
0.2935471953697433
0.06391232066990941
0.29250046179422434
0.0338649097961948
0.2828951419247583
0.01871805923280584
0.27796933686349357
0.020565236130780103
0.4590234591466042
0.018225478726679373
0.5163475155470724
0.0068961270857705445
0.4757404100732713
0.004679514808201404
0.546025491041192
0.0024629025306323756
0.6306261929684133
0.0
0.6410935287236006
0.007142417338833836
0.7801859491410625
0.03460378055538454
0.8149744473862445
0.07487223693122347
0.8813804568684194
0.120066498368327
0.9414752786158486
0.16390616341358283
0.9080721630441474
0.19161381688319676
0.930022781848408
0.20737639307924394
1.0
0.21550397143033062
0.9743858136814232
0.22252324364263287
0.8958500092358844
0.22079921187119028
0.8348008127578348
0.22166122775691138
0.8233791022720274
0.22276953389569606
0.8272273874761408
0.21365679453235625
0.717258789483406
0.2256018718059232
0.6684625330952526
0.24665968844282982
0.6652915460870635
0.27522935779816515
0.6658764854380889
0.3159903946801306
0.7097469367649774
0.314882088541346
0.6764669663198078
0.2146419555446093
0.7500769657040823
0.1655070500584938
0.7175974385813682
0.15097592512776295
0.668062311434025
0.1304106889969829
0.6368758081398929
0.10430392217227998
0.6986330890954989
0.09962440736407852
0.7631919216796993
0.12523859368265497
0.7321285635120991
0.1554091496829013
0.6642448125115448
0.17314204790345403
0.6150175481805309
0.16538390493196226
0.5720706853026291
0.1492518933563203
0.5870328181762205
0.14629641031956156
0.6554091496829012
0.12794778646635063
0.676713256572871
0.11058432362539257
0.700849701373068
0.12240625577242772
0.7627917000184716
0.12917923773166679
0.5003386490979619
0.14851302259713073
0.4016994027461363
0.17646696631980788
0.4109660735176404
0.20873098947109162
0.4928575826611661
0.22289267902222762
0.5402684563758388
0.2190751800997473
0.5481189581922296
0.1857028508096791
0.56052582969029
0.15269995689920565
0.49541284403669716
0.11563327381318866
0.42820639123206694
0.07043901237608526
0.43664183239948273
0.04310079428606616
0.4371959854688751
0.04186934302074993
0.4646573486854257
0.05812449972292345
0.5623730065882642
0.07167046364140131
0.7004494797118402
0.08312296040884172
0.7289575765039097
0.08940336186195433
0.6800997475524905
0.07930546148636153
0.6442337294501569
0.06489748168216242
0.6273320608336925
0.05184409826981086
0.6058124499722922
0.04347022966566099
0.4853149436611045
0.03214087802475216
0.39421833630934044
0.02056523613078013
0.4008989594236808
0.012314512653161625