0000001000
0.6892283587935764
0.5204857030943989
0.6887191539365455
0.5140618879749315
0.6889737563650609
0.5872307089698392
0.7027027027027029
0.41355268311790017
0.6996474735605173
0.1045828437132784
0.6743634939287113
0.0
0.6613004308656484
0.18887583235409305
0.6659616137877011
0.23877790834312582
0.7270466118292206
0.33717195456325894
0.685566000783392
0.4376811594202899
0.5802389345867608
0.39976498237367797
0.5228358793576187
0.4268703486094791
0.4625342734038388
0.511398354876616
0.3996670583627103
0.6121425773599688
0.358969839404622
0.5475910693301999
0.38791617704661163
0.6108891500195849
0.36746964355660017
0.6329808068938504
0.346455150802977
0.5660007833920874
0.31635330983157056
0.5356051703877792
0.3176263219741481
0.527692910301606
0.26141793967880933
0.5160987074030554
0.2654328241284765
0.4852330591461022
0.32348217783000394
0.5562867215041127
0.2558362710536624
0.5735996866431644
0.2514884449667059
0.573286329808069
0.19526047786917364
0.5913043478260869
0.20176263219741478
0.6436349392871135
0.26713670191931066
0.6460634547591068
0.24886408147277705
0.656169212690952
0.2426752839796319
0.7041128084606345
0.29375244810027407
0.7322365844104977
0.38887583235409345
0.7056012534273406
0.4554054054054054
0.7143752448100276
0.599725812769291
0.6942420681551115
0.7009792401096752
0.7054445750097925
0.8156678417547987
0.6829612220916569
0.9184292988640815
0.6256952604778688
0.918213866039953
0.5670191931061499
0.8761457109283197
0.5946729338033683
0.7335879357618489
0.6241284763023898
0.45638464551508034
0.6041519780650216
0.3538777908343127
0.6300822561692129
0.3823149236192714
0.6733254994124562
0.394731688209949
0.6079905992949471
0.40009792401096744
0.6149627888758327
0.3613396004700352
0.6249118683901295
0.35493537015276144
0.6817077947512729
0.34659224441833153
0.6334508421464945
0.39618096357226784
0.5239326282804542
0.4348413631022326
0.5627105366235803
0.4525460242851548
0.636584410497454
0.45266353309831586
0.6203681942812379
0.42074030552291414
0.5989032510771644
0.41584410497453983
0.6175479827653741
0.4636506071288679
0.6311790050920486
0.4910693301997651
0.7444575009792406
0.532804543674109
0.7706227967097531
0.5947121034077558
0.8257735996866433
0.6523110066588329
0.8025068546807682
0.6995103799451625
0.7892675283979628
0.7661378770074424
0.8062671367019192
0.7328241284763025
0.8796709753231488
0.6433215824520174
0.900979240109675
0.563768115942029
0.8671367019193105
0.5324128476302388
0.8006267136701921
0.5349784567175873
0.7452408930669799
0.5917939678809243
0.7807285546415977
0.6660595377986683
0.8000000000000005
0.8032902467685078
0.7738347042694873
0.8380532706619664
0.7475127301214254
0.8557971014492755
0.8328241284763025
0.8846259302781043
0.8687818253035645
0.92575401488445
0.8361927144535839
0.9559341950646298
0.8988640814727766
0.9641402271837055
1.0
0.9660203681942813
0.984958871915394
0.9667645906776344
0.9603603603603601
0.9474343909126518
0.9462593027810422
0.9349980415197807
0.855855855855856
0.9115158636897771
0.8032119075597338
0.9429494712103411
0.8506854680767728
0.9164904034469252
0.8955738347042699
0.869467293380337
0.8824911868390131
0.8780650215432825
0.9744614179396791
0.8832549941245592
0.9616137877007448
0.8781825303564436
0.9388170779475125
0.8698198198198196
0.9607520564042303
0.8696435566000782
0.9405405405405406
0.8592048570309441
0.9359968664316494
0.8358793576184879
0.9005092048570308