0000001000
0.993266796696684
0.9861808523882641
0.9874258206415737
0.9858488608540481
0.8955782877536622
0.9850188820185085
0.8292111051168197
0.9855168693198322
0.8129020209984645
0.9859733576793792
0.7983981408474083
0.9861808523882641
0.7598663734074781
0.98692783334025
0.7375814416732375
1.0
0.7582686641490644
0.7606341038303522
0.7585280325351704
0.3549819479603271
0.7283375523924142
0.14856621156160502
0.6876374652446363
0.08357886873884707
0.684130804664481
0.07295513964393908
0.6917147362742249
0.015271610573930349
0.6842864256961447
0.11665352533510398
0.6159999170021165
0.1855417686848985
0.5628293978503548
0.16097439515292372
0.5673320330331578
0.06436485869610341
0.5639602440137778
0.16155538033780137
0.4816159687927957
0.26405776652695373
0.46591899406565146
0.3013653151844629
0.4631489397020376
0.170851143295846
0.45006639830684314
0.24783168029215266
0.4084325849690833
0.35792837282649287
0.34714902269992126
0.28987010831223786
0.3774225007262314
0.24297630410424545
0.39641864132464627
0.37598041249948144
0.37748474913889685
0.4062746399966798
0.2916338133377599
0.39477943312445535
0.28717267709673394
0.3064696850230319
0.34672365854670717
0.3577623770593852
0.3463501680707143
0.420093787608416
0.2554571108436735
0.4492675436776359
0.23819355106444798
0.4507615055816078
0.2526559322737271
0.42171224633771826
0.21783832012283694
0.44972403203718303
0.1539195750508362
0.5266215711499357
0.15911731750840366
0.5404407187616717
0.16539403245217252
0.5345478690293396
0.10091505166618248
0.5026766817446158
0.09693115325559203
0.5111009669253435
0.11896709133917088
0.5845540938706064
0.16235423496700846
0.6111549155496534
0.18771008839274608
0.6355562933145206
0.18961903971448738
0.6486284599742703
0.22703033572643905
0.6170892642237622
0.24365066190812146
0.6830725816491682
0.24435614391833022
0.747976926588372
0.2551769929866788
0.7625845540938706
0.23232145080300465
0.7827945387392617
0.1664937544092627
0.8008465784122503
0.11706851475287383
0.8199775905714403
0.06462422708220948
0.8170726646470515
0.029941486492094497
0.78818940117027
0.0
0.7590156451010497
0.02593683861061555
0.7367722123085858
0.05281777814665728
0.7303813752749302
0.07292401543760642
0.7598871228783667
0.07677304228742174
0.7891853757729174
0.07090094202597841
0.7585591567415032
0.10874797692658841
0.7217910943270945
0.16039340996804588
0.7110428684068555
0.2073598373241484
0.7715898244594763
0.22033863136490012
0.8382371249533138
0.22487239075403584
0.8509773000788479
0.23710420384280206
0.8457069344731707
0.25823753994273163
0.8248744657011248
0.2922147985226378
0.805037971531726
0.3115533053907127
0.8023820392579988
0.33832012283686774
0.8385276175457526
0.36299124372328495
0.8666639000705484
0.3846433165954269
0.8625140058928498
0.394509690002905
0.8591525916089141
0.38425945138398976
0.852637257749927
0.37225588247499697
0.8487778561646678
0.3668921442503215
0.8494418392330997
0.3688737187201728
0.8407685604017099
0.4029028509773001
0.7918413080466449
0.4344109225214757
0.7396771382329745
0.4778084408847577
0.6824915964642901
0.5128231730090883
0.6314893970203757
0.555587832510271
0.5967962816948168
0.5831431298501887
0.5877495123874342
0.6120471427978588
0.5823131510146491
0.660953645682035
0.5650495912354235
0.7176412001493961
0.5424741669087438
0.739967630825414
0.5606092044652862
0.7456011121716397
0.6701249118147488
0.744179773415778
0.7023695895754658
0.7441590239448896
0.6846910403784704