0000001000
0.32201112236670726
0.2479171404353849
0.3365446238448657
0.28049864588286344
0.35455128072605496
0.30232990841619983
0.37888404209133575
0.3444212441338818
0.39974364805358586
0.4678009551177358
0.424717289284902
0.5507432139091606
0.43588100308035804
0.5272580678505717
0.41837051125674474
0.4588699840813712
0.4008393458890658
0.45142750821773375
0.42078931591242674
0.5194848152818837
0.42657790825081143
0.5109673151268322
0.41380165801823393
0.4405118769510656
0.3483698910504229
0.37890471563540146
0.34758429637592764
0.3442558557813567
0.42653656116268013
0.31134357362882725
0.49469723594715836
0.2504806598995263
0.49465588885902706
0.18928696946517534
0.43513675549399417
0.12958177420355155
0.3791527981641892
0.1050216038535487
0.35217382315850415
0.09642140952223448
0.34952760951809975
0.08095759856112128
0.2846333546959955
0.09509830270203215
0.2996423476876641
0.08434805978788938
0.3312108494759257
0.09336172500051686
0.33261665047239053
0.09518099687829486
0.3238097207004197
0.05168386016414796
0.30993777263236233
0.034235388972731595
0.39341754356949415
0.024477476173740475
0.42109941907341175
0.038535486138388704
0.3806412933369168
0.019267743069194408
0.32279671704120244
0.003721237931818648
0.4878336193173595
0.0
0.6532633189307641
0.06441876330859396
0.6370552603832874
0.15893820677678777
0.5526658535072668
0.21376444563891592
0.6134047259721735
0.2854602964586219
0.7320501953649914
0.3203572388414547
0.7684149593764859
0.33424986045357763
0.7565276715387317
0.3885799342581299
0.7089991937317816
0.4062764879783338
0.5945711273283579
0.37261995823944105
0.35171900518905946
0.3431808314899424
0.2661098592131649
0.3124185979202414
0.2632362365880383
0.2963759277252899
0.28713485352794027
0.425130760166215
0.29178640094271374
0.5274234562030966
0.2920551570155671
0.6431126087945256
0.298009137706477
0.6241756424303818
0.4160964214095221
0.5880382874036096
0.5279196212606727
0.5869632631121952
0.5935167765810091
0.5498335779702714
0.5687498707903496
0.5534721217258274
0.5070186682102914
0.5139443054722872
0.43645986231419637
0.5766264910793659
0.3464265779082509
0.5702590395071424
0.2227160902193464
0.5060883587273364
0.15862810361580287
0.4545698869157139
0.10433937689938179
0.4081784540323745
0.1484567199354985
0.486903309834405
0.25515288085836557
0.5502470488515848
0.335552293729714
0.40925347832378905
0.3942031382439892
0.3026606851212503
0.4732794442951353
0.21392983399144128
0.5468565876248166
0.2244319943767962
0.6641582766533666
0.267267577680842
0.7469351470922659
0.2723946166091253
0.75191747121209
0.32879204482024366
0.7335386905377187
0.5950672923859337
0.720307622335697
0.68214425999049
0.7208244609373384
0.6794153521738231
0.7341382233156228
0.5325504951313803
0.8046970292117177
0.2797543982965
0.849083128320688
0.26883876702983184
0.9151557751545345
0.35401376858034783
0.9649996898968387
0.4939323148167291
0.9599346716007525
0.537429451530876
0.9504248413305492
0.5294908106096627
0.961547208037874
0.5168386016414794
0.9916478881974734
0.4960823633995575
1.0
0.5176655434041055
0.9887949391164125
0.5361063447106738
0.9509416799321907
0.5645531413450209
0.9074238696739781
0.5673647433379503
0.8701494697235945
0.507411465547539
0.8345289532984639
0.4812801058485457
0.7849331210849472
0.5841516611192653
0.7423869673978208
0.6380682640425047
0.6826817721361972
0.6233487006677556
0.6073060304728041
0.6573360071116993
0.5415228132558764
0.6701536044324079