0000001000
0.9747662025700228
0.762517782597542
0.9336038620303647
0.7592527810816485
0.9195643555120224
0.7640103547190933
0.9220830709671405
0.7631707829007207
0.9193544625574291
0.7612117819911846
0.9166491755871174
0.7641036404766904
0.9179318547540757
0.7673686419925841
0.9558758366566384
0.76624921290142
0.9631288043098021
0.7571072086569187
0.960773338930479
0.7633573544159142
1.0
0.7570139228993207
0.9867301009818326
0.7488047762307889
0.9421861517292848
0.7456330604724928
0.918678140814851
0.7428344877445839
0.9196809627090187
0.7364910562279906
0.8832062314886076
0.7372373422887659
0.8855150539891321
0.7366776277431847
0.890529163459969
0.7195130483453441
0.8867044473984937
0.7123300450103783
0.9025630261899765
0.7071060425849482
0.9044753842207144
0.6989901816740128
0.8841390890645774
0.6904078919750927
0.8542410037547519
0.6836913174281114
0.7565008512325383
0.6762284568203549
0.5581520091420042
0.6714708831829096
0.5244991720889014
0.6540264465122785
0.4863219757923458
0.5117656661769167
0.42473005433895394
0.3834044637235007
0.3327502973483524
0.30914900067632173
0.24009421861517316
0.27043541127358384
0.1460388535180392
0.20410923762214594
0.16087128897595562
0.15000349821591002
0.12985377457496675
0.1078383357820843
0.06812192448517916
0.07724060729028198
0.06504349448447962
0.06446045849949837
0.15499428624734707
0.052613167284684764
0.5552601506564986
0.04608316425289765
0.7680682851745612
0.5006646610228784
0.7714032510086521
0.828470813218592
0.7458196319876862
0.8429301056461201
0.6679260243942258
0.42463676858135646
0.44723524335922027
0.0217355815200914
0.44000559714545595
0.0
0.4646330371510529
0.036381445462813765
0.3816786772079573
0.08563632547400836
0.32321182863406334
0.11716691154178017
0.3410527297744816
0.12686863033186396
0.27934420112409325
0.24431539914643546
0.24716061475314252
0.32612700855896815
0.2592177989225494
0.346836446745493
0.3030621049931202
0.3687585997807787
0.3521770563679189
0.3362951561370368
0.3495883765946033
0.2986077100678654
0.2989108887800555
0.27398027006226827
0.3008932111289908
0.254670118239698
0.2547634039972947
0.24123696914573547
0.2228829963385341
0.2240723897478953
0.21364770633643498
0.21828867277688369
0.21784556542829814
0.21194524126029074
0.22775717717297508
0.19478066186245024
0.272790876652907
0.18955665943702021
0.2674969099092796
0.18479908579957566
0.3109913943888616
0.17089950791762853
0.33589869166724956
0.1639030760978568
0.32076307749714317
0.1616642179155296
0.33372979780312045
0.14683178245761325
0.28239930968539373
0.14552578185125564
0.23549989505352267
0.14067492245621396
0.23470696611394853
0.12929406002938498
0.23470696611394853
0.12500291517992487
0.2636022295296065
0.11940576972410752
0.29135474241470183
0.1091443363884418
0.3075398213577742
0.10261433335665468
0.348492268942839
0.092446185778586
0.35975652417267195
0.08069218032136936
0.40569975978917416
0.0706173185008979
0.4331024510832808
0.05643788334615999
0.46920403927330406
0.048228736677627705
0.4723990764709999
0.041698733645840584
0.4888406912474639
0.03899344667552878
0.46607896639380575
0.036847874250798725
0.5453718603512209
0.027426012733505888
0.6855570325800507
0.023134867884045784
0.5554000792928938
0.012407005760395521
0.5342708551971829
0.02574686909676046
0.6093658900627348
0.04076587606987108
0.5160101681475783
0.11101005154038106
0.4997084820075096
0.20756081065323317
0.4924321929149468
0.04785559364723995
0.5017607686746427
0.0120338627300076