0000001000
0.7414664796306039
0.5913846513530892
0.751621953357882
0.4560757496054708
0.77067625226489
0.42264305336372676
0.8202115845461455
0.5020749313226959
0.8326173359050794
0.6095037699456428
0.8278245367935004
0.6390203986206092
0.8285697586065817
0.6378514232275408
0.8926442223391201
0.6584253901455375
0.9084253901455375
0.6816295516979369
0.8717341749956165
0.6774212402828922
0.7922000116897541
0.6792331521421475
0.7506575486586007
0.7438190426091533
0.7377695949500264
0.7953124086737978
0.7561225086211937
0.8043719679700746
0.727424162721375
0.7884154538546966
0.7000993629084108
0.7485533929510783
0.6985504705125959
0.721374715062248
0.6588929803027648
0.7016774796890524
0.6417090420246654
0.6758431235022502
0.6349143725524578
0.6597697118475658
0.6130545327020869
0.6840844000233796
0.6623414577123153
0.7312525571336725
0.6283681103512772
0.7713484131159036
0.6044771757554505
0.8119703080250162
0.5615027178677888
0.8444093751826528
0.5438365772400493
0.8531182418610089
0.517549243088433
0.8615933134607515
0.5079051960956222
0.8712373604535628
0.534645508212052
0.8692501022853466
0.5364281956864809
0.8542872172540772
0.5368665614588813
0.8272254369045533
0.5295604652522065
0.8066514699865569
0.5294581799053131
0.796715179145479
0.4624466654976913
0.7619966099713602
0.4170027470921738
0.6183295341633059
0.26651177742708515
0.5572505698755043
0.1209305044128822
0.5395405926705242
0.045370857443450804
0.4480098193933018
0.03790402712022911
0.37646852533754177
0.012128119703080266
0.3883336255771817
0.0
0.35934303582909594
0.06974399438891814
0.35332281255479586
0.1206820971418552
0.35303056870652855
0.13098369279326683
0.3281898416038344
0.26743234554912615
0.3934186685370273
0.43535566076334087
0.6387281547723423
0.42271611432579353
0.6654976912735988
0.3160324975159273
0.45087380910631836
0.17036355134724424
0.32479981296393706
0.1535010813022387
0.36524636156408896
0.1799199251855748
0.440703723186627
0.19568648079957918
0.59793091355427
0.21231515576597118
0.8002805540943365
0.2504383657724005
0.9441229762113512
0.3413554269682623
0.9846864223508095
0.4313665322344965
1.0
0.44637325384300675
0.9998246536910402
0.47323046349874337
0.9815301887895262
0.4911157870126834
0.9473961073119411
0.5137646852533754
0.9025074522181307
0.5382839441229762
0.8557484364954119
0.5841954526857212
0.8361680986615229
0.6456835583610966
0.8106259863229883
0.6987696533987959
0.8091647670816529
0.7260067800572798
0.8259395639721783
0.7239464609269977
0.833947045414694
0.6905722134549069
0.8315506458589048
0.6647816938453446
0.813022385878777
0.6678064176749081
0.7764919048454028
0.7047022035186161
0.7888830440119238
0.7513735460868548
0.8440002337950789
0.789642878017418
0.8570343094277865
0.8264948272838858
0.8257642176632185
0.8553977438774915
0.7604769419603716
0.8704775264480684
0.660412648313753
0.8681395756619324
0.5767724589397394
0.8541849319071835
0.5438073528552224
0.825413525045298
0.534630896019639
0.7929160091180081
0.5438073528552224
0.7761704366123093
0.5559646969431292
0.7607984101934655
0.5677713484131159
0.7433368402595125
0.6034835466713426
0.7230258928049565
0.6375007306096208
0.712592787421825
0.654392425039453
0.7106201414460226
0.6344613945876443
0.7047314279034427
0.5580104038809983
0.68138114442691
0.4595826757846749
0.6320942194166813
0.4016014962885029
0.5985446256356304
0.3693377754398271
0.5917061195861829
0.34233444385995676