0000001000
0.7702554243339742
0.7391513320516342
0.7397349629222741
0.46752265861027187
0.7738602032408681
0.3181818181818183
0.7931371875858281
0.29957429277670944
0.7279250205987364
0.45200494369678645
0.7225350178522387
0.8089123867069491
0.7039274924471299
0.8152293326009342
0.7082532271354024
0.7373661082120296
0.7704442460862403
0.6847020049436968
0.8139934084042842
0.6855946168634991
0.830781378742104
0.7796621807195827
0.7461034056577863
0.7546690469651195
0.7275473770942047
0.6044355946168637
0.7767440263663828
0.4399203515517712
0.8116245536940403
0.35237572095578135
0.7773448228508654
0.28179071683603385
0.7027087338643231
0.19678659708871202
0.7077897555616591
0.16279868168085707
0.7355808843724252
0.09447953858829988
0.6680170282889317
0.05273276572370241
0.5630149684152704
0.08356220818456478
0.5166506454270805
0.07539137599560572
0.526108898654216
0.11391101345784133
0.5650233452348256
0.1749519362812415
0.6474869541334799
0.26002471848393294
0.7274272177973087
0.35319967042021433
0.70305204614117
0.23798407031035448
0.6170008239494645
0.18531996704202156
0.5338677561109587
0.26881351277121684
0.43083974182916795
0.347363361713815
0.4181371875858281
0.4699258445482009
0.38063032134029107
0.44918978302664075
0.36348187311178254
0.49897006316945913
0.35247871463883557
0.3520324086789343
0.3649924471299096
0.26785223839604494
0.5680273276572372
0.29435594616863514
0.6154902499313374
0.3928179071683604
0.4888423510024718
0.31495468277945604
0.2684873661082122
0.1082806921175502
0.19184290030211493
0.045935182642131235
0.24517646251029931
0.0
0.26968895907717666
0.06756385608349341
0.24622356495468273
0.08253227135402366
0.21963402911288116
0.12057127162867357
0.24325391375995611
0.18827245262290593
0.29735992859104654
0.15387256248283449
0.2546518813512772
0.44918978302664125
0.24860958527876964
0.5933809393023891
0.2523688547102445
0.565229332600934
0.3218724251579235
0.4877094204888765
0.34938890414721224
0.6676737160120847
0.3747081845646801
0.807195825322714
0.35385196374622363
0.8127574842076349
0.414807058500412
0.7112743751716561
0.46189233726998075
0.6457703927492449
0.4825769019500138
0.5543806646525679
0.5403563581433674
0.5619335347432028
0.5445276023070587
0.6189233726998079
0.4931680856907441
0.638148860203241
0.4880698983795661
0.5120159296896454
0.482782889316122
0.42852238396045056
0.4526229057951112
0.4029799505630323
0.436521560010986
0.4358692666849768
0.42392199945070036
0.5155177149134852
0.37728302664103264
0.4507690195001373
0.3819692392199947
0.5204614117000821
0.4288141993957704
0.364528975556166
0.46824361439165074
0.26016204339467186
0.5234997253501785
0.3490799230980501
0.4870227959351826
0.4568799780280145
0.31019980774512496
0.4187036528426258
0.20063169458939856
0.35587750617962105
0.2686761878604779
0.33788794287283724
0.3843037627025543
0.3166712441636915
0.5307264487778085
0.37427904421862146
0.5512393573194179
0.5341939027739633
0.47658610271903334
0.6236610821202963
0.39805341939027733
0.6414446580609718
0.44386844273551246
0.6793463334248834
0.5162901675363911
0.7266547651744029
0.5528700906344411
0.790030211480363
0.666369129360066
0.8439302389453451
0.6987606426805824
0.7517165613842354
0.6250858280692119
0.8603405657786322
0.5683191430925569
0.9460999725350177
0.5030898104916234
0.9210381763251853
0.527516478989289
1.0
0.5813993408404283
0.8365833562208189
0.48683397418291696
0.6443284811864873
0.43780898104916244
0.5252677835759405