0000001000
0.9919445307959507
1.0
0.380188411477692
0.4626623596037144
0.3038506764701907
0.39319069566275144
0.31393352886317866
0.40135429197021055
0.31424439428548245
0.39843486017813917
0.3143930690526714
0.3960020003514131
0.3142038466217038
0.39432603024855695
0.31358211577709594
0.39389352183491705
0.31319015502723446
0.3964345087650532
0.313325313906497
0.39843486017813917
0.3124738129671428
0.3984889237298444
0.31143308959682103
0.3942179031451469
0.311960209225945
0.3909200264911401
0.31168989146741993
0.38800059469906845
0.31285225782907794
0.3864327516996229
0.31263600362225785
0.3827564301836807
0.31263600362225785
0.3901631367672697
0.3130685120358982
0.40784191817481447
0.31237920175165906
0.4781785989430576
0.31177098679497744
0.5235379188235769
0.31005446902834277
0.5554354143295445
0.3071350372362711
0.6151215754118967
0.3065944017192209
0.6369091867490235
0.29156473434522273
0.6625893738089124
0.2402584237771499
0.6875667346966361
0.19295281603524936
0.6628056280157327
0.15278359711841266
0.6361522970251531
0.1661778420533337
0.647884087745144
0.18130212064281567
0.6647519158771134
0.15670320461702728
0.6601024504304807
0.13657804749483016
0.6537229513292871
0.13930825685593418
0.656912700879884
0.15613553732412452
0.6619946747401573
0.1840999094435508
0.6832957141119381
0.21611904794085446
0.7108140619297982
0.2575317285469069
0.7313041480260043
0.3580088393907037
0.7277900171651772
0.3473312879289605
0.7607687837052456
0.19552083474123824
0.820022436373957
0.15671672050495358
0.8026680362766426
0.19183099733737
0.6902158487301822
0.1759227972481652
0.6004703528998334
0.1760985037912064
0.5947936799708058
0.19862948896427743
0.5209428683417356
0.1857218159947017
0.3814589049427602
0.19949450579155797
0.6056604538635164
0.1928446889318393
0.7372511387135581
0.19845378242123607
0.6977306824171815
0.22517469285144676
0.6369632503007285
0.2270939489369753
0.5758173733223402
0.24074499574249536
0.5178071823428436
0.2460161920337357
0.4774217092191868
0.25100355467852453
0.4637976941895196
0.2496249341100463
0.48266587373457465
0.23090542933217986
0.5242407449957425
0.2333923527106112
0.6529660616054174
0.2319596685904279
0.6960547123143253
0.24765161447281275
0.6636706448430132
0.26028896968386334
0.6049035641396461
0.26170813791612035
0.5510022030897319
0.2602754537959371
0.4922891859380704
0.2626001865192533
0.45179558571100337
0.26195142389879306
0.4021652452457865
0.2638841958722479
0.32690878127238576
0.2628164407260734
0.22159298255098867
0.2620460351142769
0.18531633935691408
0.2607349939854298
0.3277737980996661
0.25923473042561523
0.33582926730371554
0.2566126481679215
0.30209361103977733
0.24939516401529985
0.2595455958479191
0.23736602376093094
0.22045764796518297
0.2201602984308054
0.18072093746198659
0.1973995431629879
0.12703583061889256
0.16978658412964445
0.05356346385175782
0.13956505872653302
0.03680376282319873
0.10819468284968983
0.03588468244421318
0.07808128454998857
0.0326949328936165
0.0492654114912079
0.028802357170854404
0.02272020760403847
0.024315082379336883
0.005190100963682852
0.021503777690675414
0.0
0.023233811345236347
0.005730736480733095
0.027991403895278967
0.02107126927703518
0.0338843310311271
0.038371605822644574
0.040209766580615515
0.05379323394650415
0.07454012191330901
0.07013394244934923
0.18358630570235324
0.07627015556787003
0.17207076918918182
0.066025112519767
0.050914349818211295
0.16847554300079748
0.14076797275196992
0.9684268858042627
0.9640477381161556