0000001000
0.6245553539019963
0.5445009074410162
0.6293194192377493
0.5495462794918329
0.6308348457350269
0.5534301270417421
0.6233938294010889
0.5504537205081667
0.6308439201451905
0.5592377495462793
0.6403266787658801
0.548638838475499
0.5617513611615244
0.5040653357531761
0.4528856624319419
0.4913611615245009
0.3508529945553538
0.4418874773139746
0.24798548094373865
0.4185480943738657
0.20446460980036296
0.41038112522686016
0.19008166969147
0.3690381125226861
0.17068058076225046
0.37288566243194193
0.1576315789473684
0.33125226860254064
0.14837568058076225
0.2658076225045371
0.15284029038112526
0.25208711433756803
0.19213248638838476
0.262431941923775
0.23070780399274043
0.20395644283121603
0.26975499092558985
0.1135390199637023
0.2998366606170598
0.05618874773139748
0.3484301270417422
0.1078039927404718
0.39768602540834835
0.09970961887477321
0.4083484573502721
0.09557168784029038
0.42312159709618863
0.10344827586206903
0.4370326678765879
0.11655172413793098
0.42215970961887467
0.21241379310344827
0.3738475499092559
0.2814156079854809
0.33253176043557164
0.3139382940108892
0.29590744101633387
0.38740471869328497
0.24564428312159703
0.22399274047186943
0.21521778584392007
0.11441016333938295
0.17676950998185118
0.059237749546279514
0.14576225045372052
0.0
0.13752268602540832
0.04566243194192381
0.13480036297640652
0.07161524500907449
0.12973684210526315
0.15310344827586206
0.1302903811252269
0.17691470054446454
0.12986388384754993
0.1338294010889292
0.16855716878402902
0.14203266787658803
0.20621597096188754
0.16555353901996372
0.2218965517241379
0.20591651542649733
0.2907168784029038
0.2468965517241378
0.35164246823956435
0.2812341197822142
0.36690562613430117
0.3282395644283122
0.39573502722323034
0.3784029038112523
0.4180399274047186
0.43045372050816677
0.42496370235934655
0.6376769509981851
0.4244373865698728
0.7470780399274043
0.45819419237749537
0.7981488203266782
0.47301270417422864
0.9200725952813062
0.4406805807622503
0.814954627949183
0.40988203266787643
0.7578947368421048
0.37858439201451904
0.755172413793103
0.37858439201451904
0.7684936479128854
0.37460072595281296
0.7139382940108892
0.36379310344827576
0.6912885662431938
0.35177858439201437
0.6387658802177858
0.3578765880217786
0.6592740471869327
0.42417422867513604
0.7051542649727767
0.48559891107078024
0.6845009074410162
0.5433030852994554
0.6241742286751358
0.5899455535390198
0.5249727767695097
0.5991379310344828
0.5440653357531761
0.6013883847549909
0.5505263157894735
0.6022323049001815
0.5198548094373866
0.6314609800362974
0.5144101633393827
0.6457985480943738
0.4836660617059891
0.6477767695099818
0.4930671506352087
0.6489745916515426
0.5793829401088928
0.6534392014519053
0.5880580762250454
0.6524319419237748
0.5158620689655169
0.6413430127041739
0.4558983666061706
0.6473593466424682
0.43571687840290385
0.6631488203266787
0.44381125226860246
0.6733938294010888
0.46569872958257696
0.6760889292196006
0.4765880217785842
0.6784845735027222
0.4723774954627949
0.6745916515426497
0.44627949183303084
0.6602903811252268
0.4385480943738656
0.6432395644283121
0.4891833030852994
0.6232849364791289
0.7560435571687841
0.6124682395644283
0.9237749546279485
0.5928402903811251
0.9720508166969145
0.573185117967332
0.9899818511796731
0.5802631578947367
1.0
0.6299818511796733
0.9976043557168781
0.6543103448275861
0.9837386569872956
0.652540834845735
0.9696914700544464
0.6482577132486385
0.9492196007259526
0.6583666061705988
0.9509618874773138