0000001000
0.6802976952624842
0.3372279129321384
0.7057658450704227
0.386043533930858
0.6900408130601793
0.39332586427656846
0.6271206786171574
0.37395966709346984
0.6386043533930857
0.3753201024327785
0.6873999679897569
0.3794814340588987
0.6957026248399486
0.3485115236875798
0.7631241997439181
0.35363316261203576
0.8173615556978233
0.3609955185659411
0.8572543213828426
0.3613956466069142
0.8527928937259924
0.4235755441741358
0.8131802176696543
0.5701824583866838
0.8680977912932138
0.6410051216389246
0.8565540973111394
0.5908290653008963
0.788632362355954
0.4562259923175416
0.7672255121638927
0.32882522407170284
0.7690260883482716
0.26576504481434055
0.8160811459667096
0.18061779769526246
0.8647967349551858
0.10083226632522407
0.887083866837388
0.048095390524968
0.8046374839948784
0.05057618437900129
0.7179897567221513
0.1056338028169014
0.679897567221511
0.1502080665813061
0.6180977912932137
0.1666133162612036
0.5140044814340589
0.1402048655569782
0.46694942381562093
0.17461587708066575
0.4604873559539053
0.41741357234314974
0.5080625800256082
0.49519846350832275
0.5981914212548016
0.5023207426376438
0.6006722151088347
0.4971991037131883
0.6405049615877081
0.48863636363636365
0.6775968309859155
0.5034411011523687
0.5917893725992317
0.4777528809218949
0.5643205825864277
0.4070102432778486
0.597811299615877
0.2869718309859154
0.6296214788732395
0.16029129321382846
0.6653529129321384
0.2095870678617157
0.6451464468629962
0.3621158770806659
0.6852792893725993
0.37740076824583874
0.7608434699103714
0.4714308578745196
0.7822303137003841
0.4155729833546734
0.7396967029449425
0.4627080665813058
0.7562019846350831
0.6332426376440458
0.8430297695262484
0.6883802816901408
0.8586747759282971
0.7759282970550573
0.8514724711907814
0.8880441741357235
0.764524647887324
1.0
0.6040733034571063
0.935979513444302
0.4433418693982074
0.7805697823303457
0.45210467349551864
0.5881081946222791
0.4599671895006402
0.5202464788732394
0.4340388924455826
0.48263444302176683
0.4261563700384124
0.5641805377720871
0.5144246158770805
0.5759443021766966
0.5402728873239436
0.2755281690140845
0.5297895326504481
0.3517125480153648
0.619718309859155
0.44006081946222797
0.6676136363636362
0.464628681177977
0.671875
0.5267285531370038
0.6834387003841229
0.5544974391805378
0.6388644366197184
0.48799615877080665
0.5911091549295775
0.459507042253521
0.5350912291933418
0.47511203585147244
0.5259683098591549
0.49175736235595374
0.5188660371318822
0.5246478873239437
0.479493437900128
0.5844270166453265
0.43489916773367476
0.5953905249679897
0.4124719910371319
0.5016805377720869
0.43643966069142126
0.4146126760563381
0.4372999359795134
0.32066261203585156
0.4424415813060179
0.21854993597951344
0.44268165813060173
0.11627720870678616
0.42533610755441736
0.059699103713188206
0.3955065620998719
0.06434058898847633
0.3756201984635083
0.08970870678617163
0.35543373879641493
0.09803137003841231
0.3471510883482714
0.1314020486555698
0.3753201024327784
0.17525608194622283
0.3914052496798975
0.21278809218950068
0.3723791613316262
0.22591229193341883
0.3381682138284251
0.236875800256082
0.31572103072983365
0.23383482714468634
0.2925136043533932
0.19062099871959032
0.28251040332906535
0.0794654289372599
0.2863716389244559
0.0028809218950064264
0.3179617477592829
0.004641485275288087
0.36897807298335467
0.013364276568501926
0.43317861715749045
0.015204865556978244
0.5011603713188221
0.009042893725992318
0.5732234314980792
0.0