0000001000
0.18071895424836612
1.0
0.17578068264342786
0.8838053740014528
0.17846768336964425
0.5979665940450253
0.21092955700798832
0.34771241830065375
0.2359477124183008
0.010748002904865677
0.24382716049382722
0.02933914306463328
0.249854756717502
0.02556281771968035
0.25718954248366027
0.019898329702251295
0.2796659404502543
0.027160493827160445
0.2877269426289035
0.0
0.28373275236020346
0.1006535947712419
0.31506899055918675
0.26390704429920114
0.3586782861292669
0.26158315177923025
0.41111111111111115
0.3023965141612202
0.46681190994916527
0.25925925925925947
0.49891067538126377
0.24575163398692823
0.6945533769063184
0.27843137254901973
0.6857298474945536
0.2845315904139435
0.6483660130718958
0.2997821350762529
0.6779230210602762
0.30370370370370386
0.6900508351488746
0.32200435729847504
0.5773420479302835
0.3737109658678288
0.562817719680465
0.3384168482207698
0.5012345679012347
0.3163398692810458
0.48333333333333334
0.3196804647785041
0.48456790123456805
0.3164851125635441
0.44030501089324636
0.3028322440087145
0.44066811909949194
0.3114015976761074
0.5209513435003635
0.3663035584604211
0.4788671023965143
0.26085693536673943
0.506499636891794
0.2158315177923021
0.45384894698620215
0.25098039215686263
0.5539941902687004
0.26840958605664494
0.6433914306463331
0.2610021786492375
0.589760348583878
0.24197530864197525
0.5586056644880177
0.383297022512709
0.5427015250544664
0.36397966594045006
0.5180464778503997
0.21612200435729836
0.4571895424836604
0.26579520697167763
0.5183732752360205
0.3087872185911403
0.5358387799564274
0.3150326797385622
0.5681917211328978
0.3668845315904141
0.6454974582425568
0.33260711692084255
0.5724400871459698
0.2826434277414671
0.5338053740014527
0.23761801016702985
0.5350036310820626
0.28700072621641254
0.5157225853304287
0.38169934640522896
0.4841321713870735
0.44284676833696474
0.4558460421205521
0.39143064633260716
0.44756717501815557
0.2689905591866377
0.47552650689905607
0.23369644153957875
0.526180101670298
0.2932461873638344
0.5506172839506175
0.26463326071169235
0.5516339869281048
0.2553376906318084
0.5380537400145247
0.21684822076978955
0.5107843137254905
0.26376180101670305
0.386165577342048
0.3498910675381267
0.28892519970951347
0.2746550472040669
0.289288307915759
0.27755991285403037
0.25475671750181555
0.2782861292665215
0.2935003631082064
0.2807552650689907
0.3323892519970953
0.22033405954974597
0.3409586056644882
0.07523602033405957
0.3766158315177925
0.03253449527959333
0.6584241103848949
0.12156862745098046
0.8815177923021063
0.17356572258533046
0.7651416122004361
0.30980392156862774
0.5438634713144521
0.4151053013798111
0.4138707334785768
0.6955700798838055
0.3736383442265797
0.6570806100217865
0.32875816993464063
0.554974582425563
0.371387073347858
0.31822803195352234
0.38863471314451725
0.4030501089324622
0.27886710239651413
0.47959331880900485
0.2773783587509079
0.5286855482933914
0.25588235294117656
0.6299201161946263
0.21013071895424845
0.6671023965141613
0.14553376906318088
0.6933914306463328
0.10010893246187365
0.7115468409586061
0.09088598402323894
0.7747276688453164
0.10003631082062463
0.7516339869281048
0.10181554103122732
0.7331880900508353
0.06049382716049386
0.6755265068990561
0.023347857661583107
0.6217864923747277
0.014342774146695709
0.5478576615831522
0.015758896151053005
0.5048656499636893
0.009912854030501052
0.4813362381989834
0.023129992737835895
0.3953522149600582
0.024872912127814107
0.26085693536673943
0.026579520697167774
0.018591140159767636