0000001000
0.6523140138408308
1.0
0.7173226643598616
0.9721453287197229
0.6840397923875432
0.38910034602076105
0.6868512110726647
0.2519896193771625
0.6010380622837371
0.15882352941176456
0.4087586505190311
0.06652249134948043
0.43347750865051926
0.0
0.30754757785467146
0.13157439446366753
0.2709558823529414
0.17958477508650517
0.27861159169550176
0.24749134948096846
0.25508217993079574
0.379584775086505
0.3272058823529412
0.5590830449826988
0.3528546712802768
0.6184256055363319
0.35114619377162615
0.5537197231833908
0.33386678200692027
0.5425605536332175
0.3601859861591695
0.45328719723183414
0.3874351211072665
0.470415224913495
0.37971453287197227
0.39074394463667833
0.4014489619377165
0.2545847750865054
0.41991782006920425
0.3102076124567476
0.38057958477508663
0.5070069204152244
0.354584775086505
0.48036332179930796
0.3235510380622836
0.4519896193771628
0.2550605536332182
0.5077854671280275
0.2951773356401384
0.5237889273356393
0.3324610726643597
0.5731833910034606
0.32316176470588254
0.5625432525951551
0.3980968858131489
0.5686851211072665
0.3278762975778547
0.51340830449827
0.2408088235294117
0.5960207612456745
0.3025951557093426
0.5230103806228369
0.3455882352941178
0.6286332179930796
0.3599048442906574
0.694982698961938
0.3967344290657442
0.71219723183391
0.4777465397923874
0.7243944636678193
0.48672145328719707
0.7870242214532868
0.5068122837370247
0.7106401384083041
0.46384083044982716
0.7572664359861591
0.44684256055363325
0.7213667820069207
0.3672577854671277
0.692301038062284
0.29342560553633174
0.7522491349480962
0.21730103806228385
0.8098615916955016
0.15785034602076126
0.8038062283737026
0.13531574394463655
0.8240484429065742
0.15960207612456748
0.8469723183391001
0.1464100346020763
0.6901384083044976
0.16909602076124583
0.7559688581314878
0.1634083044982699
0.780449826989619
0.19522058823529392
0.787716262975779
0.1905493079584775
0.8750000000000001
0.1310337370242215
0.9493079584775087
0.1495458477508652
0.8907439446366783
0.15549307958477526
0.8064878892733566
0.12305363321799327
0.7532871972318338
0.19610726643598628
0.7044117647058823
0.21604671280276827
0.727768166089965
0.2335640138408304
0.6425605536332181
0.25490916955017306
0.7042387543252595
0.29063581314878884
0.7475778546712805
0.3188797577854671
0.6035467128027685
0.32776816608996523
0.5098615916955013
0.22861159169550183
0.6142733564013838
0.22255622837370267
0.6318339100346021
0.261916089965398
0.593252595155709
0.2601643598615916
0.5812283737024219
0.21416522491349477
0.6699826989619383
0.2241133217993079
0.6230968858131481
0.24253892733564006
0.6676470588235294
0.236029411764706
0.6819204152249135
0.2272707612456747
0.7113321799307961
0.21833910034602072
0.7376297577854665
0.2128676470588235
0.8954152249134949
0.19902681660899652
0.8820934256055365
0.18661332179930779
0.8973183391003464
0.1743079584775085
0.8434256055363323
0.18553200692041522
0.8460207612456749
0.2192041522491349
0.7885813148788929
0.19569636678200675
0.7532006920415224
0.20711505190311416
0.7380622837370244
0.325108131487889
0.7033737024221447
0.3187283737024222
0.6433391003460205
0.26338667820069195
0.620242214532872
0.28832179930795854
0.6478373702422145
0.3299091695501727
0.6692906574394467
0.41939878892733573
0.6782871972318333
0.4593425605536331
0.556228373702422
0.47188581314878925
0.5519896193771621
0.4772923875432525
0.6247404844290655
0.4951124567474047
0.5846020761245676
0.5319204152249136
0.583044982698962