0000001000
0.7112509834775772
0.39352216102806226
0.7292158405455027
0.2757671125098352
0.7521636506687648
0.16810910044584276
0.7675386834513511
0.08326776816155274
0.7895030159979021
0.06713873590348812
0.8241542092840285
0.15801206399160775
0.7707513768686076
0.27209546289011227
0.7331169682664571
0.3535274062418045
0.7279045371098872
0.2682926829268295
0.6788290060319961
0.119590873328088
0.5891030684500395
0.0
0.5329792814057173
0.02884867558353012
0.48092053501180176
0.25596643063204827
0.4341070023603463
0.426042486231314
0.4090938893259899
0.5184893784421717
0.40833988985051173
0.692892735378966
0.4396472593758199
0.828219249934435
0.5215709415158672
0.8962758982428537
0.6477838971938105
0.9029635457644902
0.7033503802779963
0.901652242328875
0.7202334120115398
0.8317597692105955
0.7113821138211385
0.7398373983739842
0.6284093889325993
0.5895620246525045
0.5389129294518751
0.32795698924731126
0.5516325727773409
0.2486231313926045
0.6352609493836875
0.2213480199318125
0.7388539207972727
0.22685549436139524
0.8061237870443217
0.2517702596380805
0.8227445580907421
0.27602937319695725
0.7005966430632043
0.33988985051140824
0.5217020718594285
0.45764489902963573
0.42656700760556
0.603855232100708
0.4456464725937585
0.7411487018095992
0.3579202727511145
0.8200891686336225
0.22544584316810912
0.8372672436401787
0.13427747180697625
0.8166797797010232
0.10811696826645699
0.799108313663782
0.19082743246787312
0.8136637817991085
0.23610018358248125
0.8385785470757925
0.28560188827694727
0.8571990558615268
0.279897718332022
0.8332022029897722
0.23698531340152112
0.7467873065827425
0.2968463152373461
0.7147915027537365
0.4201744033569369
0.9318122213480198
0.5707448203514297
1.0
0.6430959874114871
0.583661159192237
0.6938434303697879
0.34592184631523676
0.7069892473118282
0.31759769210595323
0.667912404930501
0.47547862575399924
0.6798124836087074
0.4462365591397852
0.6106740099659063
0.42145292420666175
0.5385523210070813
0.484788880146866
0.5619263047469184
0.5685811696826647
0.5508457907159716
0.6791240493050092
0.5076055599265672
0.7943876212955677
0.5533372672436401
0.8633621820089166
0.5857920272751116
0.8377917650144245
0.5540257015473382
0.7711775504851824
0.495279307631786
0.673223183844742
0.3851298190401262
0.5099659061106743
0.38526094938368727
0.31182795698924726
0.5055402570154736
0.17230527143981078
0.7037109887227905
0.12837660634670828
0.8073039601363757
0.17178075006556526
0.8351363755573039
0.252688172043011
0.8172370836611597
0.3212693417256755
0.7817335431418828
0.3886703383162863
0.6652570154733807
0.49029635457644877
0.4760031471282455
0.6049042748492003
0.337922895357986
0.6842381327039073
0.3419551534225019
0.7112509834775772
0.24196826645685787
0.6876475216365066
0.23528061893522162
0.7100708103855228
0.27724232887490163
0.7229215840545502
0.24665617623918176
0.741542092840283
0.2614083398898505
0.749409913453973
0.2863886703383163
0.7768161552583267
0.2667519013899816
0.8288749016522422
0.19643325465512726
0.892210857592447
0.21043141883031738
0.858116968266457
0.2649816417519016
0.7158405455022295
0.3050091791240495
0.6750590086546028
0.31320482559664325
0.8269079464988197
0.29625622869131935
0.9141096249672175
0.2840611067400996
0.8813270390768421
0.29369918699187014
0.695253081563074
0.325662208234986
0.5452399685287177
0.33648046157880923
0.31104117492787775
0.4026029373196959
0.13729346970889028
0.470889063729347
0.09454497770784151