0000001000
0.5265845368276967
0.5493009735615744
0.5231547701441117
0.6108829726695275
0.49331733800888966
0.6334609883264892
0.4985465786923823
0.6797859087343696
0.5154647103154463
0.8257124840431258
0.46460265460865297
0.8785585751857151
0.43824112951598787
0.6796628677771109
0.4599117181131669
0.5595748934926715
0.4835971023854564
0.5940263615250927
0.49250219166705134
0.5951337301404206
0.4818745289838356
0.6112520955413032
0.4776911364370414
0.6821236869222841
0.5053445915809227
0.7298635783386394
0.5634968240052908
0.7184207693135853
0.6221412202586937
0.7301096602531568
0.6336455497623772
0.7589627647303094
0.6457343238130394
0.8134699087958907
0.6540857287869699
0.8982451283470989
0.6201725649425553
0.912025715560067
0.5954567126532245
0.9576123902243956
0.5483474061428197
1.0
0.44376259247296956
0.9510912194896879
0.3238591796244175
0.7431520017225735
0.2025561758870484
0.5515157107922299
0.12928528583952392
0.3672003568187758
0.09475691720881596
0.18645319060582294
0.04730924806595013
0.16498254356418898
0.027638075024223774
0.16430581829926633
0.19108260662267934
0.5681877605007767
0.3140005229240685
0.8182685061289776
0.33001122748734996
0.7688060413110009
0.3767821713652934
0.49325581753026054
0.4249988464910256
0.286608529814362
0.4019901874836588
0.26366139128562405
0.43415001768713773
0.34542210738399565
0.4672634153093712
0.45609744843814903
0.44896107291714715
0.5355819068272354
0.3643088943231978
0.6065150186868453
0.3039573047878314
0.6341377135914118
0.24174472077392772
0.6199264830280381
0.19609652563096944
0.6481643827188974
0.15517002722281187
0.6740645042218429
0.0
0.6711730417262647
0.007920761623525422
0.6573924545132958
0.06447346160353132
0.6636675433334872
0.09165013303803511
0.6984266137590551
0.15924575893200454
0.8127931835309679
0.21389132407450132
0.8693920238699459
0.2367308017656377
0.8709300358356783
0.2517264184315355
0.8701302696134977
0.3071409895568988
0.8567188052723049
0.3640012919300513
0.8231901444193238
0.3584336886140974
0.7501038158076866
0.4118180839446932
0.6559774835048218
0.4582199049508606
0.5477629615958409
0.5220166412894691
0.5626509174241375
0.5213706762638614
0.5384733693228132
0.4786600839754534
0.43376551469570435
0.4725387963518357
0.3050646734031591
0.4312431750719022
0.29269905719866507
0.3807502422368844
0.3334256140512773
0.344560820683185
0.34050046909364967
0.4380719481997571
0.25658653624325206
0.49810055522231955
0.24132945754317978
0.5144803826573772
0.3286885371968195
0.5599901567234195
0.48845722019717297
0.5675264153555114
0.48630400344514674
0.5490087512880849
0.3731678432458204
0.5245236007936142
0.29208385241237195
0.5037758193758748
0.2696288777126687
0.4740306679585968
0.2468663006198189
0.47476891370214847
0.17673295498238958
0.5206631907596242
0.15526230794075563
0.5060982174441317
0.14166628216367533
0.4900413725218783
0.12271797474584356
0.4740306679585968
0.15421645980405735
0.4801673357018718
0.20054138021193807
0.5377043633399468
0.2156754179547518
0.5326596840923423
0.2603392854396408
0.5382119072886388
0.27375074978083347
0.5123117857856934
0.2432365923806887
0.5291683969301283
0.2859933250280688
0.5542841323305495
0.2710438487211431
0.5569756532705824
0.2564019748073641
0.5701256555776003
0.2842092311478184
0.5706485796459497
0.2955289992156137
0.5758009197311553
0.2929451391131823
0.5894123256278935
0.32942678294037137
0.5833217982435903
0.31761485104354126
0.5768775281071687
0.2960826835232777