0000001000
0.9120528295285578
0.4320825680048981
0.83715997550949
0.47913933350826565
0.7279804075920582
0.5121140558033761
0.6792836525846233
0.5352925741275256
0.6895609201434446
0.5443015831365341
0.6855156127000785
0.5639814571853407
0.6230648123852007
0.5770139071109942
0.5387256188227062
0.6054403918481583
0.4624333070935014
0.6314178255925826
0.41701653109420084
0.6127000787194959
0.4158794717047141
0.5892591620746961
0.41970611388087115
0.5418525321437945
0.5005466631680223
0.48246304556984165
0.5246654421411702
0.46392023091052215
0.5501618122977345
0.47432869762966845
0.5034986442753432
0.46794367182716695
0.49912533893116423
0.461821044345316
0.5317283302720195
0.42744686434006773
0.5957535205108019
0.36779497944546463
0.5696886206594944
0.2695705414152013
0.5384850870287764
0.19330009621271751
0.5265022303857257
0.26624682935362515
0.565140383101548
0.423510889530307
0.5863071809673753
0.6022041458934664
0.6335826117379516
0.7386512726318545
0.6137278054753784
0.7641039097349774
0.6654421411702964
0.6875710662118429
0.7215735152628353
0.5633691944371555
0.6289906411265632
0.4383801277005157
0.560963876497857
0.376366657920056
0.4710268520948134
0.39211055715910087
0.4606183853756669
0.4270969999125336
0.42670340243155763
0.44563981457185337
0.4081605877722381
0.4290212542639727
0.44699553922854873
0.36928190326248583
0.4596343916732266
0.3027201959240794
0.499387737251815
0.16968424735415
0.6324674188751856
0.1104696929939648
0.70628881308493
0.09490072596868702
0.6065118516574827
0.12096562581999486
0.530132073821394
0.1979357998775473
0.5512114055803374
0.23265984431032974
0.540890404968075
0.314353188139596
0.4140426834601592
0.4476515350301758
0.4144362809411353
0.5319688620659493
0.5003279979008135
0.6762004723169771
0.5800096212717571
0.6580075220851918
0.6411484299833815
0.3973585235721157
0.6037129362372079
0.1972360710224788
0.6404705676550337
0.10889530307006023
0.5812997463482901
0.019417475728155397
0.6225181492171784
0.03813522260124174
0.9120090964751155
0.251027726755882
1.0
0.5733403306218835
0.9588909297647159
0.7058514825505117
0.8322181404705675
0.616198722994839
0.7064856118254177
0.46015918831452807
0.5818682760430333
0.2547013032449926
0.5013557246566956
0.11125688795591719
0.364602466544214
0.04784396046531972
0.287304294585848
0.06472491909385106
0.33527945421149286
0.1409078981894516
0.4786801364471267
0.21884019942272362
0.5377416251202658
0.24927840461821033
0.5580556284439779
0.24464270095338062
0.5254526371031224
0.22505029301145812
0.4246479489197934
0.18822706201346973
0.35441266509227665
0.1259511939123589
0.32758243680573773
0.07539578413364813
0.34586285314440646
0.08195574214991666
0.4695180617510714
0.12735065162249623
0.5660806437505466
0.1759818070497681
0.5929983381439692
0.1652234759030876
0.6387212455173618
0.0995364296335169
0.6962302107933178
0.06454998688008373
0.7108589171695966
0.0648123852007348
0.69043558121228
0.07889442840899143
0.6983075308318029
0.052654596343916754
0.804054054054054
0.0
0.8473497769614271
0.012070322749934467
0.8508265547100495
0.0887780984868364
0.830665617073384
0.14729292399195304
0.7825811248141343
0.14221988979270533
0.7765678299658878
0.08904049680748692
0.7243286976296683
0.044695180617510745
0.5953599230298259
0.06262573252864492
0.5966500481063588
0.11501793055191092
0.7514869238170209
0.21149304644450267
0.8000524796641302
0.3307093501268258
0.8008615411528032
0.4321700341117817