0000001000
0.24147216105693606
0.42045926391947136
0.22453601761560232
0.39650204466813466
0.23770997168921046
0.3717898710286255
0.2740861906259831
0.40732305756527193
0.2850833595470274
0.3997231833910033
0.3010758100031455
0.41784208870714024
0.3211953444479395
0.4227744573765333
0.3390751808744889
0.42664988990248504
0.3586410821012897
0.45684806542938045
0.329701163888015
0.4434098773199117
0.2988738597043094
0.474212016357345
0.301289713746461
0.487146901541365
0.3245297263290342
0.460371185907518
0.3294998427178358
0.4704372444164831
0.3461214218307643
0.4730544196288141
0.3701163888015099
0.45639509279647694
0.3590688895879207
0.4310789556464298
0.3393519974834854
0.40390059767222397
0.3506511481597986
0.37329977980497026
0.35453916325888635
0.39740798993394133
0.3385089650833594
0.4237307329348849
0.35026108839257625
0.43178357974205733
0.3860207612456747
0.38814721610569347
0.3253098458634791
0.353620635419943
0.23175841459578467
0.29694872601447
0.18389430638565576
0.24485687323057564
0.12530984586347904
0.25034287511796144
0.10444793960364897
0.2734948096885813
0.11335640138408297
0.2315696759987416
0.15455174583202244
0.2958917898710286
0.18644856873230573
0.34023277760301973
0.23146901541365203
0.275860333438188
0.34938030827304184
0.221704938659956
0.599396036489462
0.5697389116074236
0.9398175526895247
0.8642717835797419
1.0
0.8416734822271156
0.9727083988675681
0.6463919471531926
0.9160490720352313
0.46117647058823524
0.8699087763447623
0.26368040264234033
0.7741050644856875
0.16629128656810307
0.6576533501100974
0.1462094998427178
0.5283422459893049
0.06598301352626595
0.44924819125511156
0.05742686379364569
0.3826737967914438
0.09975463982384392
0.32568732305756526
0.14047184649260772
0.2286631016042781
0.1479710600817867
0.1966782006920414
0.15708084303240005
0.2000754954388172
0.17988046555520593
0.1776659326832336
0.17776659326832317
0.1546020761245674
0.15456432840515874
0.13411764705882348
0.10357974205725064
0.13420572507077697
0.09995596099402312
0.13449512425290971
0.11404844290657427
0.14327776030198172
0.1212456747404844
0.16260459263919472
0.11963510537905002
0.18267379679144383
0.08289399182132742
0.2179553318653663
0.06603334381881092
0.2237181503617489
0.08379993708713432
0.22792072978924183
0.09094683862849948
0.2662472475621264
0.08148474363007235
0.28208870714061013
0.09079584775086505
0.26331550802139025
0.08802768166089965
0.21879836426549223
0.0621075810003144
0.18117647058823527
0.04917269581629442
0.14836111984900904
0.06084932368669382
0.11991192198804651
0.06517772884554898
0.10678829820698325
0.051185907518087395
0.105001572821642
0.04101918842403267
0.16608996539792384
0.02964454230890209
0.18363007234979561
0.026926706511481616
0.1254482541679773
0.017565272098144052
0.09761560239068888
0.003724441648317077
0.08928593897452024
0.0
0.09976722239698016
0.008002516514627188
0.1177854671280276
0.024007549543881696
0.13067002201950284
0.03719408619062594
0.12376218936772565
0.05224284366152877
0.1087889273356401
0.06658697703680391
0.10135262661214212
0.06578169235608679
0.11604907203523113
0.05385341302296318
0.12839257628184958
0.04242843661528783
0.13245674740484428
0.049525007864108204
0.1212582573136206
0.07957219251336899
0.09743944636678195
0.10408304498269885
0.09226800880780123
0.09849638251022333
0.09352626612142181
0.07544510852469317
0.10049701163888008
0.06754325259515569
0.1040956275558351
0.07242529097200374
0.09733878578169235
0.07952186222082407
0.08966341616860643
0.07715633847121738