0000001000
1.0
1.0
1.0
1.0
1.0
1.0
1.0
1.0
1.0
1.0
1.0
1.0
1.0
1.0
0.990246406570842
0.9797227926078029
0.7865759753593431
0.8018480492813139
0.6679286447638607
0.6955852156057495
0.6549024640657081
0.5246406570841886
0.21554158110882937
0.0
0.39104209445585203
0.4861396303901433
0.1946226899383984
0.2733572895277205
0.29819045174537984
0.31904517453798764
0.3664014373716629
0.43711498973305984
0.20777720739219716
0.2623203285420947
0.2666196098562628
0.22484599589322385
0.9796586242299797
0.976129363449692
1.0
1.0
1.0
1.0
1.0
1.0
1.0
1.0
1.0
1.0
1.0
1.0
1.0
1.0
1.0
1.0
1.0
1.0
1.0
1.0
1.0
1.0
0.9870861139630392
1.0
0.7555024383983571
1.0
0.6486781314168378
1.0
0.5554735626283367
1.0
0.4784233829568791
1.0
0.4987487166324433
1.0
0.4515207905544151
1.0
0.47226321868583165
1.0
0.49032661704312114
1.0
0.4009240246406572
1.0
0.3469905030800823
1.0
0.3278522843942507
1.0
0.2869609856262836
1.0
0.34439168377823376
1.0
0.3067569301848051
1.0
0.276036319301848
1.0
0.3106391170431211
1.0
0.2760523613963036
1.0
0.26053965605749463
1.0
0.28453862936344965
1.0
0.250080210472279
1.0
0.15825526180698138
1.0
0.11980236139630379
1.0
0.15171008726899393
1.0
0.17468236652977395
1.0
0.24262063655030802
1.0
0.4200462012320332
1.0
0.44434997433264917
1.0
0.3678131416837781
1.0
0.3213712782340864
1.0
0.30921137063655024
1.0
0.24937435831622176
1.0
0.2123492043121148
1.0
0.2698280287474332
1.0
0.288517068788501
1.0
0.24494674024640659
1.0
0.2775442761806979
1.0
0.38104786960985615
1.0
0.4388956622176592
1.0
0.43987422997946596
1.0
0.4492588552361397
1.0
0.49752951745379875
1.0
0.5300949691991786
1.0
0.5421907084188914
1.0
0.552104722792608
1.0
0.5557141940451745
1.0
0.5102348562628334
1.0
0.5539174794661192
1.0
0.7046329568788504
1.0
0.8513218685831624
1.0
0.9041164014373717
1.0
0.9324306981519508
1.0
0.9852412731006163
1.0
1.0
1.0
1.0
1.0
1.0
1.0
1.0
1.0
1.0
1.0
1.0
1.0
1.0
1.0