0000001000
1.0
0.7018914542328174
0.9550925694061869
0.45468356120932873
0.9501844710438891
0.36780688135423445
0.9395168695013437
0.30717350294652845
0.9089831555399741
0.19305186891704643
0.893123654029148
0.09849585148828884
0.8431244887397539
0.06557486519423697
0.7874826797549287
0.11311998130248219
0.6891036877514563
0.13175072202467383
0.6307574164037327
0.08200196991702949
0.645481711490626
0.018831071267591443
0.6551309660940551
0.008413882906796144
0.652927330094656
0.025241648720388553
0.6332615482212316
0.07632593779736557
0.525099747917397
0.06363833658870456
0.4683728151449891
0.04247007562478078
0.4589071968748434
0.05348825562177581
0.40460092485935106
0.03712792774744986
0.4041334869200846
0.022303467387856605
0.40535216440460087
0.017495534298258654
0.4226640623695765
0.05048329744077723
0.4388407539106192
0.057361312832840794
0.4544331480275787
0.013422146541793824
0.465150832206474
0.0
0.4842823992921654
0.02009983138845754
0.5333800771272599
0.012420493814794275
0.6345470025542144
0.01642710472279259
0.5906412246874009
0.005676032119664045
0.4271881938531911
0.003004958180998523
0.4342999282148879
0.042002637685514446
0.4846496719587319
0.12994774711607476
0.5031468589839901
0.15238476820086472
0.49995826446970815
0.1494465868683327
0.527386854977379
0.15565683377572972
0.5146992537687183
0.14089915026460303
0.506736114589072
0.12106642627001199
0.46189546084372535
0.08921386955142642
0.4204604263701772
0.1282115490559421
0.46480025375202405
0.19605682709804495
0.5006260329543746
0.1852389776464499
0.4849167793525983
0.11792791439208025
0.5186390878282497
0.15812757716899545
0.5427622243368224
0.19599005024957813
0.54782057060817
0.12974741657067473
0.5743810620857746
0.0801322181599638
0.5686215589055273
0.044673711624179845
0.476018764294419
0.09061618336922579
0.31248226239962607
0.2381262416320261
0.22740855745313088
0.28426904392247176
0.1899968280996977
0.2779920201666082
0.1704479057110899
0.26770838550274606
0.19807682676416088
0.28740755580040406
0.23934491911654215
0.25782541192968383
0.16717584013622458
0.16226774177392675
0.14358691841538523
0.1125857665147491
0.16612410477287512
0.07425585549489984
0.16732608804527457
0.07699370628203199
0.14822790938381653
0.13321981269093985
0.13487253969048915
0.24133153035842464
0.15405418941253057
0.10423866045641965
0.1625682375920268
0.022837682175589576
0.1654229478639755
0.026376855144321375
0.18871137376671493
0.03545850653578382
0.1872255888883324
0.06423932822490436
0.23532161399642737
0.1911821171599806
0.25042987596200383
0.26690706332114644
0.224904425635632
0.14884559523213287
0.19595666182534513
0.15171699971619812
0.14245171199145254
0.15592394116959646
0.10485634630473603
0.13689253935660498
0.09876295888215544
0.08287006894709582
0.20545566851972416
0.08019899500843056
0.2785596233785746
0.15064857014073216
0.24333483581242363
0.18791005158511528
0.22381930184804916
0.13956361329527045
0.19533897597702868
0.12914642493447515
0.2115323617301881
0.08707701040049405
0.21301814660857063
0.0801322181599638
0.2464065708418889
0.0854075891888282
0.24400260429709006
0.03392263902105118
0.19777633094606084
0.02704462362898762
0.14291914993071886
0.06443965877030426
0.08559122552211139
0.03792924992904962
0.04737817398707857
0.05842974240830698
0.032553713627485256
0.04454015792724651
0.05330461928849262
0.1386955142652041
0.09086659655097568
0.29956094222133156
0.12654212784427626
0.533613796096893
0.18796013422146535
0.725797565983873
0.22475417772658202
0.786097060149246