0000001000
0.24330123508478088
0.2034749842997694
0.277920242830228
0.19070546368013375
0.3067824994766589
0.17113250994347906
0.31978752355034534
0.1548042704626333
0.31253925057567505
0.1428720954573998
0.2868955411346031
0.1321959388737699
0.26250785011513483
0.12277580071174345
0.24466192170818488
0.11544902658572304
0.24037052543437284
0.11346033075151755
0.24646744818923993
0.11189030772451307
0.2627171865187354
0.11398367176051902
0.27234666108436234
0.10634289302909763
0.27669039145907454
0.09891145070127684
0.2870002093364032
0.08959598074105077
0.30058090851999136
0.08635126648524159
0.32114821017374895
0.08572325727443993
0.334022398995185
0.08990998534645127
0.33258321122043094
0.0936780406112619
0.3142401088549296
0.10435419719489197
0.3292338287628216
0.10665689763449861
0.30058090851999136
0.11492568557672166
0.2746231944735185
0.12748586979275672
0.22312643918777442
0.14182541343939686
0.21566882980950372
0.1661084362570648
0.25259053799455705
0.20085827925476207
0.35199916265438547
0.23581745865605974
0.3513711534435837
0.26658990998534626
0.23665480427046226
0.2849068453003975
0.09687042076617103
0.2929662968390201
0.11997592631358579
0.29307096504082036
0.16791396273811995
0.28584885911660013
0.2076878794222312
0.25507640778731383
0.2426732258739793
0.21551182750680348
0.25907996650617504
0.1796106342893027
0.3189240108854927
0.15668829809503873
0.5262717186518734
0.1560602888842369
0.5620420766171234
0.14527946409880663
0.5558928197613563
0.09776010048147352
0.6470588235294114
0.08300188402763212
0.7611209964412807
0.0
0.802020096294745
0.11503035377852186
0.6762350847812432
0.7622985137115337
0.49911032028469743
1.0
0.39407577977810326
0.8556625497173957
0.3163596399413857
0.2686832740213519
0.30204626334519546
0.057881515595562004
0.3322168725141301
0.06792966296838994
0.34653024911032015
0.09472472262926503
0.3603726187984087
0.13114925685576698
0.34540506594096704
0.26386853673853844
0.35927360267950564
0.3347289093573371
0.3433117019049612
0.3604772870002088
0.3354615867699392
0.38580699183588013
0.30675633242620887
0.3982625078501148
0.33671760519154253
0.3978438350429138
0.37418882143604737
0.38538831902867915
0.413413230060707
0.3623613146326143
0.44494452585304584
0.33096085409252624
0.45483567092317295
0.29715302491103196
0.5196776219384548
0.26250785011513483
0.5979694368850743
0.24555160142348717
0.5819290349591788
0.24544693322168726
0.4720274230688714
0.2599958132719276
0.3769886958342054
0.2779987439815778
0.3549560393552438
0.28993091898681117
0.35699706929034947
0.3007117437722416
0.366181703998325
0.3114925685576721
0.35851475821645373
0.3135859325936778
0.3835566254971736
0.31431861000628003
0.4688350429139623
0.31295792338287604
0.4747749633661291
0.30950387272346636
0.42840694996859935
0.3042704626334513
0.41637010676156544
0.29359430604982123
0.3287628218547203
0.28009210801758405
0.3517113250994345
0.27245132928616284
0.3894442118484403
0.27266066568976305
0.38826669457818697
0.277161398367176
0.4048304375130832
0.2879422231526058
0.463941804479799
0.302595771404647
0.4883033284488168
0.31410927360267904
0.5154385597655429
0.31902867908729243
0.5424691228804688
0.32248272974670267
0.5377328867490053
0.3263554532133137
0.5735817458656056
0.3324262089177307
0.5355348545111992
0.3398576512455515
0.5013083525225034
0.3424743562905586
0.38088758635126635
0.3491731212057776
0.3372147791500939
0.3484404437931751
0.30709650408205963
0.35126648524178344
0.3169876491521873
0.3638266694578186