0000001000
0.8285278893135308
0.3690435876348508
0.845677519229839
0.48998597068356625
0.8280199313047266
0.4597019979681679
0.7863915630593588
0.35830390402012413
0.7858110396207245
0.27741763823714377
0.8081853804847369
0.3491122829084225
0.8321561608049927
0.3451453727444244
0.899037298630932
0.44954283779207566
0.8641575153596828
0.6193459435924725
0.7631948139906147
0.7499637172850853
0.8010014029316432
0.8298824440036768
0.8347927047554543
0.8169174205408545
0.8410333317207677
0.7884717720477966
0.7916404624836723
0.6554351506942092
0.7110928353732278
0.5910938029122919
0.8165304049150982
0.581515166174835
0.8533452663151273
0.5816119200812736
0.846620869817619
0.6521455178752839
0.8231822359827776
0.6306661506458316
0.7286778578685114
0.5796768419524935
0.6428087659039233
0.6558221663199644
0.5858449034879784
0.7405785883605046
0.6572734749165497
0.8313337526002614
0.6006966281263609
0.7046828890716466
0.6258768322771036
0.6059939045038947
0.6549997581152338
0.5597455372260656
0.531517585022495
0.6497266702143099
0.44148807508103116
0.5857723380581481
0.4252092303226741
0.5930288810410717
0.4755696386241594
0.6683034202505922
0.43362682018286486
0.6416960959798748
0.4539209520584393
0.7675729282569782
0.5148033476851629
0.6516617483430897
0.5337913018238112
0.42690242368535664
0.5193024043345751
0.11612887620337643
0.534371825262445
0.2925112476416233
0.4919694257655652
0.2493590053698416
0.4591698514827534
0.3091529195491263
0.4449954041894443
0.5366213535871505
0.46364471965555587
0.4667650331382129
0.4500991727540999
0.44625320497315024
0.4012142615258089
0.5396207246867586
0.28196507183977565
0.540394755938271
0.16324802863915633
0.5952542208891677
0.16378017512457033
0.6550481350684529
0.12473997387644532
0.7899230806443812
0.07827391030912849
0.85126505732669
0.05795558995694446
0.6917178656088235
0.0797977843355423
0.6349233225291471
0.16489284504861887
0.5255914082531082
0.15299211455662493
0.43754535339364287
0.0
0.43822263073871637
0.03398480963668887
0.6187654201538387
0.03887088191185681
0.653693580378308
0.02370470707754806
0.5560688887813843
0.06388176672633152
0.7307096899037298
0.1923467660006773
0.5749359005369835
0.28015093609404473
0.45805718155870484
0.3930627449083259
0.42332252914711427
0.5277683711479851
0.4573799042136322
0.6230225920371535
0.6547578733491368
0.6677954622417877
0.7379662328866531
0.7843355425475306
0.881839291761405
0.9162353055004596
0.5153354941705772
0.9403754051569829
0.30063857578249714
0.8892167771273766
0.10684050118523526
0.8920710173673263
0.17272991147017563
0.8881766726331574
0.25390643897247367
0.9049150984470998
0.2491654975569633
0.8342363697934305
0.19972425136664876
0.7539064389724738
0.17514875913114958
0.6922258236176289
0.1746649895989549
0.7124473900633738
0.09939045038943439
0.6830342025059265
0.23329785690097166
0.6699966136132749
0.46541047844806765
0.7121571283440572
0.5470707754825601
0.7848435005563351
0.4963717285085388
0.8068066373179815
0.40106913066615046
0.8702771999419477
0.2917372163901117
0.9201054617580182
0.24084466160321236
0.8879831648202794
0.41993614242175026
0.8706400270910932
0.5597455372260656
0.8909825359198879
0.7117459242416911
0.9049634754003191
0.7346766000677273
0.9297808524019154
0.7819892603163852
0.9456968700111263
0.7407720961733829
0.9802622030864496
0.6799138890232689
1.0
0.8002757486333513
0.9450437811426636
0.8846451550481351
0.8644235886023895
0.8514585651395676