0000001000
0.9612318312187064
0.9963540907102232
0.8280710709250889
0.9984444120363619
0.754763988138642
0.9099217344805799
0.738211559963055
0.38068154197656917
0.7122648388508093
0.04569539643187015
0.6610276602984785
0.01652812211365548
0.6435151426765838
0.02445189830343685
0.6264887462933257
0.0
0.5728452676097421
0.06509163385348325
0.5225317194108213
0.1976568956297703
0.47249769092411675
0.20042778669000064
0.5368844489815763
0.1293082494774199
0.5545428029750622
0.12420397647173219
0.5368601429196442
0.37426474162656154
0.4681955179621799
0.4368285450391331
0.3522434495163094
0.5113509309221719
0.31672014000291665
0.3119926109571727
0.2725317194108212
0.3001312527344319
0.23308298089543553
0.42409216858684573
0.18524865101356294
0.4538427883914248
0.2211365514559333
0.37139662631860426
0.25947936415342004
0.4077098828447819
0.26579894025569994
0.441252248310729
0.22332409702979944
0.5039618880948912
0.19145884983714961
0.5275873802926452
0.2484687180982937
0.38807058480385026
0.2545695396431872
0.4731904136891742
0.22733459724855382
0.5343930776335618
0.19851976082835054
0.5521851149676728
0.18067911137037593
0.5962763113120414
0.20771960526955435
0.5210247435710469
0.2154367799329155
0.5537893150551748
0.2140148753099025
0.6451314957950512
0.1866097904817464
0.6637985513587089
0.11749550337854275
0.7184871907053623
0.056730348548928305
0.6736182003791743
0.05208789071994559
0.594574886976812
0.0863472850128823
0.7229595061008217
0.08374653638617471
0.7899956249088524
0.08970152155947711
0.8422050459384572
0.09236303534101421
0.8487676826600555
0.13633270137572323
0.8430800641680033
0.3691847746828059
0.9757425501920179
0.451156968547956
0.9994652666374993
0.4172135530601332
0.999416654513636
0.3687837246609305
0.9994652666374993
0.36471245928734647
0.9995138787613631
0.40683486461523505
0.9988333090272714
0.38844732876379406
0.9924651208011278
0.29947498906227227
0.9561032521510865
0.20287054591415113
0.9277137718146906
0.13284478148850334
0.9216858684555922
0.14581206552914316
0.8844975936998685
0.1557532448592681
0.8253366389577562
0.13740216810072445
0.7860580428758932
0.12534636138252894
0.7431821496281175
0.17527101259054015
0.7324874823781055
0.19585824704681362
0.7561615866997228
0.21148704486899053
0.8114821836566039
0.2112925963735356
0.8169267415293376
0.18307325847066275
0.7760925574838368
0.20691750522580335
0.7520781682951725
0.2759831802051433
0.7788148364202028
0.3178625249137136
0.8872198726362356
0.3364445092606095
0.9160954742112684
0.3580161392251228
0.9100675708521706
0.34241164746487784
0.890379660687376
0.3640197365222889
0.8707889747703078
0.40051528851295515
0.8563997861066548
0.4491517184385787
0.861260998493024
0.4809805065383306
0.8990812308589763
0.44692771377181467
0.9815760050556609
0.471330999951388
1.0
0.49391133148607275
0.9989305332749988
0.49595304068834795
0.9990763696465899
0.4740289728258229
0.9802148655874775
0.4679159982499638
0.9148801711146758
0.45573866122210893
0.8428370035486852
0.5158597054105295
0.7891206066793054
0.6821131690243549
0.7518837197997182
0.8150673277915514
0.7830440911963443
0.9008312673180693
0.8119196927713778
0.9241407807107094
0.8382674639054979
0.9251494822808809
0.8617471197316612
0.9304238977200915
0.8785183024646351
0.9328423508823102
0.8797336055612275
0.9332555539351515
0.8771085508725874
0.966895143648826
0.983617714257936
0.9817583005201498
0.9967915998249963
0.9872514705167469
0.9979096786738613