0000001000
0.8787337763149725
0.9000186300689313
0.87746072160467
0.9062907532757872
0.8812022604483638
0.9180276967024776
0.8842296466496927
0.9293920387505434
0.89188349996895
0.9131838787803513
0.9068496553437246
0.9197044029062911
0.895935539961498
0.9316276470222941
0.8908122710054031
0.9257902254238342
0.8929702539899399
0.927466931627647
0.8992734273116811
0.9463454014779857
0.8855182264174378
0.9510029187107994
0.8919921753710487
0.949139911817674
0.8925510774389867
0.9405700801092964
0.8887784884804075
0.9288952369123769
0.8857200521641931
0.9396385766627338
0.8963547165124512
0.9350431596596905
0.8956560889275291
0.9443581941253185
0.8645593988697757
0.9270943302490222
0.8531640067068249
0.9452275973421105
0.6992796373346579
0.9279637334658141
0.5790846426131778
0.7446438551822644
0.47158914487983616
0.6077749487673101
0.26776066571446316
0.5230702353598711
0.17863131093585058
0.38744333354033395
0.11640688070545867
0.3406197602931133
0.062348630689933494
0.28876606843445335
0.02345836179593857
0.18276097621561177
0.0069707507917779795
0.16450350866298197
0.022946034900329166
0.48338818853629756
0.1680121716450351
0.675091597838912
0.3575420729056698
0.5904489846612434
0.46117183133577616
0.4037756939700674
0.5438738123331058
0.2387753834689189
0.5510929640439669
0.1293547786126807
0.5881668012171647
0.20145314537663778
0.5578929392038753
0.3301248214618395
0.37353288207166374
0.5104017884866172
0.15747065764143342
0.6311867353909211
0.0
0.7306713034838229
0.0010867540209898202
0.850462646711793
0.04025647394895374
0.93206234863069
0.1352698254983544
0.9792585232565361
0.23273613612370372
0.9687014841954917
0.2904893498105943
0.9398869775818172
0.3213065888343788
0.9242998199093337
0.3796963298764205
0.9349189592001489
0.4054058250015524
0.9336769546047323
0.42945413898031437
0.8695895174812148
0.47918089796932267
0.8253741538843689
0.5012575296528599
0.8513320499285845
0.5409240514189902
0.8843072719369063
0.5645531888467987
0.8761721418369249
0.603691858659877
0.8666087064522138
0.6333757684903435
0.916288890268894
0.6297894802210767
0.9235546171520838
0.6499875799540459
0.8838725703285101
0.6543811712103336
0.9263491274917718
0.6654971123393155
0.9561572377817801
0.6780258336955848
0.9549773334161339
0.6654350121095449
0.9439234925169225
0.6659628640625971
0.9714338943054092
0.6977892318201577
0.9796311246351614
0.7212475936160964
0.9793206234863069
0.781686642240576
0.9771471154443272
0.825824380550208
1.0
0.8432124448860462
0.9921753710488729
0.878423275166118
0.9847233434763711
0.8937154567471903
0.9852201453145382
0.9133391293547789
0.9593243495000934
0.8964012916847791
0.9588275476619266
0.8679904365646154
0.9729242998199096
0.8907035956033038
0.9675836800596165
0.8844314723964479
0.9687635844252624
0.8721511519592624
0.9749736074023474
0.9009501335154941
0.9616841582313855
0.9370614171272434
0.9376513693100665
0.9288176116251631
0.945413898031423
0.8964789169719929
0.9410047817176924
0.8933894305408931
0.938272371607775
0.9106843445320748
0.9433645904489847
0.9094268148792152
0.9311929454138981
0.8950971868595915
0.9234925169223129
0.8881109110103709
0.928708936223064
0.8978916971992797
0.9219400111780415
0.8987766254735143
0.9262249270322301
0.8874433335403342
0.9193939017574361
0.8909209464075019
0.9180276967024779
0.8835931192945415
0.9066633546544123
0.8703657703533504
0.8949264112277219
0.8805191579208846
0.8905172949139912