0000001000
0.7196699560494235
0.5390994278132518
0.7189789092517346
0.5653592061254387
0.7000856898029133
0.5562926721397573
0.6883655361141056
0.5913978494623654
0.6845785996627692
0.6005749509356776
0.6715869198662132
0.6461840395831603
0.6925947425159631
0.703900268126157
0.6917516654227823
0.7297177764878239
0.6944052851259084
0.743372861210161
0.7115708875805067
0.756862094701053
0.7128285927523013
0.7741659065151892
0.7183846090057218
0.8147441744754956
0.7026702048262707
0.8230920197915804
0.7209829449650329
0.7569726621886834
0.7086684910302125
0.6882549686264751
0.6413467119993363
0.6931199380822071
0.6452856787461648
0.6916825607430133
0.6808607678912015
0.7304364651574201
0.6861956491693615
0.6620504740581034
0.5889239019266385
0.46457694115045467
0.495356165519529
0.4094037648229538
0.37483760400254296
0.32399038062857605
0.27999834148768554
0.23680791663211448
0.225875556292672
0.35124526632943587
0.09029217458606298
0.6827265942449622
0.0
0.9851839566575441
0.0056389418691433725
1.0
0.11986897752715812
0.794233905520082
0.25585316637642697
0.5747574425740112
0.3854244409431405
0.4143240180225007
0.47409956602261105
0.27196837769853754
0.5542748154905051
0.1872183984299417
0.7086546700942589
0.2552726870663682
0.7412306161373249
0.340741355004561
0.6132349282693423
0.4440666721950411
0.4767393647897837
0.5311385687038727
0.3891146308428007
0.5907897282803993
0.46005749509356786
0.5831605716339112
0.4588412527296348
0.5709428642507667
0.20707908339552752
0.6482295381043204
0.15530585731265717
0.6579041932719681
0.18923625507919398
0.6436962711114794
0.20806036984824602
0.6466263095336816
0.20099787157586313
0.6392182878624542
0.18210465212704205
0.6204218149653095
0.23722254471072776
0.6251209331895954
0.2857478508444592
0.6272769991983853
0.32060425131989934
0.5973132100505845
0.3245432180667275
0.6063244602924506
0.2702684025762223
0.6297647676700662
0.24223954446195092
0.6162755341791746
0.2686928158774913
0.5798988307488183
0.27994305774387046
0.5340686071260744
0.31915305304475217
0.5023357381761893
0.39362025596373407
0.5324100948116205
0.41924427122204716
0.5858694750808525
0.46135666307322326
0.6150592918152415
0.540412416728861
0.6069325814744174
0.5112225999944716
0.5934986317273406
0.4752190618348674
0.5854824888741463
0.4597948973104459
0.5513171351963956
0.3703181579456561
0.5513724189402107
0.32935290377864385
0.5599413992315556
0.2960029853221659
0.5660778947950353
0.21068634767946484
0.5996351272908197
0.24417447549548052
0.5850402189236256
0.3089393813749067
0.5335157696879234
0.35693949194239427
0.5420294662354536
0.3820521325704176
0.5607706553887826
0.38408381015562376
0.532631229786881
0.4137297177764878
0.5164883765928628
0.41466954142134504
0.49658622881941566
0.40158111507311284
0.47933770074909476
0.4414406943638223
0.45888271553749616
0.47611742267186336
0.47452801503717834
0.46157779804848387
0.4955911214307433
0.46208917267877375
0.5028332918705254
0.45549658622881933
0.516211957873787
0.4354562290958343
0.5143875943278878
0.420391408906211
0.5197501174779556
0.435608259391326
0.5334052022002929
0.44924952317770955
0.5502114603200927
0.4305359758962879
0.531746689885839
0.4337977167813804
0.4881830997595156
0.4415097990435913
0.4886806534538519
0.44680321751389
0.5056527628050973
0.4359676037261244
0.4983000248776847
0.48005638941869133
0.468225668242253
0.4952455980318987
0.4540177460817646
0.4549852115985294
0.4272051303314256