0000001000
0.20568791517629018
0.0
0.16805058763413377
0.0026188042922840903
0.1468286918753193
0.00830352580480326
0.1619826264690853
0.11062851303014808
0.19069366377107808
0.1373914154317833
0.2058475983648441
0.13202606029637187
0.22504151762902394
0.11446090955544197
0.23422330097087368
0.14205416453755745
0.22408341849770047
0.12742718446601936
0.19680952989269285
0.1362416964741952
0.1815597853857945
0.17686509964230968
0.19961995401124158
0.29950178845171166
0.20931272355646396
0.6722662238119568
0.191140776699029
0.8300970873786405
0.1790527593254982
0.654381706693919
0.19498914154317823
0.50491824220746
0.19827861522738882
0.6442897291773121
0.18369954011241693
1.0
0.17809466019417478
0.9909299948901378
0.16629407256004075
0.4885666836995398
0.1251277465508431
0.1765457332652018
0.12774655084312722
0.11784619315278479
0.12998211548288194
0.08444047010730711
0.14695643842616246
0.08852835973428717
0.17086101175268262
0.11484414920797124
0.2176641543178334
0.1833163004598875
0.2875255493101686
0.43178334184976996
0.2874137710781809
0.6743101686254468
0.29300268267756757
0.9212442514052118
0.30501085845682163
0.9989780275932545
0.3037972662238119
0.7804675523760857
0.3430314256515072
0.7300076647930501
0.4843670158405721
0.7430378129790494
0.6110596576392435
0.715444557996934
0.7447304547777206
0.5899335717935614
0.8640776699029123
0.6545733265201839
0.8660417731221253
0.6773122125702604
0.8433986969851812
0.5816939192641798
0.7828787685232497
0.808380173735309
0.7530020439448133
0.9388094021461421
0.646780786918753
0.7982243229432803
0.6146205927439958
0.8629918242207457
0.6108520694941233
0.9172841083290748
0.5724642309657638
0.921946857434849
0.5837698007153806
0.9108329075114969
0.5457013285641286
0.8532192130812465
0.49070643842616246
0.8744890137966274
0.430394098109351
0.832971384772611
0.45447432294328044
0.6983265201839548
0.4932134644864587
0.4550970873786405
0.6117782319877362
0.24833929483903935
0.5986842105263155
0.2703755748594788
0.5473460654062338
0.3208354624425139
0.41774718957588136
0.2996295350025548
0.29915048543689304
0.2643714869698517
0.21134070005109856
0.2139754726622381
0.17734414920797134
0.16006642820643846
0.19187531936637706
0.10781808891159933
0.29707460398569235
0.07006898313745526
0.36730327031170146
0.028487480838017366
0.43612672457843626
0.016032192130812462
0.44554803270311694
0.040304036791006574
0.43583929483903927
0.06336228921819112
0.45171180378129777
0.1002171691364333
0.43564767501277457
0.155723045477772
0.5106189320388347
0.2211931527848746
0.49530531425651503
0.2930505876341336
0.4988343127235563
0.31457588145120063
0.5353538579458352
0.2618804292284107
0.5013253704649973
0.19602708226877863
0.46437468063362275
0.17571538068472148
0.42670541645375554
0.16626213592233
0.3816268523249871
0.17743995912110372
0.34226494634644855
0.2098237097598364
0.2796531681144609
0.24808380173735303
0.18783533469596317
0.2288579458354623
0.12680442003065906
0.0751149718957588
0.07806911088400612
0.06693919264179858
0.044902912621359196
0.10730710270822683
0.030579330608073572
0.12487225344915683
0.022946474195196714
0.09248850281042409
0.039329969340827775
0.047393970362800186
0.08814512008175773
0.02721001532958608
0.09352644353602452
0.04177312212570258
0.10339486458865606
0.06502299437915171
0.12303589678078687
0.09351047521716914
0.14689256515074092
0.10941492079713837
0.14168689320388345
0.117526826775677
0.11837314767501274
0.12876852324987223
0.09089167092488502
0.1538707204905467