0000001000
0.6371131824234355
0.604410119840213
0.638498002663116
0.6082023968042611
0.6420026631158455
0.6096511318242347
0.6334806924101198
0.6061571238348871
0.6235952063914781
0.6053901464713713
0.6208042609853528
0.5964420772303598
0.622231691078562
0.602705725699068
0.6271531291611184
0.603046604527297
0.6305512649800266
0.594908122503329
0.6357709720372837
0.5931185086551264
0.6452836218375501
0.594908122503329
0.6384980026631158
0.606114513981358
0.5556750998668443
0.6115685752330227
0.5178375499334221
0.6147643142476698
0.4866258322237018
0.6162130492676433
0.442300932090546
0.6145938748335552
0.4279733688415447
0.6128042609853528
0.43835952063914796
0.6105033288948071
0.4197496671105195
0.6056884154460719
0.39931824234354213
0.6068388814913451
0.37304926764314245
0.6064553928095875
0.3772250332889482
0.6032596537949402
0.36500665778961383
0.6097363515312917
0.3571131824234355
0.6133581890812252
0.3622050599201066
0.6069667110519308
0.3708548601864182
0.6050492676431425
0.34691877496671114
0.5909027962716376
0.2698268974700399
0.53585086551265
0.2768468708388816
0.5193608521970706
0.31000798934753665
0.847286284953396
0.3031371504660453
0.9847882822902799
0.2546577896138483
1.0
0.20635952063914784
0.9187856191744345
0.20087350199733686
0.8443035952063913
0.21811984021304937
0.7054380825565911
0.2696777629826898
0.4810545938748336
0.3030625832223701
0.339121171770972
0.2929960053262318
0.2763568575233021
0.32936351531291613
0.2178961384820239
0.30099600532623166
0.087254327563249
0.209352862849534
0.05960053262316909
0.20715845539280964
0.18265778961384826
0.3584447403462052
0.286838881491345
0.44427163781624507
0.2614007989347535
0.3977523302263648
0.25978162450066583
0.3095179760319574
0.27989347536617853
0.2580133155792277
0.3368628495339549
0.25968575233022645
0.3706950732356856
0.25889747003994656
0.3585086551264982
0.26556591211717717
0.3370332889480694
0.24976830892143817
0.2559041278295607
0.2834940079893476
0.14810119840213043
0.13497736351531303
0.07762450066577897
0.0
0.033693741677763026
0.03233022636484688
0.040085219707057335
0.05666045272969373
0.01336884154460714
0.1147483355525965
0.016223701731025286
0.20052197070572575
0.20008521970705714
0.26828229027962724
0.2931451398135817
0.29673501997336893
0.2775925432756327
0.26989081225033296
0.29114247669773646
0.2395525965379495
0.3003462050599199
0.2061997336884155
0.30886817576564585
0.1914141145139814
0.3320905459387485
0.19217043941411457
0.35625033288948066
0.21989880159786954
0.3914460719041277
0.2131770972037284
0.4293688415446074
0.22975233022636488
0.45659653794940075
0.26770705725699073
0.468825565912117
0.2788175765645805
0.4869773635153127
0.30009054593874834
0.5051291611185084
0.3297363515312917
0.5160798934753662
0.35063648468708397
0.5225565912117177
0.3758828229027963
0.5284793608521968
0.40192809587217043
0.5322290279627168
0.42872969374167774
0.5379813581890811
0.45232490013315585
0.5476111850865512
0.47383222370173095
0.548463382157124
0.48806391478029304
0.545139813581891
0.5148335552596539
0.5410492676431427
0.5274673768308924
0.5372143808255658
0.5306098535286287
0.5396005326231689
0.5332623169107856
0.53925965379494
0.5397496671105193
0.5348282290279629
0.5457896138482022
0.531589880159787
0.5500932090545939
0.5237922769640482
0.5522769640479361
0.5188069241011981
0.5563142476697737
0.5173155792276964
0.5547483355525966
0.5180399467376832
0.5561864181091877
0.5188069241011987