0000001000
0.5049558106880315
1.0
0.49227719501115064
0.9926488808127524
0.500805319236805
0.9770380771454522
0.5025605021888163
0.9508548773436856
0.49310316345915567
0.9327661683323694
0.48251011811348804
0.9144296687866522
0.4770174279342527
0.8845296109688608
0.4768522342446517
0.8504997109110429
0.47961922854546934
0.8030065251507389
0.49306186503675536
0.7437845874287601
0.4932890063599568
0.6847278433963823
0.47214421409102153
0.6254233088296025
0.4332617494011729
0.5599240109027833
0.4208102750474929
0.4948376971999669
0.4611794829437512
0.44098455439002215
0.4713182456430161
0.39233501280251043
0.4890972164863303
0.33839927314776547
0.480052861980672
0.27711241430577316
0.4583711902205334
0.2749648963409593
0.42368051540431145
0.25043363343520264
0.4001610638473608
0.20384901296770458
0.40920541835301866
0.32931362021970745
0.42950359296274854
0.5776823325348971
0.4494920294044766
0.643925002064921
0.47877261088626394
0.5705790038820515
0.5070413810192448
0.6402081440488966
0.5532956141075409
0.613942347402329
0.5019823242752123
0.7061204261997192
0.4826546625918888
0.5929627488229942
0.48614437928471127
0.585859420170149
0.497047162798381
0.7093417031469396
0.454551086148509
0.8054844304947549
0.4651234822829766
0.8191129098868418
0.5100768150656643
0.8690014041463612
0.5044808788304282
0.8536383910134628
0.46770463368299314
0.880977946642438
0.41160072685223414
0.7881390930866439
0.3952465515817295
0.8418270422069875
0.3745353927479968
0.9020401420665729
0.39091021722970143
0.905674403237796
0.3459775336582141
0.8414140579829846
0.28002395308499206
0.8224993805236637
0.21945981663500455
0.8562814900470798
0.22379615098703215
0.853803584703064
0.3078384405715699
0.7560915173040389
0.35442306103906795
0.6901792351532172
0.44494920294044754
0.6751466093995203
0.37379202114479204
0.6340133806888569
0.2517964813744114
0.49087304864954123
0.31355827207400666
0.4205831337242916
0.3550425373750721
0.2952837201618897
0.34354092673659836
0.25563723465763594
0.3184934335508382
0.18460394812918138
0.2694309077393243
0.17469232675311772
0.20382836375650437
0.1974890559180639
0.0956471462790121
0.30189146774593184
0.10624019162467994
0.15486908400099111
0.1331461138184521
0.04047245395225904
0.11701907987114891
0.20013215495168066
0.14132320145370436
0.4950028908895678
0.1491905509209547
0.6942264805484428
0.13048236557363513
0.7587346163376555
0.15398116791938526
0.7337077723630956
0.14212852069050944
0.6854712149995869
0.1084290080118938
0.6723383166763025
0.08135789212852074
0.6677954902122737
0.05434872387874776
0.6826629222763684
0.046027091765094584
0.7137193359213676
0.04476748988188645
0.7460972990831746
0.03659040224663413
0.7765755348145698
0.037829354918642054
0.7840092508466173
0.04241347980507139
0.7525398529776162
0.023292310233749114
0.7193359213678036
0.0
0.6869579582059963
0.0008259684480052851
0.6564797224746013
0.010138762699264949
0.6387214008424873
0.021537127281737883
0.6227802097959851
0.032171471049805854
0.6005616585446433
0.042764516395473635
0.5633104815396047
0.06200958123399685
0.5451391756834886
0.06931940199884362
0.5335756174114148
0.08185347319732375
0.5215164780705376
0.09880647559263231
0.5219294622945401
0.1046089039398695
0.5135871809696869
0.11247625340711985
0.5346493763938216
0.12680680598001146
0.5181300074337157
0.12800446022961914
0.5272982572065746
0.12705459651441298
0.5427438671842733
0.12769472206161708
0.5173040389857106
0.13870075163128773
0.5315932931362021