0000001000
0.9764069030766841
0.9640235212397759
0.9502748535910613
0.9658439023221841
0.963269021185883
0.9928142852010209
0.9495083773458368
0.9919040946598172
0.9114001365285815
0.9776763793578368
0.86796249056875
0.9389693289740004
0.8458783937532192
0.7700571264326523
0.8380339884309994
0.7106552174277542
0.8139857962370811
0.7639732212361827
0.7720930789590298
0.8129797961652242
0.7583683636929789
0.8470879890777134
0.7417094815506776
0.8509203703038366
0.7209307895902948
0.7837578893160404
0.7194577180565042
0.8131714152265298
0.6978167403202437
0.8468484652510815
0.6658642618474476
0.8402855124013459
0.6568342135833966
0.8256745589767543
0.6556964754068915
0.8095785578270399
0.6582354279691974
0.8039257955185096
0.6400795219104424
0.7743685553120402
0.6126300913783402
0.7536257919256522
0.5895280182996208
0.7336495047844885
0.5779350650906001
0.7117570270302643
0.5572402064695388
0.7185115989413053
0.5555036587264522
0.721577503922203
0.5521263727709318
0.758512077988958
0.5345213715134315
0.8119258913280403
0.4339932214757064
0.8167163678606933
0.36200433538126214
0.8074707481526727
0.3198601180852468
0.8171954155139585
0.1643372974526642
0.8032072240386112
0.04583288422615846
0.7826560797135298
0.01892238230397972
0.749889220230183
0.005485095629887824
0.6473251176660798
0.0
0.5392998718547528
0.0833063869028372
0.48214948682020187
0.19329572809255216
0.41431633911783405
0.24565563659445044
0.38384890837016045
0.28611121091270575
0.30427909316279267
0.33649504784488465
0.24928442256793518
0.3911184565084614
0.25948813758248623
0.3234649516760681
0.29738080695577196
0.2203020395453839
0.4204002443143036
0.1427322482903987
0.5747973029617119
0.08827650630546469
0.5549647301165286
0.10431262649852097
0.18878070396052662
0.12139067533742913
0.023221834992035863
0.13498365249883235
0.054216218158301355
0.14418136744152635
0.07112660031856682
0.16018155906058765
0.30097366435526174
0.17278051234146533
0.7689553168301416
0.17940334614785822
0.9204301847926332
0.179571012826501
0.9724547599372453
0.21521215822943993
0.9641193307704288
0.2514880417729557
0.9683828548844905
0.2653085665696598
0.9784907603683883
0.29211128276985354
0.9789219032563271
0.304326997928119
1.0
0.36182469251128774
0.9920478089557966
0.421813434891436
0.966562473802082
0.4167355297668237
0.9720236170493065
0.3923280518329562
0.9567899016754694
0.38673517048108375
0.9597120923603881
0.4078491957987524
0.9707780931508162
0.42195714918741556
0.974849998203572
0.43805315033713027
0.9657959975568576
0.4634067473861965
0.9339872333800412
0.49326339237595684
0.9323105665936124
0.5445933484233348
0.8691241811279176
0.5673241595707738
0.8116863675014077
0.597827518892442
0.7565479826105701
0.6208098300578452
0.6738164528916517
0.627636259116876
0.6356842596917328
0.6350495215511565
0.6260554018611005
0.64974430831507
0.5930490185511202
0.6680439286698048
0.6028694954430592
0.6839243583755498
0.6554689277715903
0.7059365980430906
0.7172181702774888
0.7215176229655447
0.8167642726260196
0.751973077521887
0.8934118971484692
0.7630510545036472
0.9375800907795305
0.7756260554018617
0.9632570449945507
0.8170277488353158
0.9655085689648981
0.840369345740668
0.9418436148935921
0.8486089653768313
0.924454185080061
0.8688966334926171
0.9111845650846122
0.8848728727290152
0.905627612306734
0.9261428280578217
0.927711709122265
0.9774009269572096
0.9793530461442655
0.7542844824488919
0.8494353225787135