0000001000
1.0
1.0
1.0
1.0
1.0
1.0
1.0
1.0
0.9999820524785528
1.0
0.9939965540758822
1.0
0.993799131339962
1.0
0.9957105423740982
1.0
0.9963387056247532
1.0
0.9958720700671237
1.0
0.9928568864639793
1.0
0.9927761226174665
1.0
0.9906762626081338
1.0
0.9904249973078718
1.0
0.9833716213790875
1.0
0.9783193940916757
1.0
0.9824383502638285
1.0
0.981244840087584
1.0
0.9820704260741592
1.0
0.980966653505151
1.0
0.9730787178290679
1.0
0.9644908288165405
1.0
0.8511522308769158
0.9839190207832299
0.6536397573495099
0.8597580674108904
0.4320237625183962
0.7175419074625792
0.31142539215334364
0.6257582827811481
0.2190943680677698
0.5563372698230373
0.13299113392440504
0.4815320004307402
0.0788165404357658
0.39430704619692003
0.057198750852507245
0.4022039556337269
0.029631357909472637
0.4063318855666032
0.023861229764169576
0.3414336480132092
0.017839836318604318
0.28931404573028463
0.0
0.4191823109228613
0.013774722710793592
0.6752934419756632
0.10774794500879427
0.7572059298610859
0.3345238522560034
0.7217416274812444
0.5837880038766646
0.5561218995656697
0.6508130227215623
0.4413654474317098
0.6356114720557092
0.338418464410065
0.5673480742309487
0.2850425356258301
0.47726946408700954
0.36383215477942477
0.3072884884597437
0.5365949962310205
0.14641587996697653
0.6516745037510319
0.08998887253670268
0.7764815678954736
0.12831580458738653
0.8932481424315301
0.1488567428838077
0.9805807817940343
0.19799705660648265
1.0
0.24569259485265085
1.0
0.29721992892781496
1.0
0.3470960910298287
1.0
0.36901898847769105
1.0
0.40343336085286624
1.0
0.45095839764528517
1.0
0.47553752826734624
1.0
0.46215765102839296
1.0
0.4678739366093542
1.0
0.4938978427079221
1.0
0.5253329265228471
1.0
0.5773897124807063
1.0
0.6055134785886068
1.0
0.5962525575218062
1.0
0.6288811515129762
1.0
0.679762374816038
1.0
0.6811353602067555
1.0
0.6541781829929287
1.0
0.6702142934060807
1.0
0.6921102695717722
1.0
0.6917782404249974
1.0
0.7015416920923221
1.0
0.7054183567249364
1.0
0.6996123335367387
1.0
0.7001687067016046
1.0
0.7216339423525608
1.0
0.7853925122940524
1.0
0.8440809074266845
1.0
0.8818335187910549
1.0
0.9196040776768729
1.0
0.9286047596826876
1.0
0.9298162173803799
1.0
0.9397591442621774
1.0
0.9454844036038623
1.0
0.9482572956674684
1.0
0.9492623568685166
1.0
0.9479880828457591
1.0
0.9453318496715604
1.0
0.946148461897412
1.0
0.9791539538389751
1.0
0.999973078717829
1.0
1.0
1.0