0000001000
0.4366109785202865
0.17992044550517106
0.44891010342084325
0.1895942720763723
0.441066030230708
0.1824025457438343
0.45891805887032616
0.18405727923627674
0.48042959427207654
0.18233890214797135
0.5009387430389818
0.1736197295147176
0.4739220365950675
0.1878122513922036
0.42235481304693717
0.20760540970564847
0.37621320604614167
0.21664280031821806
0.31123309466984883
0.21479713603818612
0.2677326968973746
0.21556085918854412
0.2619252187748607
0.21454256165473345
0.27215592680986467
0.17228321400159105
0.2922513922036594
0.11131264916467776
0.3187112171837709
0.07249005568814632
0.32198886237072394
0.0596340493237868
0.3244550517104216
0.053715194908512336
0.33777247414478917
0.04735083532219578
0.3614797136038187
0.047541766109785215
0.42447096260938744
0.04493237867939546
0.4994749403341289
0.06523468575974536
0.5016070007955449
0.1342879872712807
0.48022275258552094
0.19939538583929986
0.4652665075576771
0.2536197295147175
0.4354653937947494
0.27863166268894174
0.37662688941925215
0.2729673826571203
0.22956245027844074
0.25756563245823383
0.10031821797931585
0.310007955449483
0.09605409705648366
0.29995226730310265
0.11037390612569611
0.20849642004773267
0.11823389021479715
0.1447891805887032
0.1282577565632458
0.09412887828162277
0.11228321400159104
0.08992840095465397
0.1998727128082737
0.09285600636435967
0.6793635640413684
0.1095942720763722
0.8777883850437553
0.12092283214001591
0.9727128082736677
0.19723150357995226
1.0
0.43894988066825785
0.7913762927605411
0.571583134447096
0.4830389817024662
0.5256324582338904
0.34568019093078767
0.20722354813046942
0.2986793953858393
0.14714399363564015
0.23551312649164674
0.10195704057279238
0.18590294351630868
0.05524264120922821
0.15864757358790768
0.10469371519490842
0.16434367541766118
0.05823389021479714
0.13088305489260144
0.06230708035003972
0.10604614160700075
0.086491646778043
0.0836435958631663
0.10482100238663498
0.16961018297533811
0.11863166268894187
0.2036754176610979
0.13307875894988072
0.197247414478918
0.1573906125696101
0.19521081941129678
0.18603023070803507
0.19059665871121717
0.21116945107398571
0.2651233094669849
0.24000000000000019
0.3103420843277646
0.27258552108194106
0.37535401750198905
0.302752585521082
0.3817661097852029
0.31853619729514715
0.3603659506762133
0.32579156722354824
0.29653142402545757
0.31669053301511524
0.2065871121718378
0.3065712012728718
0.15669053301511532
0.2979156722354813
0.12455051710421639
0.2806046141606999
0.15196499602227528
0.2512012728719172
0.1916308671439937
0.25419252187748603
0.19198090692124103
0.2660938743038983
0.2176770087509944
0.26603023070803483
0.2116626889419252
0.24738265712012722
0.22270485282418453
0.22548926014319812
0.2223070803500398
0.22911694510739852
0.21710421638822597
0.2475099443118537
0.2673190135242643
0.2562291169451076
0.31291964996022276
0.2512012728719172
0.31027844073190136
0.23274463007159912
0.2819411296738266
0.2161972951471759
0.28884645982498003
0.1646459824980112
0.31656324582338913
0.0989021479713603
0.3442641209228321
0.06695306284805091
0.3806046141607
0.05619729514717582
0.37947494033412893
0.06103420843277651
0.3457597454256166
0.06790771678599847
0.314892601431981
0.06657120127287192
0.26715990453460625
0.056579156722354876
0.2391408114558472
0.05912490055688153
0.29377883850437553
0.06701670644391408
0.32308671439936354
0.062052505966587054
0.32736674622116146
0.06160700079554495
0.33742243436754177
0.02049323786793958
0.3280350039777247
0.0
0.31519490851233084
0.03023070803500389