0000001000
0.2574014549145662
0.5183217729656574
0.2724242936897311
0.42283877516494683
0.293029944171883
0.3996954829978006
0.3079512772796482
0.3591608864828287
0.31272204364743705
0.34914566063271857
0.30519370664862144
0.3162578243951956
0.29015395026222296
0.36768736254440865
0.3024699712400611
0.5044493317543565
0.3415327355777366
0.5914058534934871
0.37029267467433613
0.5908644899340216
0.3710370495686012
0.4785315513449503
0.34352901370326516
0.4367788868211807
0.33139908644899346
0.401048891896464
0.3517509727626462
0.4051767890373881
0.36829639654880725
0.3896802571476905
0.34420571815259693
0.40064286922686504
0.30972762645914403
0.4340720690238536
0.30054136355946537
0.4318389443410593
0.3161394011165623
0.41566570800203023
0.3187447132464897
0.43995939773303994
0.3020977837929285
0.5112840466926073
0.29643038402977506
0.5862628996785652
0.32568093385214025
0.6417526645237692
0.38369142277110485
0.6897310099813906
0.42727118930806984
0.6999492471663001
0.436322111317882
0.6466249365589581
0.4443579766536966
0.5545254610049064
0.427102013195737
0.5055997293182202
0.3422263576383014
0.556081881238369
0.22847233970563371
0.5405176789037389
0.12094400270681789
0.4781931991202844
0.060937235662324556
0.3683640669937405
0.0
0.259753002875994
0.05364574522077485
0.268550160717307
0.0956014210793436
0.5945186939604126
0.2809676873625445
0.8116054813060397
0.4995939773304011
0.5543901201150399
0.5979529690407718
0.39610894941634267
0.8234308915581123
0.289460328201658
1.0
0.07656910844188808
0.8747589240399256
0.18775164946709516
0.7935713077313482
0.18511250211470132
0.7251734055151414
0.09253933344611746
0.6106242598545089
0.10790052444594828
0.45142953814921355
0.22997800710539662
0.3917442057181526
0.22991033666046368
0.38763322618846247
0.22158687193368312
0.3290475384875656
0.15236000676704456
0.27068177973270174
0.22253425816274755
0.19617661986127563
0.3170021992894604
0.14500084588056175
0.4296058196582641
0.11794958551852489
0.4871256978514636
0.2033327694129588
0.5083065471155473
0.239434951784808
0.5152766029436645
0.27200135340889875
0.5112163762476741
0.3368803924885808
0.4823210962612081
0.41485366266283225
0.46946371172390455
0.44779225173405524
0.4036880392488582
0.433564540686855
0.35104043309084765
0.40128573845373045
0.3305362882760956
0.42764337675520225
0.35090509220098126
0.40380646252749125
0.30488918964642203
0.33451192691591963
0.21394011165623428
0.3233463035019457
0.2661140246997123
0.266942987650144
0.32789714092370165
0.22857384537303346
0.3794620199627814
0.20526137709355444
0.4333276941295889
0.18776856707832845
0.46310268990018644
0.22777871764506855
0.48726103874132953
0.3192014887497887
0.5174420571815262
0.3386567416680765
0.496125867027576
0.2642361698528169
0.48083234647267803
0.2262899678565388
0.46770428015564186
0.2605988834376587
0.45396717983420737
0.26619861275587897
0.4947724581289125
0.299830823887667
0.570495686009136
0.33461343258331927
0.6249027237354088
0.35846726442226373
0.716190153950262
0.36975131111487075
0.7370326509896802
0.41038741329724254
0.6071053967179837
0.4443410590424634
0.5979022162070718
0.41338183048553556
0.523938419895111
0.3500930468617833
0.5022838775164948
0.32728810691930305
0.4847572322788026
0.3324479783454577
0.4396210455083742
0.3201827102013198
0.4342074099137203
0.3134156657080021
0.4580950769751311
0.2900693622060566
0.46709524615124354
0.2944341059042464
0.3898155980375572
0.28010488918964654
0.3289798680426327