0000001000
0.2233879806375011
0.6673668828203487
0.16358799890400957
0.545666270892319
0.14528724084391267
0.38610832039455645
0.16571148050050238
0.3958809023655131
0.21181158096629832
0.355694583980272
0.2886564983103481
0.37501141656772297
0.3479998173349164
0.44752945474472566
0.4323910859439219
0.49671202849575297
0.5049205406886473
0.5247054525527447
0.5705087222577407
0.5295004109964382
0.6195200474929216
0.5537948671111514
0.6125901908850124
0.5790939811854963
0.5823705361220202
0.564709105854416
0.570314640606448
0.506027947757786
0.5636816147593389
0.4204036898346883
0.5304479861174536
0.29395378573385694
0.5119074801351722
0.25171248515846206
0.5430861265869029
0.2725363046853592
0.600648461046671
0.36277285596858166
0.6793314457941364
0.5053886199652935
0.6957142204767558
0.47351356288245505
0.7010343410357112
0.24810484975796876
0.7261964562973788
0.12238560599141483
0.7545552105215088
0.06041647639053793
0.7795689104027765
0.09681249429171612
0.8178829116814321
0.35674490821079546
0.763871129783542
0.5443419490364418
0.6573317197917619
0.6815690930678601
0.5671865010503243
0.7993424056991506
0.3908347794319118
0.8338204402228514
0.23762444058818158
0.8179742442232167
0.1714996803361038
0.7902548177915791
0.15431774591286876
0.8184765732030322
0.1128299388071971
0.8906292812128958
0.11361768198008956
0.8991688738697595
0.14290117818978904
0.920358023563796
0.26316330258471093
0.9588546899260202
0.40748013517216175
0.9722805735683621
0.4135765823362864
0.973970225591378
0.2778906749474838
0.9777605260754404
0.14038953329071155
0.9907297470088596
0.11293268791670473
1.0
0.1531418394373916
0.9894510914238743
0.17401132523518129
0.9508174262489727
0.16129326879167047
0.8212622157274638
0.15865604164763913
0.6864097177824459
0.1909420951685086
0.6725271714311809
0.20585213261485072
0.6929856607909399
0.23161932596584164
0.7191524340122385
0.30361220202758255
0.704173897159558
0.3159535117362315
0.7439035528358755
0.32365969494931046
0.7829938807197007
0.3375650744360216
0.7921728011690568
0.39622339939720524
0.7610284044204951
0.39226185039729666
0.7216184126404239
0.40516257192437677
0.6943099826468173
0.4295369440131519
0.6925746643529089
0.4623938259201754
0.7054525527445425
0.4491049410905105
0.6949949767102022
0.4843593022193808
0.6478673851493288
0.5347177824458853
0.43131792857795237
0.5494794045118276
0.23152799342405708
0.5083797607087407
0.2351356288245501
0.5087565074436022
0.2433098913142751
0.49400630194538325
0.24591286875513738
0.36400584528267427
0.2533108046396932
0.32008630925198656
0.24522787469175258
0.2348502146314732
0.19385331993789393
0.1931340761713399
0.1652662343593022
0.28848524979450185
0.222075075349347
0.376860900538862
0.2623983925472646
0.40438624531920725
0.2562334459768016
0.4300963558315828
0.20289524157457306
0.44889944287149525
0.18636405151155355
0.4277102931774592
0.11197369622796591
0.3966572289706823
0.007260937071878661
0.36449675769476664
0.0
0.31323636861813875
0.026577769659329675
0.27133756507443607
0.015024203123572956
0.2270983651475021
0.0041556306512010605
0.21495113709014518
0.0031966389624623636
0.22784044204950218
0.015480865832496103
0.24738560599141482
0.023015800529728802
0.23470179925107318
0.032194720979084816
0.21871860443876157
0.059457484701799276
0.21484838798063755
0.09859347885651665
0.19913919079367975
0.12206594209516838
0.18466298292081476
0.14448808110329717
0.1882592017535848
0.16216092793862466
0.1889213626815234
0.15873595762170054