0000001000
0.05309561128526645
0.0052681992337164805
0.04089385231626612
0.017850923023336816
0.03659439219784047
0.02703761755485893
0.04694575060954371
0.024164054336468132
0.05751480320445836
0.015543364681295723
0.07029345175896898
0.0069226750261233
0.1152799547196099
0.004092650644374776
0.18497474747474746
0.002568791361894811
0.23033133054684776
0.003265412748171369
0.2382227446882619
0.003570184604667363
0.23040752351097177
0.00444096133751306
0.22129702194357362
0.005921281783350751
0.22951497735980492
0.008620689655172415
0.24037791710205506
0.012277951933124347
0.23379266805990942
0.01676245210727969
0.2275992685475444
0.01689306861720655
0.22037182166492505
0.01206025774991292
0.21962077673284572
0.008272378962034133
0.22318007662835251
0.011233019853709511
0.20815917798676417
0.026558690351793784
0.1986568268895855
0.04336468129571579
0.20143242772553116
0.05133228840125391
0.204001219087426
0.04562870080111457
0.20357671543016373
0.037661093695576436
0.2084530651340996
0.026950539881574344
0.21411311389759666
0.016936607453848833
0.21758533611981887
0.011755485893416925
0.2363288052943225
0.011058864507140371
0.2413357715081853
0.011320097526994076
0.1752438174851968
0.010013932427725527
0.1707266631835597
0.007532218739115291
0.1726206025774991
0.00788052943225357
0.16082157784743992
0.052420759317311036
0.09472962382445138
0.06739811912225704
0.09066962730755836
0.12116858237547894
0.07672631487286659
0.1351880877742946
0.08200539881574366
0.09312957157784742
0.10080329153605014
0.10723615464994778
0.13148728665970041
0.15151515151515152
0.39939263322884017
0.18473528387321483
0.7586098049460116
0.23863636363636356
0.9123236677115989
0.49294670846394983
1.0
0.6895680947405085
0.992587513061651
0.7758185301288746
0.8237983281086728
0.8294148380355275
0.5027647161267851
0.48288923719958204
0.2059495820271682
0.07945837687216997
0.15936302681992337
0.005660048763497042
0.17938000696621387
0.0
0.15055729710902124
0.025774991292232683
0.16606800766283525
0.08294148380355275
0.19782958899338207
0.13527516544757928
0.2219827586206896
0.16257401602229188
0.24128134796238246
0.16448972483455246
0.2462121212121212
0.16940961337513064
0.3031391501219087
0.21229536746778127
0.35864028213166144
0.2101619644723093
0.36483368164402646
0.19775339602925804
0.37361764193660735
0.19313827934517597
0.3790382270985719
0.21612678509230232
0.3964211076280042
0.29249390456287006
0.4079588993382096
0.28779171020550337
0.4036703239289446
0.25322187391152906
0.3981844305120167
0.3327673284569836
0.3656935736677116
0.4720916057122953
0.321817311041449
0.5159352142110762
0.2783220132358063
0.5106234761407176
0.26575017415534646
0.49490595611285265
0.24763801811215605
0.475705329153605
0.2353709508881923
0.5142807384186694
0.27212861372344127
0.503396029258098
0.2585771508185301
0.47801288749564597
0.2631922675026124
0.45981365377917105
0.26136363636363635
0.48428247997213514
0.26939655172413784
0.47727272727272724
0.2625936084987809
0.4497126436781609
0.23642676767676762
0.4330372692441658
0.23208376872169972
0.4039968652037616
0.23739550679205854
0.3938087774294671
0.23580633925461514
0.33999477533960293
0.24000783699059566
0.24817136886102403
0.25131704980842906
0.21220828979449674
0.2543865377917102
0.1999303378613722
0.23075583420411008
0.19109195402298854
0.22518286311389754
0.18490943921978395
0.234032131661442
0.2594479275513758
0.2519157088122605
0.38274991292232663
0.23075583420411
0.2468652037617555
0.21082593173110414
0.16118077324973876
0.20427333681644028
0.13819226750261232