0000000100
0.9858051567583316
0.6291374649984626
0.9858132495994045
0.629105093634171
0.9856513927779488
0.6272599258695758
0.9800025897091432
0.6244112458119548
0.9745642005082304
0.6202029684541053
0.9764983895246266
0.6149588074389396
0.9795898548144312
0.6106210446239257
0.9813460013272259
0.6074162795591018
0.980698574041403
0.6057005972516712
0.9801887250538174
0.6053121408801775
0.9812488872343526
0.6052797695158864
0.9630561805027275
0.6052473981515951
0.9501238204684136
0.6053121408801775
0.9588964601913148
0.6053445122444686
0.9640111357493162
0.6053445122444686
0.96538691873169
0.605215026787304
0.9605554926112363
0.6052473981515951
0.9607739993202014
0.604988427237266
0.9599485295307771
0.6050531699658482
0.9554893740996716
0.6053445122444686
0.9549876179531587
0.6053445122444686
0.9554408170532348
0.6050855413301395
0.9541540553226617
0.6053121408801775
0.9504556269523979
0.6053445122444686
0.9440056326173868
0.605215026787304
0.9262984963501288
0.602592946279721
0.8912726801871066
0.6054739977016333
0.855955521745464
0.569994982438535
0.8333441237880972
0.4901995694608549
0.8231552368774583
0.6066717381804053
0.8061036207370961
0.6020426330867715
0.8018225078095916
0.598028583914669
0.7858391466908374
0.5983522975575807
0.7645792531926258
0.5917161678778953
0.7508214233688879
0.5777317385041193
0.7424938899049901
0.5920398815208068
0.7356635320395578
0.5989349821148213
0.7392405677937297
0.5977696130003398
0.7500930676723371
0.5961510447857827
0.7576760597575385
0.5961186734214915
0.7687632520272567
0.5960863020572
0.7826667529903049
0.5966042438858588
0.7971610313516664
0.597122185714517
0.8082805949856758
0.5972192998073903
0.8109431396986224
0.5961186734214914
0.819440622825049
0.5971869284430993
0.8274525354871083
0.5979962125503778
0.833271288218442
0.5981580693718338
0.8396565398248709
0.5977048702717576
0.842424291471764
0.5978019843646312
0.8450706505025656
0.5982551834647071
0.8482916012495347
0.5986760112004922
0.8570723338135086
0.5994852953077706
0.871841768771345
0.5992263243934415
0.883276953207193
0.5993234384863151
0.8945502808215852
0.598870239386239
0.9099347717009533
0.5989673534791125
0.9193143745043135
0.5996795234935176
0.9263389605554927
0.5999384944078469
0.9300778531311201
0.6000679798650115
0.9355405208552514
0.6005535503293788
0.9415858731366235
0.5999708657721378
0.9410193742615282
0.6005859216936699
0.9396840554845185
0.6004240648722141
0.9339219526406941
0.6011362348866195
0.9282407782075976
0.6008125212437079
0.9180518912969587
0.5999061230435557
0.905467523428775
0.5996471521292267
0.9071346486897689
0.5999708657721378
0.9181409125487594
0.600844892607999
0.9354757781266693
0.6022368612725185
0.9627891167473254
0.6034022303869997
0.970485408607546
0.6038230581227847
0.9320039493064437
0.6036288299370376
0.9332745253548711
0.6039849149442402
0.9768301960086111
0.6038554294870758
0.9914134956217729
0.6032727449298347
0.993202013498859
0.6036288299370376
1.0
0.6079018500234691
0.9535147208779114
0.5823932149620447
0.14648851625851772
0.12967968535033908
0.0
0.04713270640791156
0.02673874690448827
0.06331838855348555
0.04096596151044787
0.07448650923393167
0.06877296343654396
0.09471861191589916
0.1036207370959649
0.12035673243448847
0.1316057815256624
0.14146286195231697
0.15363449492578865
0.1577132868264733
0.16552287846171268
0.16645355518508329
0.1684929511354256
0.1684929511354256