0000000100
0.9598117034329069
0.7642036207026054
0.9452387510328772
0.7664070911685897
0.9280366577359346
0.755790369832486
0.9078047925482636
0.7514835866489724
0.8892004907729671
0.7540876881087712
0.8747026566842775
0.7461752259809188
0.862733805744047
0.7443723865087508
0.8587274958058945
0.8070711370408399
0.7747452237273709
0.5808147832836704
0.6917895685704978
0.28034153792222755
0.6146430628239474
0.31339359491198676
0.5569772391516636
0.27443223076345286
0.5691213661516886
0.2047224378395968
0.5535718757042339
0.14412700002503964
0.5602073265392992
0.0
0.7117209605128069
0.19060019530761
0.8482610110924708
0.7300498284798561
0.8723990284698402
0.8534441745749546
0.8229711796078826
0.6619425595312607
0.8817888173873852
0.7340561384180087
0.9013195783358781
0.9794426221298549
0.8888248992162654
0.9728322107319024
0.9010942234018576
0.9807446728597541
0.9105090517565162
0.985852718030899
0.8619826226306434
0.9555049202493932
0.7034829857024814
0.9194481308060196
0.6557327791271252
0.8429276109873041
0.6778676415354182
0.7874402183438919
0.6333976012219242
0.7982572551769024
0.6924405939354483
0.830407892430578
0.8925056964719434
0.9492951398452567
0.8879485189172949
0.9329694268472835
0.8672158649873545
0.9209504970328268
0.8670405889275606
0.9105340911936294
0.8643613691564211
0.898114530385357
0.8705461101234439
0.882289606129654
0.7848361168840923
0.8811878708966627
0.6309186969476926
0.868968625585297
0.6289405814157298
0.8532438590780477
0.5772842226506746
0.8453313969501963
0.5435561008588524
0.8223952725542725
0.6874577459498714
0.800360567894434
0.6495480381601022
0.7871397450985289
0.45764579212259293
0.7699126123644743
0.6917144502591581
0.7309512482159389
0.7868893507273952
0.7035080251395938
0.6262613616445902
0.5957382878032895
0.6723840048075712
0.5972406540300967
0.7689611137541631
0.6848786839271856
0.8148584019831225
0.7235395748303581
0.8699952425069483
0.7558905275809391
0.87029571575231
0.7746200265418028
0.9053008488369183
0.8068708215439319
0.9240053083606671
0.8258006360017028
0.9241805844204624
0.8348148333625461
0.9360743170493521
0.8432280842326666
0.9553296441895983
0.8709717805543733
0.9673235345669433
0.874877932744071
0.971855672684478
0.8707714650574656
0.9795177404411952
0.8863960738162611
0.9752610361319082
0.8875979667977058
0.9866039011443023
0.896612164158548
0.9750607206349998
0.8825900793750147
0.9666725092019932
0.8833913413626449
0.9948669153917423
0.8867967048100757
0.9815459348473851
0.8734757242657186
0.9730325262288104
0.8758795102286088
0.9843002729298646
0.8775821919523236
0.9934396674762748
0.8712722537997344
0.9943911660865861
0.8665648396224047
0.9936149435360689
0.8698700453213799
1.0
0.8681673635976669
0.9919122618123541
0.8534441745749546
0.9949921125773097
0.8380198813130683
0.989383278663896
0.8263014247439723
0.9890828054185342
0.8295064726944944
0.9738588276535547
0.8450309237048352
0.9557302751834136
0.8331121516388306
0.942484412950397
0.830407892430578
0.8907779753111155
0.8461326589378262
0.8853694568946091
0.8438290307233896
0.861131281768786
0.8408242982697754
0.8833162230513055
0.8429276109873041
0.8956356261111251
0.8376192503192522
0.9063024263214561
0.8524425970904168
0.9193730124946792
0.8554473295440301
0.9338207677091416
0.8582517465007388
0.950972782131857
0.8719733580389114
0.9624408443298191
0.8851941808348146
0.9976963717855623
0.8743771440018033