0000000100
0.20071228225568352
0.055358724534986754
0.18273914968999114
0.0698258045467966
0.20530705639208738
0.05476823147328023
0.25175302627694124
0.020445822261588437
0.27341674047829945
0.014171833480956617
0.3047497785651018
0.041334514319456755
0.2896922054915855
0.045984647180395646
0.2713500147623265
0.03705343962208442
0.2502029819899616
0.020298198996161806
0.26156997342781213
0.01070268674343077
0.28389799232359014
0.012843224092116938
0.2912053439622085
0.05292294065544731
0.3569715087097727
0.08650723354000585
0.45211470327723646
0.12341304989666375
0.3871420135813404
0.14408030705639202
0.3446634189548273
0.12872748745202242
0.3176483613817538
0.1369943903159138
0.3223354000590493
0.14430174195453202
0.30801594331266596
0.13935636256273995
0.32244611750811936
0.1429731325656923
0.3256938293475051
0.14954236787717745
0.3460104812518453
0.1526424564511367
0.3814769707705934
0.146885149099498
0.4423162090345439
0.1341895482728078
0.4910134337171537
0.09189548272807792
0.5326801003838204
0.06488042515500438
0.56194641275465
0.058163566578092726
0.592855033953351
0.046279893711248875
0.6440064954236789
0.030262769412459405
0.6873708296427518
0.02553882491880719
0.7092006200177149
0.005683495718925296
0.7344995571302038
0.005683495718925296
0.7781960436964863
7.381163271331554e-05
0.7941393563625629
0.0
0.7957263064658989
0.003764393268379126
0.8017973132565692
0.04236787717744318
0.820637732506643
0.07661647475642162
0.8493320047239444
0.07794508414526125
0.8688182757602597
0.09396220844405072
0.8610865072335399
0.091674047829938
0.8616216415707114
0.06739002066725716
0.8665670209625036
0.07801889577797452
0.893895777974609
0.09639799232359016
0.9468187186300562
0.08259521700620022
0.9729480366105698
0.06894006495423681
0.9594589607322115
0.06908768821966337
0.9438478004133452
0.08089754945379386
0.9463943017419543
0.12341304989666375
0.9673937112488928
0.32432831414230884
1.0
0.3861824623560671
0.9885407440212578
0.2205491585473871
0.9502509595512253
0.20327723649247123
0.9102081488042514
0.22320637732506646
0.897844700324771
0.2060820785355772
0.8877509595512251
0.21442279303218187
0.8480772069678181
0.19729849424269266
0.7694678181281367
0.210510776498376
0.6638802775317388
0.2131679952760555
0.5875590493061706
0.20689400649542367
0.480421464422793
0.17094774136403904
0.37714053734868613
0.17921464422793024
0.277660909359315
0.1231916149985238
0.20652494833185708
0.10776498376144082
0.18192722173014467
0.11987009152642457
0.1670726306465899
0.11529377029819901
0.16841969294360792
0.12090345438441095
0.16172128727487448
0.14666371420135815
0.16843814585178626
0.14253026276941247
0.16760776498376145
0.13906111603188664
0.19569309123117806
0.1463684676705049
0.23331857100679063
0.1285798641865958
0.23029229406554474
0.11344847948036609
0.20886846767050488
0.12407735459108356
0.1979627989371124
0.13441098317094774
0.20932979037496305
0.14806613522291118
0.23579126070268677
0.151092412164157
0.26319382934750507
0.11123413049896662
0.37042367877177446
0.10459108355476825
0.4658990256864481
0.26741954532034246
0.23579126070268677
0.4991142604074402
0.1850457632122823
0.40618541482137566
0.1498376144080307
0.27125775022143483
0.15472763507528786
0.2325804546796574
0.14540891644523174
0.2634337171538235
0.12662385591969294
0.23745202243873642
0.13070194862710363
0.19929140832595213
0.13275022143489812
0.21213463241806907
0.1387105107764984
0.2468260997933275
0.14706967818128133
0.2776055506347799
0.16188736344847948
0.2471213463241807