0000000100
0.628549128180961
0.63118520263902
0.605310438265787
0.5450636192271439
0.582248468426013
0.4457469368520261
0.562941800188501
0.33576814326107407
0.537214302544769
0.23927898209236517
0.5095723374175307
0.17430490103675753
0.4876001413760602
0.13489632422243156
0.48444863336475014
0.06709472196041422
0.5275536050895381
0.0
0.5693184495758716
0.0590245051837884
0.6066652921771911
0.194745523091423
0.6381361922714418
0.3569156456173415
0.6513754712535339
0.503711121583412
0.6634807964184731
0.6562794533459003
0.6735832940622052
0.6987511781338357
0.6861156927426951
0.7159519321394904
0.6925512488218661
0.7625471253534398
0.6854088124410934
0.7905867106503297
0.6838477851083883
0.7725612629594715
0.6898709943449578
0.7697337417530629
0.7028746465598491
0.7370994344957589
0.6930814090480678
0.7915292177191332
0.696527450518379
0.8530278039585295
0.6801661168708765
0.7963595664467487
0.6730825871819036
0.7965951932139488
0.6742901743638077
0.7911168708765316
0.7021677662582466
0.7469368520263905
0.7131538642789818
0.7496465598491984
0.7024475730442977
0.8283459000942508
0.7091482092365692
0.9035697455230917
0.7109743166823749
0.8179783223374176
0.7160844721960412
0.853793590951932
0.7207528275212063
0.8784754948162113
0.7095016493873701
0.9232445805843545
0.6943773562676719
0.9365574929311965
0.6983093779453345
0.9670711592836942
0.7070717483506126
0.956585768143261
0.6790616163996229
0.8871936852026387
0.6784578228086713
0.8910226201696513
0.6932434024505183
0.9664820923656924
0.7150683317624882
0.9955230914231853
0.756568096135721
1.0
0.7381450282752118
0.9949340245051833
0.7149210650329877
0.9848609802073516
0.678531456173421
0.9663642789820915
0.6232622525918943
0.92813383600377
0.5750323986804899
0.8768261074458056
0.5908488454288408
0.7062323279924593
0.5619551131008483
0.5986098020735153
0.5364632422243165
0.5796418473138547
0.5276861451460887
0.5993755890669178
0.5312647266729499
0.6443803016022616
0.5471989868049009
0.6774269557021679
0.5977998350612632
0.7233741753063145
0.6751737747408105
0.777155984919887
0.6977497643732326
0.800659754948162
0.7114455702167766
0.8218661639962302
0.7205024740810553
0.8304665409990575
0.7328139726672949
0.834118755890669
0.7278363572101793
0.849611215834119
0.7283959707822808
0.8656927426955698
0.7325636192271439
0.8756479736098016
0.7276154571159281
0.8854853911404331
0.7274534637134775
0.8831291234684258
0.735361687087653
0.868107917059378
0.7501767200754005
0.8776508011310085
0.7547419886899153
0.8946159283694619
0.7617666116870876
0.8963831291234675
0.7621495051837888
0.8968543826578701
0.7658606267672007
0.8875471253534399
0.770573162111216
0.8804194156456173
0.7912788642789824
0.8736451460885952
0.7997761545711594
0.8788878416588124
0.8008364750235625
0.8916705937794529
0.8092895852968895
0.9100494816211125
0.826549245994345
0.9142907634307259
0.8278599198868988
0.9160579641847315
0.840907752120641
0.9223609802073517
0.8554871583411874
0.9152332704995287
0.8681520970782283
0.9149387370405277
0.8829818567389255
0.9106974552309144
0.9028775918944394
0.9098138548539114
0.9133482563619226
0.9150565504241279
0.9191211121583416
0.9106974552309142
0.9206526861451463
0.9026272384542886
0.9237452874646561
0.9098138548539116
0.930946630537229
0.9008600377002828
0.9251443213949104
0.8937912346842601
0.91564561734213
0.8894910461828457
0.9105943685202637
0.8807728557964183