0000000100
0.48418448139350745
0.16120348376880442
0.943646080760095
0.2977830562153603
0.9186460807600947
0.32882026920031654
0.8907165479018209
0.4505146476642913
0.9160926365795723
0.6281868566904195
0.9264053840063341
0.6357086302454472
0.8577790973871734
0.5946159936658747
0.7789192399049879
0.8175771971496436
0.7558194774346791
0.9564528899445763
0.7075217735550274
0.898812351543943
0.6339865399841644
0.94916864608076
0.5868171021377669
1.0
0.58715360253365
0.9330958036421215
0.6101346001583531
0.8456057007125891
0.5693190815518606
0.7475851148060174
0.5892715756136183
0.6315914489311162
0.6256532066508314
0.5832145684877276
0.6556809184481394
0.5024544734758508
0.6747624703087886
0.549802058590657
0.6966152019002374
0.6049089469517023
0.7148851939825811
0.5045130641330164
0.7023950910530483
0.5391923990498813
0.6867775138558986
0.6346001583531274
0.7370744259699128
0.6239904988123516
0.779968329374505
0.6346001583531274
0.7982185273159145
0.5619952494061757
0.820467141726049
0.46793349168646076
0.7700118764845604
0.4872525732383214
0.7152019002375295
0.528978622327791
0.7008313539192398
0.5069675376088677
0.71146080760095
0.5099762470308788
0.7139746634996039
0.5365795724465559
0.691765637371338
0.49437846397466323
0.6912311955661123
0.4936658749010291
0.6831353919239905
0.5945368171021377
0.6272763262074426
0.6460807600950117
0.5605106888361043
0.626049089469517
0.4614608076009501
0.5684877276326207
0.29313143309580364
0.5088677751385587
0.28275930324623905
0.5164687252573238
0.40029691211401414
0.520110847189232
0.6432106096595407
0.49809976247030874
0.7661124307205066
0.48432304038004753
0.7959817893903404
0.4958828186856689
0.8146476642913696
0.5258115597783055
0.7332343626286618
0.5562153602533649
0.6925969912905776
0.5443388756927948
0.7091448931116389
0.4809976247030877
0.7329572446555817
0.41369754552652416
0.7630839271575612
0.3731591448931114
0.7689231987331748
0.37395091053048296
0.8262470308788596
0.3897070467141724
0.8770981789390339
0.38693586698337284
0.8694972288202689
0.38479809976247037
0.8233768804433886
0.39833729216152014
0.7682897862232777
0.4027711797307997
0.7846991290577988
0.40973871733966727
0.8314133016627075
0.4328582739509105
0.8511084718923198
0.45178147268408536
0.8250593824228026
0.45431512272367375
0.8186262866191607
0.4524940617577196
0.7952692003167059
0.43452098178939036
0.7808392715756136
0.3949326999208234
0.7856492478226444
0.35748218527315895
0.7746832937450514
0.3411718131433094
0.7606294536817101
0.3525732383214568
0.7349564528899446
0.37189231987331745
0.721575613618369
0.3642913697545526
0.6978622327790973
0.35233570863024527
0.6538004750593822
0.3384798099762469
0.6511480601741882
0.3359461599366587
0.6614212193190815
0.37197149643705457
0.6294734758511479
0.4299287410926365
0.6264845605700712
0.4799683293745051
0.577593032462391
0.5017418844022169
0.5433491686460806
0.5209817893903401
0.527236737925574
0.5197941409342833
0.4485550277117972
0.48020585906571644
0.3985946159936658
0.43729216152019
0.4117973079968329
0.4034045922406966
0.33840063341250987
0.2948535233570863
0.02042755344418052
0.0054631828978622295
0.08620348376880439
0.0
0.034263657957244655
0.0
0.16850752177355502
0.0
0.1631037212984956
0.0
0.1790973871733966
0.0
0.13982581155977827
0.0
0.1786223277909739
0.0
0.02771179730799683
0.0