0000000100
0.0708748866727108
0.08431550317316414
0.0605054397098822
0.05457842248413425
0.061378059836808725
0.04700815956482316
0.06589981867633728
0.04301903898458745
0.07045557570262925
0.04329102447869451
0.07224614687216686
0.04864007252946517
0.06776971894832282
0.056119673617407016
0.06370126926563918
0.05407978241160466
0.058941523118766985
0.04524025385312787
0.05979147778785138
0.034768812330009155
0.06435856754306439
0.03576609247506796
0.06593381686310065
0.04111514052583871
0.0655598368087036
0.047869446962828605
0.06614913871260206
0.06468721668177703
0.07053490480507711
0.07475067996373527
0.08780598368087035
0.07715321849501369
0.10168857660924753
0.07547597461468714
0.1271418857660925
0.07148685403445156
0.1632706255666365
0.06559383499546692
0.18865593834995464
0.08254759746146877
0.20699229374433373
0.11958295557570267
0.20973481414324568
0.18368087035358124
0.22478467815049863
0.237488667271079
0.24119446962828653
0.22633726201269272
0.23444016319129643
0.2169084315503173
0.2395512239347236
0.21699909338168638
0.4049750679963736
0.2890752493200362
0.42395738893925666
0.42429737080689023
0.43267225747960114
0.37815049864007283
0.44593155031731646
0.4329102447869448
0.4525951949229373
0.5114687216681777
0.456108340888486
0.6252493200362648
0.43908658204895745
0.7172710788757934
0.46271532184950137
0.7453309156844969
0.5098708068902992
0.7619673617407071
0.5297597461468723
0.7605167724388034
0.56723708068903
0.7610607434270175
0.5913417951042612
0.796600181323663
0.5849048050770623
0.8372620126926562
0.6022212148685402
0.7586128739800545
0.6330462375339984
0.7063009972801452
0.6685856754306435
0.6803263825929285
0.7129873073436082
0.6312330009066182
0.7611514052583861
0.5999546690843157
0.8150725294650952
0.5699456029011787
0.8395738893925657
0.5330009066183137
0.8696849501359929
0.4998640072529465
0.8557003626473257
0.48635539437896647
0.8586242067089757
0.4538077969174978
0.8614800543970986
0.41486854034451487
0.8581708975521305
0.39551223934723473
0.8965095194922935
0.3577515865820489
0.9512919310970082
0.3133726201269265
0.959304170444243
0.26808703535811435
0.9416477787851315
0.21577515865820482
0.9418177697189484
0.16205802357207616
0.952810516772439
0.1203989120580237
0.9683816863100634
0.05475974614687211
0.9731640979147779
0.002991840435176829
0.9412171350861286
0.0004986400725295264
0.9479827742520398
0.0014959202175884145
0.957944242973708
0.00022665457842256637
0.9734927470534906
0.0
1.0
0.0016319129646419047
0.9969628286491389
0.002946509519492332
0.982944242973708
0.007796917497733488
0.9677810516772439
0.02030825022665462
0.949433363553944
0.03236627379873074
0.9427357207615594
0.04460562103354496
0.9204102447869448
0.05652765185856761
0.8956708975521305
0.06310063463281956
0.8601541251133272
0.06223934723481412
0.8105621033544878
0.06273798730734367
0.7695716228467816
0.06586582048957386
0.7731640979147779
0.07266545784224851
0.7486514052583861
0.08064369900271993
0.7254079782411605
0.09691749773345425
0.6935403445149592
0.1269718948322757
0.6475747960108794
0.14805077062556665
0.5259632819582957
0.1563463281958297
0.4054510426110607
0.15475974614687205
0.37869446962828646
0.1535811423390753
0.33652538531278325
0.13916591115140534
0.28306890299184045
0.12561196736174066
0.18917724388032647
0.11328195829555766
0.07156618313689941
0.11518585675430644
0.043132366273798774
0.12175883952855848
0.041364460562103356
0.12543064369900264
0.03864460562103355
0.12629193109700823
0.03891659111514057
0.15571169537624666