0000000100
0.8003960396039602
0.9105610561056102
0.8023267326732674
0.9044224422442243
0.805379537953795
0.9094389438943891
0.8075412541254123
0.9089768976897686
0.8068316831683171
0.9087788778877887
0.8076897689768975
0.9221782178217826
0.815016501650165
0.8383498349834975
0.7506435643564359
0.5019801980198019
0.6740759075907594
0.3149834983498352
0.6218976897689773
0.10250825082508282
0.5808745874587459
0.0
0.5624422442244227
0.02990099009901057
0.5526072607260727
0.043366336633663294
0.5704785478547852
0.09326732673267359
0.6627722772277228
0.3987458745874586
0.7041749174917494
0.566006600660065
0.7172607260726073
0.6500330033003301
0.7480033003300329
0.7410561056105612
0.7632013201320131
0.8207920792079209
0.7519636963696367
0.8328052805280528
0.7505280528052805
0.8627062706270627
0.7361716171617164
0.8676567656765677
0.7252475247524748
0.8552475247524748
0.6722772277227721
0.6963036303630361
0.6033168316831683
0.541716171617162
0.5703135313531356
0.5255445544554451
0.5510231023102313
0.5141254125412544
0.5868646864686463
0.5992079207920794
0.6687128712871288
0.8727392739273925
0.6767326732673272
0.8988118811881185
0.6727557755775578
0.9007260726072609
0.6354785478547856
0.8907590759075905
0.600280528052805
0.9053465346534653
0.6004950495049507
0.9089108910891088
0.5935313531353137
0.8413861386138615
0.5300330033003301
0.6980858085808581
0.4835313531353137
0.6455445544554452
0.46747524752475267
0.7161716171617164
0.44123762376237646
0.7543234323432337
0.45694719471947215
0.8697689768976897
0.4338448844884491
0.916567656765676
0.36938943894389425
0.8864026402640266
0.30564356435643586
0.9023762376237621
0.48440594059405934
0.8845544554455436
0.5520297029702966
0.7920132013201323
0.5373102310231024
0.8603300330033004
0.5824092409240926
0.8875907590759076
0.618844884488449
0.8899009900990098
0.6291914191419136
0.8922112211221119
0.6585808580858089
0.8941914191419139
0.6690594059405934
0.8866666666666668
0.6504620462046206
0.8908250825082505
0.6675907590759077
0.8869966996699662
0.6760231023102309
0.8840264026402638
0.6817326732673268
0.8867986798679866
0.6970462046204621
0.8859405940594058
0.7010726072607258
0.890495049504951
0.7022277227722773
0.8935973597359725
0.7118481848184817
0.8990099009900989
0.7552145214521454
0.8982178217821783
0.7773267326732672
0.8980858085808581
0.7978052805280527
0.8950495049504943
0.7976072607260725
0.8996039603960393
0.8105445544554456
0.9085808580858087
0.8166831683168315
0.9166996699669966
0.8350660066006597
0.9238283828382835
0.8457755775577558
0.9264026402640267
0.855990099009901
0.9289768976897689
0.8744059405940594
0.9356435643564355
0.8813861386138614
0.9414521452145214
0.887062706270627
0.9444884488448844
0.9000165016501652
0.9477227722772278
0.9084983498349831
0.9629042904290427
0.9133828382838285
0.9786138613861384
0.9146204620462045
0.9923432343234324
0.9241419141914186
1.0
0.9467326732673268
0.9993399339933992
0.9521287128712872
0.997227722772277
0.9548514851485147
0.9943234323432343
0.9530528052805279
0.9896369636963697
0.9457425742574258
0.9878547854785479
0.9423102310231022
0.9891749174917492
0.944224422442244
0.9900990099009901
0.9403300330033004
0.9882508250825085
0.8436468646864684
0.9870627062706271
0.6999669966996698
0.9870627062706271
0.7209405940594061
0.9870627062706271
0.8795214521452147
0.9833663366336637
0.9429372937293725
0.9846864686468647
0.9368316831683169
0.9860066006600663