0000000100
0.06951679540147303
0.01695706843901574
0.09800610741871747
0.01815460152086704
0.16849290461649008
0.003065684689539545
0.21790311957367822
0.0
0.28119274294952384
0.009628165978085135
0.30182623794982333
0.041243039338961736
0.2995269744326687
0.06710975390695165
0.2815520028740794
0.07678582120831089
0.2471349021016706
0.081240644272798
0.2316148733608765
0.09848512065145786
0.2236033770432908
0.10145500269444938
0.21177175019459912
0.0826297826477456
0.22942338782108854
0.07070235315250589
0.2591581342434584
0.09580264654811092
0.30285611640021554
0.15261361595114054
0.3426860667025926
0.17699538949763483
0.36038560565235606
0.13819531764564977
0.37671995688880916
0.08473744087180413
0.3756182264535057
0.09671277169031789
0.3707322914795522
0.14825459553320167
0.3736303215376325
0.19423986587629485
0.39958086342135213
0.18973714148853363
0.43600981977127107
0.1265552960900543
0.5067840249086879
0.07304951799293435
0.5598227651038861
0.05240404766181656
0.6021196335548769
0.0892401652595653
0.6071492724986527
0.12564517094784752
0.6043949464103945
0.11826836716364282
0.5922040596371475
0.09374288964732637
0.5521825040416741
0.08076163104005749
0.5243278845578108
0.05939764085982874
0.5197892341775942
0.037794144063229666
0.5050955032632775
0.03175857733069877
0.49092868690497576
0.044835638584515766
0.48404287168433013
0.05891862762708822
0.4412669900005988
0.07170828094126101
0.3523262080114963
0.07836656487635467
0.3208071372971678
0.06131369379079095
0.35493683012993227
0.05934973953655472
0.4562002275312856
0.16971438835997832
0.5526136159511406
0.3069516795401472
0.6612657924675169
0.32323812945332603
0.6840668223459672
0.3375606251122687
0.7062690856834918
0.4046703790192205
0.7381354409915574
0.4791090353871026
0.7730315549967065
0.5937848033051907
0.8067540865816418
0.6875276929525178
0.836895994251841
0.7726004430872403
0.8617927070235315
0.8747739656308007
0.8851206514579967
0.9546254715286506
0.9097778576133163
0.9981198730614924
0.925525417639662
0.9972097479192861
0.9165319441949581
0.9424585354170406
0.905143404586552
0.8794203939883833
0.9316567870187411
0.8723309981438236
0.9604574576372671
0.9109394647027125
0.9809592239985628
0.9336925932578888
0.9927429495239806
0.9320639482665706
0.9931381354409916
0.8676366684629663
0.9665768516855275
0.7687683372253158
0.9802766301419079
0.682545955332016
0.9978444404526675
0.626309801808275
1.0
0.5868391114304529
0.9772588467756422
0.5420034728459373
0.9644452427998323
0.4628225854739239
0.9497634872163341
0.36606191246033165
0.9200526914556014
0.24372193281839416
0.8883180647865396
0.06016406203221349
0.8561283755463744
0.024669181486138485
0.8299024010538287
0.0741991497515119
0.8025148194718877
0.10768217472007657
0.7787078618046822
0.1357523501586732
0.746146937309143
0.17335488892880668
0.7184000958026469
0.21948386324172212
0.7043769834141667
0.25900245494281776
0.7022453745284714
0.24602119633554873
0.6975151188551584
0.18561762768696488
0.6875875696066104
0.19792826776839711
0.662247769594635
0.29689240165259556
0.6163463265672712
0.36472067540865827
0.5543620142506436
0.3960960421531646
0.458283935093707
0.4053888988683308
0.3156098437219327
0.40926890605352984
0.17973774025507458
0.4073049517992934
0.08252200467037897
0.39427579186875034
0.09646128974312909
0.36754685348182736
0.12325010478414467
0.357008562361535
0.15038620441889697
0.3451769355128437
0.15801449015029045
0.3341596311598107
0.16916352314232677
0.3230465241602299