0000000100
0.9561226978899867
0.9356019026710554
0.9608793755336008
0.9265764117575298
0.9674960361019632
0.9316989876814247
0.9731674594462731
0.946090986705695
0.9759116965483592
0.9543846810586649
0.9851201366020242
0.9036467861934371
0.9808208318087568
0.6059275521405039
0.9027320404927422
0.3025978777899747
0.8190937919258441
0.14953043054030998
0.7352725942188072
0.04463959019392601
0.6650811074521276
0.0
0.694261495304305
0.2456397121600191
0.7753384559092568
0.7091108671789239
0.9086169045005486
0.9221856323941933
0.9800280522014876
0.9441395292108782
0.9672216123917547
0.9475545798268078
0.9790828149774363
0.9553604098060726
0.9845103061348941
0.9726795950725703
1.0
0.9495060373216229
0.9796011708744969
0.9398707159409667
0.9607269179168187
0.9353579704842055
0.9681363580924495
0.9301134284668842
0.9721917306988653
0.999268203439443
0.9835040858641299
0.9617026466642252
0.950725698255884
0.8518111964873768
0.9045310403707771
0.8254665203073545
0.8912062446639836
0.8713257714355407
0.9207525307964387
0.9548725454323703
0.9369740212221004
0.9210879375533603
0.9409074277350893
0.9146237346017795
0.9184046834979868
0.9090132943041832
0.8726369069398705
0.921819734113916
0.8383034516404434
0.944505427491158
0.7986339797536284
0.9219417002073411
0.7583546773996829
0.875472618612027
0.6995060373216246
0.8544944505427476
0.6307781436760587
0.8632760092694212
0.6040675692157574
0.8454689596292233
0.5821441639224294
0.8285156726430046
0.4927735089645079
0.8249786559336489
0.359342602756434
0.808147335040859
0.30146969142578356
0.7689962190511033
0.27152701548969427
0.7219173069886567
0.28149774362727115
0.682766190998902
0.203073545554336
0.6698377850957435
0.20551286742285652
0.6499573118673007
0.2737528966947188
0.6338577875350642
0.2558238809610924
0.625198194901817
0.22014879863397982
0.6110501280643983
0.21194657885107948
0.6040980607391134
0.21999634101719773
0.6003171118429075
0.21069642639346314
0.5870228076594705
0.2017624100500062
0.5976338577875349
0.25728747408220515
0.6086108061958769
0.34199292596658115
0.6084888401024517
0.39803634589584114
0.6108061958775463
0.44901817294792057
0.6059275521405039
0.47371630686669064
0.5944627393584582
0.5038419319429198
0.5981217221612395
0.5214660324429804
0.6154409074277353
0.5348518111964873
0.6182461275765335
0.5597938773021099
0.6217831442858879
0.5751006220270768
0.6237346017807052
0.591444078546164
0.629345042078302
0.5978472984510305
0.6322722283205267
0.6076350774484687
0.6328820587876568
0.6137028905964136
0.6400780582997924
0.6185815343334551
0.6458104646908153
0.6135504329796314
0.646786193438224
0.6100134162702767
0.6632516160507376
0.6075436028783996
0.6655689718258325
0.5998292474692034
0.642639346261739
0.591200146359312
0.6419075497011828
0.5843090620807418
0.6439809732894257
0.5701000121966097
0.6473960239053544
0.5798268081473353
0.6477619221856321
0.5956824002927185
0.6190998902305161
0.6018721795340893
0.6038541285522627
0.5505854372484444
0.598243688254665
0.5138431516038536
0.580436638614465
0.5072874740822051
0.5692157580192705
0.5092084400536655
0.5715331137943654
0.47841200146359314
0.5647030125625075
0.4436821563605319
0.5518965727527746
0.39962190511037904
0.560434199292597
0.37339919502378316
0.57567996097085
0.3660812294182215
0.5668984022441751
0.35845834857909525
0.5505549457250883
0.3530308574216366
0.5409196243444313
0.35534821319673154
0.5453104037077687