0000000100
0.20725321967261295
0.23400268229501567
0.18281861439253366
0.08335323620730835
0.1649795153497089
0.072109643401738
0.16202164207896233
0.0884973636346935
0.1640058055152395
0.10201907001524865
0.15426870717054622
0.07306498135253807
0.15311127849938452
0.05065128327607431
0.15191710606088432
0.04366996748176596
0.15577520163142325
0.05888188715989048
0.15379103819514606
0.05954327497198288
0.14776506035163783
0.04925502011721267
0.14372324594440666
0.04903455751318174
0.15700611783726182
0.09275964064595543
0.17337546618654812
0.11532031379177295
0.17868494056695633
0.1308996711432821
0.19119619334570367
0.14478881519722214
0.1978468152339658
0.14824272932703766
0.20649997244217455
0.14772831658429936
0.2168433429479525
0.13229593430214398
0.2268927633150226
0.1214932667046351
0.23414965736436946
0.11767191490143479
0.2331943194135694
0.09437636640884786
0.2629751428413955
0.07585750767026142
0.31935845382227035
0.05711818632764414
0.3561757086954125
0.031764986864103076
0.3835130715952306
0.019639543642409604
0.4679502489390237
0.013466590729547485
0.5843361319836122
0.005897374657823594
0.6318274512685784
0.0030313608054233767
0.7644908232441072
0.0022964854586540735
0.8800499715235804
0.002076022854623282
0.955760504124488
0.011482427293270401
0.9853576087156214
0.028678510407672
0.9690617479010121
0.037350039499549785
0.9667285186750197
0.03294078741893413
0.9882236225680219
0.029119435615733717
1.0
0.037129576895519094
0.9957928386397454
0.04168580404548874
0.9872499127335526
0.029560360823795265
0.968345244437912
0.02030093145450194
0.9708438206169276
0.021109294335948176
0.966452940419981
0.05381124726718231
0.9722400837757895
0.10694273483860302
0.965424114934504
0.10885341074020322
0.961712994433319
0.09665447998383277
0.9767411952747512
0.07402031930333819
0.9899322077492605
0.04146534144145808
0.9855596994359832
0.0394076904705039
0.9844206426484907
0.03970164060921162
0.9661222465139349
0.03720306443019599
0.9441862174128711
0.03169149932942618
0.9227278572872075
0.0321324245374878
0.9061747901012291
0.03477797578585725
0.8843673641858496
0.03565982620198055
0.8479726626371004
0.03698260182616516
0.8172916169094819
0.042053241718873355
0.7810438904300858
0.041171391302750195
0.7708291231099924
0.03727655196487289
0.7688817034410538
0.03514541345924197
0.7652256985908765
0.041465341441457915
0.7707372636916463
0.046609468868843006
0.7835792103764398
0.056015873307490124
0.7921772519336407
0.04903455751318174
0.7865554555308553
0.04749131928496634
0.7631680476199222
0.047785269423674025
0.7505465635391594
0.058808399625213476
0.743638735279528
0.04234719185758118
0.7298230787602653
0.03492495085521115
0.7171097352611561
0.03727655196487289
0.6793738862045526
0.04572761845272001
0.6324153515459942
0.05087174588010513
0.5803861769947273
0.045286693244658324
0.49398320809832613
0.05439914754459779
0.39359923572963934
0.054472635079274655
0.2703973838437655
0.03757050210358061
0.1585677279491466
0.04168580404548874
0.08438206169278537
0.052929396851059046
0.0631625360548217
0.046756443938197036
0.05640168286454414
0.03970164060921162
0.04109790376807336
0.044478330363212096
0.012768459150116648
0.036909114291488264
0.0017453289485770624
0.025077621208502515
0.0
0.02103580680127128
0.008212232000146966
0.027796659991548903
0.017490033253109456
0.038599327589057666
0.012070327570685843
0.04491925557127361
0.010380114273116445
0.03904025279711935
0.014477044331355245
0.035880288806011205
0.008138744465470069
0.03514541345924197
0.006172952912862182
0.039922103213242445