0000000100
0.06363660015089616
0.15963784894762842
0.06881390327028636
0.31584150688139007
0.11071363529932084
0.5180945443192755
0.18868538127325232
0.6686265837604392
0.26227333038478545
0.7160808595884168
0.3084658011811535
0.7171215235320134
0.33752634180607227
0.6711241772250696
0.33306449514790415
0.5948955433566611
0.31496995082862866
0.4616905585763716
0.2692327705075838
0.3190155319093579
0.20145953118089327
0.2637042433072301
0.15542315997606465
0.23388922132320422
0.09843380076488799
0.19340739391731923
0.08738975466347529
0.175716106876187
0.12493170642870147
0.1769649036085022
0.14717589822306623
0.15677602310273955
0.2172385982256679
0.12196581418945274
0.2528423133959466
0.11514946535889904
0.24534953300205523
0.12368290969638625
0.22940135806644632
0.13169602206207556
0.23316075656268692
0.13481801389286358
0.22752816296797349
0.13861643728698894
0.22829565262637555
0.13611884382235842
0.23560631683013755
0.1270650675130734
0.2478861513645705
0.118219423992507
0.2491609646954756
0.11769909202070918
0.2589822306631631
0.11312017066888681
0.2614798241277934
0.07726929781200396
0.2733303847854931
0.031063818716341084
0.27333038478549304
0.016234357520097758
0.25805864141322143
0.007909045971329652
0.2528032884980618
0.0
0.3232172125816269
0.008793610323386216
0.3739625881312278
0.03376954496969053
0.42447381429351927
0.06217967062986173
0.46893618128365894
0.07378307360095737
0.5295288393995367
0.08075552202305067
0.5669407081718133
0.09480448526159684
0.5889377422795743
0.10869734890860347
0.6264796940448002
0.10032000416265571
0.6797356713583264
0.08497021099461446
0.7107604651767826
0.06993261700965207
0.7345656528865412
0.08705153888180654
0.7551838072690376
0.18940083773447447
0.7786767957957176
0.27463121471498814
0.8109243697478989
0.29757785467128
0.8469183338970263
0.30611129900876716
0.8862033977677756
0.3118349506985454
0.8914067174857556
0.3102219215859719
0.952948981450165
0.28373702422145325
1.0
0.3343132918802197
0.9682337331217317
0.40372557691807365
0.9134557847906963
0.4865624268283164
0.8628404922340449
0.5304784452480681
0.8754325259515571
0.5824596092306888
0.8674844550823423
0.6376668314384571
0.8568176496604831
0.6727892395348228
0.8598745999947964
0.674142102661498
0.8839919868876343
0.6540572885500948
0.8935140619715376
0.6446913130577306
0.9196217186565026
0.6077477430600721
0.9645003512240806
0.6095168717641856
0.9887608294091629
0.5873507297655903
0.9980357468064626
0.5305825116424279
0.9972292322501756
0.4111142909176053
0.9944064313031714
0.24450399354788355
0.9829201030257301
0.13013502614668135
0.9400577568488696
0.10926971407758138
0.9087597887452191
0.08309701589614168
0.8800244556026743
0.07321070843197962
0.8363686031688216
0.06446913130577306
0.7641855503811431
0.1278455654707704
0.6688607331477481
0.1286260634284674
0.5752400031219917
0.08325311548768109
0.5032780914223275
0.043187553659234545
0.36112339672711186
0.024351536280146566
0.2792101360668105
0.03548664047662391
0.24914795639618056
0.04813070739131546
0.18493899107630657
0.06072274110882727
0.10968597965501978
0.0674870567422015
0.0844368707235216
0.0551551890105886
0.07910346801259194
0.04459244998308902
0.06760413143585604
0.06046257512292846
0.06253089471082543
0.08231651793844467
0.061906496344667876
0.09704191274032817
0.06467726409449222
0.11920805473892329
0.0721960610869734
0.13346515076618867
0.08221245154408503
0.12524390561178037
0.09027759710695418
0.12295444493586885
0.09371178812082107
0.13741967375185352