0000000100
0.34634549046201013
0.04876610549282074
0.34037503316920725
0.049945455081522594
0.2601350355279063
0.08809741427602676
0.17522186514137453
0.111389568652888
0.14756611728631663
0.11870153610283929
0.14700592623168326
0.14317304006840237
0.14762508476575173
0.14146298316478464
0.16437184892531775
0.16581655217147745
0.2000913995931244
0.22714273078397254
0.2595306188636967
0.17684347082583948
0.3102426511778755
0.17135949523837604
0.35271397824100015
0.17271574726538313
0.3765220980629184
0.13031812955155236
0.40986820768346255
0.15154642214818537
0.4409293274758971
0.1848630480290121
0.45397588230091107
0.20644514550225557
0.5048500751835363
0.24842999086004075
0.5621664651944454
0.255682990830557
0.6080873898045229
0.22389951941504255
0.6263673084294012
0.1835067960020049
0.6381018368369844
0.19288262523218427
0.6270454344429047
0.23699029984963302
0.7241796149423593
0.28894064923194857
0.8914556122298553
0.30533360851490415
0.9216764454403399
0.3344045758764042
0.9493764189049738
0.32868473037120016
0.9732287643364682
0.32886163280950553
0.9787274817937905
0.3204882507297224
0.9775628740749472
0.2915941858065277
0.9844473272989946
0.2910045110121768
0.9907273638588319
0.2942477223811069
1.0
0.2792699826045937
0.9959902113984138
0.29831647846212817
0.9699708110976795
0.2689506737034524
0.9551257481498953
0.24477400713506506
0.9422855795029044
0.23575198278149603
0.9507916384114162
0.21593890969130514
0.9654450570510364
0.20296606421558513
0.9549341038417313
0.21452369018486311
0.8951410796945485
0.2603414217059292
0.8751363622961938
0.31759884423740303
0.8852198012795943
0.35297933189845815
0.9166936934280744
0.35651738066456334
0.9604623050387711
0.30651295810360585
0.9820149187722969
0.25126042987292513
0.9700592623168323
0.21240086092519983
0.9599315977238553
0.14718282866998858
0.9633811952708081
0.10820532476339301
0.9588849249638821
0.09204823539817794
0.9260252970486776
0.057906064805259914
0.9040746528289648
0.05495769083350537
0.898870772768818
0.03561635757879536
0.8960698174956512
0.014034260105551827
0.8826547159241681
0.019695138131320584
0.8599669782115161
0.017277471474481887
0.8384880738272841
0.02895303240263
0.8326797771029278
0.030191349470766893
0.8199722852846656
0.015331544653123893
0.8083556918359526
0.010437243860011247
0.770675472476929
0.01179349588701835
0.7331868974260696
0.0
0.7168971312321256
0.007842674764867249
0.718238641389274
0.023645959253471818
0.7133001149865847
0.03520358522274964
0.7101453548368074
0.03549842261992507
0.7030102898251616
0.04463838193236428
0.7244302267299584
0.05843677212017577
0.717457322286759
0.054426983518589545
0.6897573488221247
0.03785712179732876
0.6727747147448183
0.048294365657339924
0.6462246071291684
0.08562078013975291
0.5956305097738598
0.0833210484417843
0.5432379042957809
0.0735914143349943
0.4713565468644043
0.05796503228469501
0.36020284812925674
0.069522658253973
0.2993041837426658
0.0868001297284548
0.26041513105522307
0.09346345490462019
0.20242061503081052
0.09010230857681992
0.19130524515729574
0.09405312969897105
0.19571306424506887
0.09770911342394667
0.17892207447592656
0.09470177197275706
0.15624907863313384
0.08231860129138785
0.12984638971607163
0.10336999144971545
0.10042161747796098
0.11150750361175824
0.11952708081493058
0.12159094259515872
0.13065719255830413
0.140401568534953
0.120927558451514
0.15921219447474724
0.10835274346198079
0.15136951970988002
0.10485892030545156
0.16280921072028784
0.10505056461361562
0.17672553586696937