0000000100
0.810772104607721
0.752739726027397
0.8371575342465755
0.7908468244084684
0.8853673723536738
0.8394146948941469
0.9316936488169365
0.8891033623910333
0.9672789539227896
0.9389788293897882
0.9813667496886676
0.9744084682440847
0.990255292652553
0.9851805728518057
0.9923412204234122
1.0
0.9934775840597758
0.5518679950186801
0.9950498132004983
0.05435865504358617
0.9975404732254047
0.0
0.9740660024906602
0.1056662515566621
0.7895080946450809
0.28455790784557894
0.7160647571606475
0.40298879202988797
0.7159246575342466
0.492092154420921
0.7441158156911581
0.6009962640099632
0.7540940224159401
0.6867995018679953
0.7578455790784555
0.705977584059775
0.737920298879203
0.7469489414694894
0.7252179327521793
0.768617683686177
0.7189912826899129
0.7265877957658775
0.7055105853051059
0.7779576587795763
0.7022571606475718
0.8171855541718559
0.6928549190535488
0.8169987546699877
0.6742061021170608
0.7851805728518061
0.6485990037359899
0.7693648816936484
0.6438823163138232
0.7396014943960142
0.640628891656289
0.6345579078455792
0.6206102117061022
0.6328767123287667
0.5840909090909092
0.6264009962640098
0.5180572851805728
0.6647571606475718
0.5176836861768368
0.7435242839352428
0.5198941469489414
0.7696139476961394
0.49881693648816955
0.7679950186799495
0.5182596513075964
0.785865504358655
0.5300747198007472
0.7783935242839345
0.4987079701120796
0.7793275217932756
0.45401618929016163
0.7615815691158156
0.4535180572851806
0.7611457036114567
0.4375622665006229
0.733312577833126
0.45348692403486945
0.747758405977584
0.4631070983810707
0.7629514321295143
0.4742995018679952
0.7656288916562884
0.49716687422166866
0.7656911581569107
0.4981164383561641
0.7478829389788294
0.49020859277708567
0.7275217932752175
0.5108499377334993
0.7203611457036112
0.5156133250311332
0.6911581569115818
0.5096513075965128
0.660336239103362
0.5037048567870485
0.6327521793275214
0.5179016189290159
0.5920921544209212
0.5346824408468241
0.5886674968866749
0.5368462017434622
0.6152552926525523
0.533125778331258
0.6232876712328763
0.5459682440846824
0.6240971357409709
0.5639165628891655
0.6346201743462013
0.5705168119551682
0.6332503113325036
0.5685398505603986
0.6228518057285186
0.5849626400996267
0.6327521793275214
0.5895859277708592
0.631070983810709
0.5936643835616437
0.6237235367372352
0.5927148194271483
0.6282689912826898
0.5954389788293899
0.6304483188044826
0.6030977584059772
0.6295765877957662
0.6140255292652553
0.6227895392278953
0.6207814445828145
0.6168742216687423
0.6391033623910337
0.6090909090909093
0.6498599003735991
0.6135740971357413
0.6646948941469489
0.6192403486924035
0.6919364881693649
0.6154420921544212
0.706989414694894
0.6114570361145703
0.7079701120797014
0.5960149439601493
0.7117839352428396
0.6109589041095893
0.7084838107098379
0.6166874221668734
0.7137764632627644
0.6212328767123289
0.7163138231631382
0.6211083437110828
0.7146170610211706
0.6162515566625159
0.713760896637609
0.6104607721046071
0.718851183063512
0.6034246575342462
0.721046077210461
0.6090909090909093
0.7157378580323785
0.6011830635118307
0.7175747198007472
0.6143835616438346
0.7223381070983811
0.6245330012453298
0.7290473225404737
0.6266500622665009
0.737593399750934
0.6424657534246576
0.7447540473225405
0.6544209215442093
0.7747353673723536
0.6980074719800747
0.7997042341220423
0.7301369863013691
0.8226027397260275
0.7540473225404735
0.8439757160647573
0.7688667496886672