0000000100
1.0
1.0
1.0
1.0
1.0
1.0
1.0
1.0
1.0
1.0
1.0
1.0
0.9998300042498938
0.9926051848703783
0.9889715257118575
0.5047173820654477
0.8536549086272845
0.10038249043773924
0.7376965575860603
0.0
0.6615597110072252
0.009689757756056397
0.6832129196770078
0.16421589460263536
0.7288780280492991
0.37841053973650735
0.7693370165745862
0.5768805779855503
0.7915002124946879
0.6840628984275382
0.8008074798130046
0.7388015299617506
0.7972163195920104
0.7399915002124953
0.7895665108372291
0.778750531236719
0.7846791330216747
0.7999150021249475
0.7711857203569914
0.8018699532511689
0.7497662558436039
0.8212494687632811
0.7414152146196348
0.8160645983850406
0.722460688482788
0.7924351891202722
0.6761368465788353
0.7654058648533789
0.649787505312367
0.7830004249893755
0.6271780705482367
0.7609859753506165
0.6324266893327668
0.801189970250744
0.6568423289417763
0.8303442413939657
0.6542286442838934
0.8411389715257124
0.643178920526987
0.8447938801529964
0.6439014024649385
0.8630684232894179
0.6296855078623039
0.8640033999150026
0.5854866128346793
0.8375690607734808
0.5082872928176801
0.8522736931576712
0.46925201869953315
0.8719082022949425
0.5059498512537193
0.8991925201869951
0.5033361665958351
0.8934976625584364
0.46002974925626894
0.8774330641733962
0.3935826604334893
0.8660433489162775
0.3939864003399916
0.8735231619209518
0.38440288992775196
0.8777730556736083
0.48761155971100756
0.9054823629409269
0.5408202294942629
0.9857203569910752
0.5114534636634087
0.9996600084997875
0.47860178495537614
0.9986400339991504
0.4705269868253294
1.0
0.47095197620059503
1.0
0.42743306417339577
1.0
0.3987675308117295
0.9868253293667658
0.3865703357416066
0.9548661283467917
0.42987675308117307
0.9526561835954105
0.47526561835954106
0.9431364215894603
0.5286230344241394
0.9287717807054827
0.5502124946876333
0.9145771355716108
0.5748618784530389
0.910582235444114
0.5920101997450069
0.8972375690607736
0.5945813854653639
0.8895877603059925
0.5986612834679138
0.8820229494262645
0.6014024649383767
0.8784530386740333
0.6114322141946447
0.8759031024224393
0.6202719932001701
0.8737781555461112
0.6318317042073953
0.8764130896727587
0.6454951126221846
0.8777730556736083
0.6483212919677009
0.8788780280492989
0.6633234169145775
0.8835529111772207
0.6708669783255423
0.8914577135571612
0.7018274543136426
0.9027624309392266
0.7334679133021672
0.9029324266893332
0.7634084147896308
0.9077773055673609
0.779600509987251
0.9144071398215046
0.7885040373990649
0.9177220569485751
0.7988312792180194
0.9280917977050578
0.8114747131321716
0.950276243093923
0.8263918402039955
0.9784105397365066
0.841266468338292
0.9981300467488315
0.8619422014449637
0.9994050148746284
0.6743093922651938
1.0
0.3032724181895455
1.0
0.7317042073948149
1.0
0.9959626009349769
1.0
0.911517212069698
1.0
0.9004674883127927
1.0
0.9858903527411815
1.0
0.9992350191245222
1.0
1.0
1.0
1.0
1.0
1.0
1.0
1.0
1.0
1.0
1.0
0.9991712707182323
1.0