0000000100
0.10496791638080667
0.0
0.11001251059364758
0.0006457080592443002
0.11174785100286565
0.012429880140441473
0.12252310424149511
0.02534404132531632
0.12902054158763498
0.04003389967311079
0.13818152467815573
0.045522418176682934
0.14734250776867533
0.042939585939707495
0.15266959925743595
0.04229387788046437
0.15948989063319768
0.05327091488760749
0.17208119778845066
0.14173291900399615
0.17922434319383307
0.21760361596513242
0.19032245046208496
0.1943581258323576
0.23023527987408698
0.1951652609064128
0.24056660882198697
0.24181766818677108
0.22942814480003235
0.24956616489769445
0.20997618951531608
0.22260785342426945
0.21332580007264224
0.23084063117962736
0.26683885548246555
0.2991242584446512
0.3242665160014527
0.38451914927963166
0.40643286654021515
0.5322248678316316
0.4896484926752486
0.53900480245369
0.5604342386698407
0.5798458372008548
0.6342063844384355
0.6247225473182935
0.6674199927357846
0.6941361636869919
0.6691149763912987
0.7307800960490739
0.6149158561685302
0.7290043988861524
0.5574074821421363
0.7346543444045356
0.4576455869889821
0.7806610436256513
0.49089955204003394
0.7890552483958183
0.5378344565963113
0.7685540175148317
0.6135437265426367
0.7233544533677712
0.7014003793534843
0.7340086363452918
0.6824327051131996
0.7879252592921413
0.6780338189596025
0.7669397473667212
0.6535372694620435
0.7464385164857333
0.5849711449211024
0.6881633641389883
0.49860769199725513
0.6628193228136725
0.4563541708704953
0.642318091932684
0.4993744703176077
0.6132612292667169
0.5308930949594414
0.5454618830461276
0.46947011582388376
0.41648169821219544
0.3420638443843581
0.23826627386093008
0.29940675572056974
0.17708543524758827
0.2914161184874294
0.1722426248032604
0.40542394769764684
0.17530973808466865
0.5144275394487267
0.17175834375882765
0.5308123814520359
0.17579401912910025
0.5091811614673716
0.18015254852899648
0.49832519472133663
0.16368699301828063
0.5430808345776664
0.1578756204850884
0.56160458452722
0.22373784252794654
0.5928407118931345
0.3259211429032653
0.6552322531175588
0.36256507526534537
0.7955123289882566
0.43682150207837295
0.815327495056297
0.4999394648694453
0.8196053109487871
0.5139836151579955
0.8539892651035143
0.5336777109649304
0.8957585051858425
0.5319020138020091
0.9232010977036997
0.5349691270834179
0.934904556277492
0.570805924371444
0.9441058961217155
0.5869486258525363
0.9508454739900718
0.5985713709189224
0.9666653214415427
0.6331167520884623
0.9822833851244994
0.6235925582146151
0.9875701198595586
0.60325275434844
1.0
0.5905000201783772
0.9896283142983973
0.5449776020016943
0.9737277533395202
0.46426409459623075
0.9561725654788318
0.40017756971629226
0.9220711086000238
0.3325396505105133
0.8937003107470026
0.28685580531902066
0.8500746599943493
0.2008152064247959
0.7815488922071102
0.15061140481859722
0.7172202268049553
0.14802857258162236
0.5826304532063439
0.14334718915210484
0.39924936438112885
0.14447717825578194
0.2566689535493771
0.12865733080431038
0.21978288066507995
0.12607449856733555
0.21393115137818322
0.14028007587069663
0.21239759473747882
0.13059445498204153
0.20755478429315097
0.12768876871544424
0.1974252391137658
0.12220025021187385
0.19375277452681777
0.10105331127164166
0.1826950240122692
0.10186044634569513
0.17393760845877576
0.09717906291617998
0.16538197667379656
0.09346624157552745
0.15650349085919552
0.08491060979054767
0.1471810807538644
0.09072198232374167
0.1398765083336705
0.0773235400944352
0.13079623875055577
0.06279510876145049