0000000100
0.057073767626150906
0.8278609719146955
0.06144388765878108
0.8337460668919708
0.06834867731033689
0.8185380491784179
0.0646777764829275
0.7907440857708896
0.05969583964572899
0.7832857475818672
0.057204871227129764
0.8139348560773804
0.0777735695140427
0.872844074117236
0.0979052557976927
0.9350163151147889
0.11187507283533399
0.9753379559491905
0.1339296119333412
0.9757458338189018
0.1467486306957233
0.926975294254749
0.15108961659480266
0.8314153362079014
0.1357213611467196
0.6889494231441554
0.10310569863652268
0.5331400769141129
0.07085421279571155
0.3889843841044166
0.039476750961426534
0.27501165365342045
0.013896981703764225
0.18714310686400193
0.0019228528143573525
0.13237093578836964
0.0
0.18108320708542144
0.019272229343899296
0.28439284465679976
0.06112341218972159
0.2953472788719261
0.10211513809579316
0.297211863419182
0.12657324321174698
0.3548391795827994
0.13071029017597027
0.3674833935438762
0.13617294021675805
0.3956852348211166
0.14090723691877413
0.40203647593520564
0.16695315231325028
0.4188760051276075
0.1717020160820419
0.4557598182030069
0.2033271180515093
0.47877578370819274
0.2345734762848155
0.47545449248339355
0.24261449714485503
0.47912539331080317
0.34430719030416046
0.4833789768092297
0.4566775434098592
0.48675853630113064
0.4850104882880783
0.4788923202423962
0.5575981820300665
0.46380083906304653
0.6535951520801774
0.42138154061298244
0.7553024123062583
0.39749155110127055
0.8018150565202191
0.4073971565085654
0.831939750611817
0.4472526512061534
0.8548683137163503
0.47434739540846077
0.8764130054772173
0.5015586761449716
0.9104853746649576
0.5245163733830558
0.9174484325836152
0.5375684652138447
0.9223575340869364
0.5458425591422913
0.9413966903624288
0.5346550518587578
0.9499766926931597
0.5003933108029369
0.9539972031231795
0.48996329099172603
0.9723080060599002
0.5604096259177257
0.9839907936137984
0.5843578836965393
0.9986015615895587
0.5063366740473142
0.9919152779396345
0.48611758536301153
0.9777269549003613
0.48675853630113075
0.9664520452161753
0.464325253466962
0.939910849551335
0.5760255215009908
0.9571436895466734
0.6880753991376294
0.975556461950822
0.5463669735462069
0.9853746649574642
0.4819805383987881
1.0
0.5067445519170262
0.9998980305325724
0.5184564736044753
0.9962853979722643
0.5501544109078198
0.9724245425941037
0.5620994056636754
0.959663792098823
0.5518441906537701
0.9417171658314886
0.5178737909334579
0.9157732199044403
0.46100396224216295
0.8896690362428625
0.42930602493881836
0.8683574175504025
0.428548537466496
0.8482839995338541
0.42027444353804944
0.8392378510663095
0.4195169560657267
0.8141242279454611
0.43629821699102694
0.7986540030299502
0.441076214893369
0.7690245892087172
0.434899778580585
0.7471885561123414
0.41706968884745366
0.7249446451462535
0.37989453443654586
0.7180544225614733
0.3682991492833003
0.7223954084605527
0.38473080060598974
0.7134949306607623
0.3704550751660648
0.717369770423028
0.32395699801887895
0.7042448432583617
0.25048071320358956
0.6793934273394711
0.17210989395175372
0.6526919939401002
0.11121955483043947
0.6323855028551453
0.10078953501922855
0.6072864468010721
0.10976284815289594
0.5665132268966323
0.10323680223750158
0.5275317562055707
0.08156100687565544
0.4779308938352176
0.046833119683020744
0.43527852231674646
0.021428155226663595
0.356237617993241
0.013445402633725715
0.22750844889872987
0.024574641650157464
0.1676523715184712
0.04123936604125411
0.1877257895350194
0.054291457872043