0000000100
0.6457807288257117
0.5836840300508127
0.7124598647090002
0.5917890208547648
0.7488388042021268
0.5813148788927343
0.7677608404252005
0.6330621278718168
0.7875868948533311
0.6778266155428782
0.8010848218460676
0.6358053555285387
0.815829670500951
0.5816889553913778
0.7958165778234985
0.5516381433336451
0.7421366002680885
0.6227126780759996
0.7210012780947036
0.6843106081860408
0.7392998534867052
0.6304435923813091
0.739673929985349
0.5526356806633625
0.6699710090713554
0.5162255681286821
0.6123320552386301
0.4934069017113999
0.579943265064373
0.5069983478287979
0.5614576514230498
0.48916736806010175
0.5394494840861626
0.48530191090744734
0.5573428099379659
0.5185947192867616
0.5981171482901589
0.48704760123445257
0.5453723619813591
0.49390567037625827
0.49920508744038167
0.5477726861809912
0.5155397612145023
0.6400448891798377
0.5271984787555727
0.740546775148852
0.49942329873125757
0.6740858505564392
0.45790080738177685
0.6466535739892141
0.45440942672776646
0.6391720440163347
0.48779575423174076
0.5475233018485617
0.5084011346987124
0.5072477321612266
0.5436890177374609
0.3860469466005803
0.5412575204962751
0.33741700177686346
0.5126718413915646
0.30961064871099553
0.4947473424982079
0.27544499516817894
0.5127965335577798
0.24851148726581293
0.5398547336263603
0.25300040524954015
0.5536020449515262
0.312353876367718
0.5317497428224073
0.34951214189968544
0.5278842856697533
0.38704448393029756
0.5829047040119705
0.4195891393123234
0.6110851335764835
0.43405343059322316
0.6050375635150727
0.4786932260980712
0.5478973783472059
0.48467845007637433
0.4932822095451852
0.47994014776021754
0.4876710620655263
0.4522584868605627
0.4944044390411176
0.4947785155397613
0.47021415879547385
0.5870507185386074
0.4611116306618036
0.7619938277377729
0.45656036659496907
0.8353128214719913
0.46560054864553174
0.8242152186788867
0.5086816920726961
0.7067551981046797
0.6546338726269528
0.5743321175847133
0.7513014744848657
0.4886685993952433
0.7976557872751646
0.3887901742573028
0.811278406434116
0.3852987936032921
0.854827145484585
0.370211041491319
0.8984070575766081
0.3167181021852308
0.9674553446179747
0.3259453224851152
1.0
0.3028772717354036
0.9720689547679172
0.2940241279341629
0.9764020075438761
0.3102341095420686
0.9567006452819604
0.33629477228093174
0.9057015493001653
0.3351725427849998
0.8619657720003745
0.3470182985753925
0.811746002057421
0.3521306773901935
0.8137410767168557
0.292153745440943
0.8065089310764053
0.23192742915926348
0.8183546868667978
0.11322048692290962
0.8326942859814837
0.008977835967455562
0.7967517690701081
0.0
0.7314754200567353
0.004488917983728121
0.7336887060070454
0.07269553290314619
0.7743383521930237
0.05274478630880077
0.7244614857071607
0.1616010474141967
0.6983384768851902
0.358115901368497
0.671872564606129
0.35100844789426155
0.6012967985286329
0.5366750833878863
0.5048785810031489
0.6542597961283082
0.43305589326350635
0.6496461859783665
0.33224227687895536
0.5818136475575929
0.42956451260949574
0.5436578446959073
0.5893575236135792
0.6117397674491106
0.5865519498737495
0.47944137909535844
0.5408834439976309
0.44577449421740073
0.5774805947816333
0.5833099535521687
0.5819071666822536
0.57557903924686
0.48274572150004713
0.49166121138439467
0.35431279029894974
0.12618847220923332
0.31201097291062746
0.21609152405000223
0.3761027463449614
0.510739112815238
0.3739518064777585
0.6757068487172297
0.3215499236260483
0.7684778203809348