0000000100
0.06557232953172042
0.07577955039883973
0.06609972092205595
0.09045861076317933
0.06074889577427649
0.10575296108291035
0.06050717472037269
0.11357593337288775
0.06672599819807944
0.1300129650383458
0.07860329180126135
0.14579075746588432
0.09363394642582461
0.16385391258487708
0.10770870415540469
0.18095018348825462
0.11613597908014155
0.18881710506076005
0.1213659437009691
0.18429032896037978
0.12676071813127657
0.17593996528006686
0.13264992199002354
0.18169732129122992
0.12980420594633799
0.18525721317599483
0.12665084492495662
0.19769486013140838
0.13395741314523046
0.2020458391016767
0.14200013184784763
0.1930362361834444
0.1478234117828027
0.1719405805700221
0.14773551321774675
0.14271430768892698
0.16261234535346214
0.10105038785241839
0.18106005669457448
0.07068143362559609
0.20333135561561966
0.08100951501966733
0.2355681543498803
0.1387588722614103
0.25363130946887286
0.15471246181906084
0.2667281956622058
0.11405937548069522
0.28489023666688656
0.08241589206056212
0.29659173313995657
0.09384270551783247
0.32180763399037515
0.13581427033203683
0.3422330630452458
0.15866789724657748
0.36170259520513337
0.1431977497967346
0.37247016942448424
0.1304524578636254
0.38007339530182177
0.14640604742127586
0.39143428483530013
0.15915133935438508
0.3950271386819611
0.15022963500120853
0.40651987606302337
0.1277276023468918
0.4247258663502319
0.12698046454391637
0.4464807612015735
0.11555365108664604
0.45075482892741786
0.09696310457731781
0.46299470411145555
0.09006306722042759
0.4787724965389941
0.11041158503087432
0.6869053112707935
0.13396840046586242
0.8472322939328019
0.13076010284132114
0.8839189575230185
0.14209901773353548
0.9207594436020834
0.179192212187136
0.9406904432285145
0.22630584305711215
0.9537214054980553
0.25592765948095897
0.9610609356802251
0.2867800558155889
0.9535565956885755
0.37208561320236455
0.9384270551783245
0.41295844595336995
0.9197925593864682
0.43251587667831326
0.9150130749115521
0.4379655877117808
0.9108378930713958
0.45066693036236205
0.9048937526094889
0.43291142022106505
0.8970378183576154
0.4101896411541082
0.8870283692618719
0.3888302898455184
0.8838530335992267
0.3659766629309777
0.918869624453381
0.33604720152943507
0.9595336981123785
0.31569868371898846
0.9568967411607008
0.29860241281561095
0.9451622827257345
0.295921506581405
0.9784209022787703
0.2769354165293252
1.0
0.23083261915749234
0.9614345045817128
0.18683938734700153
0.926989254400422
0.15809655657371396
0.9051904102665527
0.15159206275957557
0.8937526094886503
0.14614235172610815
0.8731184213417716
0.14513151822796502
0.8394203089634563
0.13656140813501225
0.8434746302766608
0.12838684158481112
0.8400026369569517
0.1240798118970708
0.8262355242050676
0.12693651526138838
0.8047992616520535
0.12693651526138838
0.8082712549717628
0.12315687696398363
0.7925154371854882
0.12473905113499024
0.7811984969345376
0.12025622431713796
0.7824510514865847
0.11656448458478919
0.7557848243127433
0.1304964071461534
0.7221196738963237
0.11696002812754085
0.6763464961434507
0.09164524139143429
0.6318698222251523
0.06514382402707279
0.5742633001516251
0.06321005559584236
0.5550904256488013
0.07916364515349289
0.5227767156701169
0.11454281758850289
0.4373173357944932
0.15343793262574992
0.30345880853495066
0.18332344474476445
0.17036939371964754
0.2033203682949877
0.14735095699562714
0.211187289867493
0.1299690157558178
0.21457138462214612
0.11040059771024237
0.21338475399389095
0.11156525369723347
0.2227020018898192
0.0
0.03631309468872921