0000000100
0.13560595181548055
0.25823235056944327
0.13346294475681292
0.2559346935168514
0.13188330553315586
0.2533277364764103
0.1302373877406741
0.2519137936748153
0.14194660156638358
0.2521789079501143
0.20445833839627953
0.25120682227401775
0.23450462293017554
0.2509417079987186
0.2442144332630044
0.2458603510554863
0.2571166613275597
0.34775260419543347
0.2761496570084063
0.590729837507042
0.30970870569001513
0.6088017939399294
0.3559159145890176
0.5941321373733802
0.425563643995714
0.5947507373490781
0.476664420559612
0.5863996376771573
0.5201873474212113
0.605443679786141
0.5618655207838544
0.6979685618655208
0.5983739657781657
0.8001259292807673
0.6300661681045433
0.8049863576612504
0.6616699990058214
0.8022468434831598
0.6964220619262764
0.8208048427540955
0.7252090536525014
0.8280071138997204
0.7449711135904205
0.821865299855292
0.7375479138820463
0.8237210997823854
0.7497542169739414
0.8197885713654491
0.7787952765473286
0.8288908281507175
0.7813690943033571
0.8138235001712198
0.7916643653274712
0.7630099307388953
0.8327902172832413
0.7383984888486307
0.8639853303434334
0.7442310029052105
0.8763020977167034
0.7413589315894706
0.9006042396191193
0.7840865156251728
0.928209263534636
0.8212025141670443
0.9373888453168668
0.8095816717664345
0.9474963270626443
0.7891236868558552
0.9392225523876854
0.7823190871231788
0.9408905630364424
0.7693726733460734
0.9374109381731418
0.7548797596297238
0.9126448462889524
0.7448054171683584
0.9028135252466117
0.7237288322820812
0.911672760612856
0.6939034763109349
0.9018745788549274
0.6786152197686874
0.8629248732422369
0.6549758635545196
0.8365901885625284
0.6274923503485145
0.8020590542048229
0.5930716802721837
0.7467827278049642
0.5606393672605963
0.7805516586211849
0.5170280689738973
0.8421134026312592
0.4321915008781911
0.8373413456758758
0.2850088923746507
0.8332983529775647
0.2181559092867321
0.851745887967126
0.2594253648082891
0.881085201100224
0.33524804754382675
0.9025042252587624
0.39074530250643436
0.9317883062511739
0.43722867210887334
0.9441934450495433
0.48813061296629734
0.9449666950191657
0.5172931832491965
0.9667060655936907
0.537662796734676
0.9806908436157169
0.5583858959205542
0.9804146829122805
0.5677532669811216
0.989638450407061
0.5689462812199673
1.0
0.574557866713798
0.9986191964828173
0.5669137384426745
0.9937035359616466
0.5574579959570073
0.9824030399770236
0.5495045676980347
0.9671258298629137
0.5420371822771106
0.9521247804522407
0.5354976968197335
0.9374882631701038
0.5246721972450209
0.926176720757343
0.5042583980469917
0.9033437537972097
0.48693759872745157
0.8818694974979842
0.47116329934715595
0.8607487268991573
0.4423984004772055
0.8366564671313531
0.41204281595546066
0.8147624465629039
0.385354645575353
0.7813470014470821
0.3445712328918445
0.7406519601886731
0.30431804875893365
0.7051708330111458
0.2734764213991406
0.6659339202668817
0.23636042285726905
0.6248853933080739
0.17750505374087291
0.580346195057828
0.11957758458802335
0.5135705369668717
0.0865266716007379
0.4204712406243442
0.07852905762921551
0.29766809902018176
0.07667325770212194
0.18650789267290419
0.07627558628917344
0.09603764622709246
0.0750383863377777
0.022634131253659127
0.07499420062522776
0.00457322124890914
0.07375700067383213
0.002827885603190246
0.08188717178300396
0.0005633678350105287
0.18523755343709616
2.2092856274903387e-05
0.2782484783545241
0.0
0.1515238547615629
0.0006627856882477246
0.0733593292608835