0000000100
0.21053451768739284
0.08874863643447096
0.20695028829671183
0.050101293439301885
0.20213884992987383
0.023609163160355315
0.20063892784790413
0.0033504752999844655
0.19539894031478883
0.0
0.18462677263518787
0.0025712949976624917
0.17175081813931745
0.006155524388343421
0.15955664640797879
0.010285179990649861
0.15542699080567246
0.015427769985974737
0.15630356864578465
0.014960261804581616
0.16226429795854763
0.019869097709209943
0.16384213807074952
0.026258376188249933
0.17412731806139942
0.0328034907277544
0.27170017141966657
0.0355306217858813
0.3441834190431666
0.04449119526258373
0.3743376967430264
0.07682717780894503
0.39545348293595134
0.09599501324606516
0.4302049244195107
0.12279881564594053
0.4582359357955431
0.14368084774816903
0.49452625837618824
0.15038179834813778
0.5427769985974755
0.16767960105968524
0.5719183419043165
0.18918497740377124
0.6161952625837617
0.20056100981767186
0.6387330528284245
0.20882032102228454
0.6578814087579864
0.19760012466884844
0.6697639083683963
0.19830138694093805
0.6996844319775597
0.18513323983169705
0.7329359513791489
0.17064048620850866
0.7535063113604485
0.14921302789465485
0.725806451612903
0.11781206171107994
0.7119175627240141
0.08742402992052363
0.7200989558983947
0.0647498831229547
0.7259622876733675
0.04799750662303261
0.7708625525946703
0.04051737572074182
0.8142823749415613
0.03833567087424024
0.7940042075736327
0.03825775284400808
0.783485273492286
0.040205703599812966
0.8418069191210844
0.04402368708119063
0.8984143680847745
0.06669783387875956
0.8915186224092253
0.10744896369019799
0.8892589995324917
0.12030543867851026
0.9009077450522046
0.14157706093189965
0.9028167367928939
0.16619915848527353
0.877863487611033
0.19479507558048925
0.8648706560698142
0.21232663238273333
0.8894927536231886
0.22713105812685058
0.9046088514882341
0.24692223780582842
0.9083683964469377
0.2707651550568802
0.924575346735234
0.29343930185444916
0.9307698301386937
0.31852890758921615
0.9472300140252455
0.33925510363098005
0.9438211002025867
0.35328034907277556
0.9489052516752374
0.36621474209131966
0.9597163783699547
0.37205859435873473
0.9822736481221753
0.3815645940470626
1.0
0.3926289543400343
0.9825463612279879
0.39886239675860985
0.9532686613682404
0.39730403615396587
0.9284322892317278
0.38203210222845546
0.9081736013713573
0.3708898239052518
0.884992987377279
0.35452703755649045
0.8561438366838083
0.33138538257752836
0.8325931120461275
0.3055165965404394
0.8091982234689105
0.2748948106591866
0.7861929250428548
0.24676640174536382
0.7619798971481998
0.22993610721520963
0.7333450210378681
0.21669004207573644
0.7087229234844944
0.2129499766245909
0.679601059685211
0.20858656693158803
0.6615240766713417
0.23749415614773267
0.6585826710300762
0.30014025245441794
0.6431549010441014
0.3716690042075737
0.6202664796633941
0.4076671341748482
0.5978650459716378
0.3861617578307622
0.5919822346891069
0.3373071528751752
0.5698924731182795
0.2805828268661367
0.5037790244662614
0.253155680224404
0.4081346423562412
0.2612591553685523
0.31089294062646095
0.25798659809880004
0.25091553685522827
0.2605578930964625
0.19109396914446003
0.3093345800218171
0.10162459093034129
0.3613838242169239
0.07293127629733522
0.3950444132772321
0.08724871435250116
0.39714820009350177
0.08941093969144466
0.3670718404238741
0.08089839488857728
0.3118279569892473
0.06911329281595766
0.25783076203833566
0.05538023998753314
0.2071061243571763
0.052438834346267754
0.15801776531089298
0.06543166588748642
0.12957768427614152