0000000100
0.5253575233237563
0.298753914194402
0.5332343351518869
0.3100526196855731
0.5387545598347161
0.32018917261193736
0.5436130031959195
0.3250314749652963
0.5506020595926009
0.33678212867611446
0.5529102237143682
0.3444652484101106
0.5546373115537334
0.3480162701359074
0.5577363850598829
0.3595086677212119
0.5573651418794586
0.364157277980437
0.5588339735933109
0.36770829970623353
0.5587532685540882
0.376489007973658
0.5584304483971974
0.3796526455111858
0.5109274623107465
0.3839784356135196
0.42718791361332586
0.3895955063434152
0.3640120089098362
0.39217806759854096
0.31442683281144046
0.3870129450882907
0.29271717726054813
0.3915969913161376
0.3108758110856439
0.3961810375439841
0.3612357555605771
0.401539852148368
0.39634244762242915
0.4024437485876617
0.45033411886238156
0.4118055331374892
0.5027923943571034
0.4182619362753009
0.5081189269457983
0.42220034218936614
0.5164315459857314
0.4240726990993316
0.4830196597475544
0.42852761726442185
0.40985247118830087
0.4281402330761531
0.39170997837104937
0.42865674532717807
0.43010943603318574
0.4375020176259804
0.5266326629434742
0.4411176033831546
0.5330729250734413
0.43872873422216463
0.5347193078735831
0.4427317041676078
0.5528456596829906
0.4393743745359461
0.5539593892242631
0.43969719469283647
0.4707040707621782
0.4422151919165831
0.43575878877877117
0.4412467314459113
0.453949704619556
0.4433127804500114
0.4926074184072051
0.44253801207347343
0.36005746198792643
0.44512057332859845
0.41153113600413194
0.44854246699163874
0.5934887174355163
0.4469283662071858
0.5966362139652
0.44912354327404186
0.5948607031023017
0.4532556412822415
0.6101300965232272
0.4565484068825258
0.651806178777803
0.4588727120121381
0.6772282661329372
0.4615198372986407
0.6841204764825514
0.4624882977693125
0.69772734609549
0.4674597281854279
0.7089292055395937
0.4684281886560995
0.7208251283210122
0.46810536849920864
0.7355457274752236
0.4721729024760306
0.7445039868289376
0.46933208509539315
0.7529941569551603
0.47404525938599607
0.7677954611485936
0.4815992510572358
0.7603544565322659
0.4770797688607675
0.7442457307034251
0.4771443328921456
0.7429705910837076
0.47998515027278305
0.7378700326048356
0.4819220712141266
0.7227943312780448
0.477919101268683
0.7063305032766244
0.4817283791199923
0.6869612938631886
0.4797268941472706
0.6682377247635343
0.4851502727830326
0.6464957871969524
0.4936727249249443
0.6107273138134742
0.49225231623462545
0.5529909287535916
0.491864932046357
0.5604964974012973
0.4952868257093973
0.7141750330890656
0.48721632178713215
0.7081867191787458
0.5161410078445298
0.8064693159440876
0.6217677631791325
0.8252897310908093
0.6275139619717854
0.8420118152177422
0.624866836685283
0.974626335668399
0.6266100655324915
0.9675242922168056
0.582835652258127
0.897456177163702
0.48166381508861417
0.8280498434322239
0.4750782838880455
0.7743325693256289
0.4757239242018272
0.7347709590986862
0.47294767085256784
0.7821932401459144
0.5571391677696348
0.9983374761920136
0.6340349291409749
0.36338250960389956
0.4385350421280303
0.0
0.2651806178777803
0.09358556348258353
0.3058559576459951
0.18507279594537865
0.5398360073602986
0.3154921393291794
0.580059398908868
0.06535494076250103
0.45583820253736645
0.8010943603318591
0.5920683087451978
1.0
0.6086612648093751
0.8188171869451533
0.5257610485198698
0.6935145430480679
0.5043903541337121
0.6968557316718854
0.4981276430900343
0.6924330955224842
0.4925105723601382