0000000100
0.0813216039279869
0.0784338411179655
0.08467361198539594
0.08057409039405763
0.08730171219942087
0.08737252927105627
0.08413854966637288
0.08752990054135715
0.07634867178647865
0.0775525620042805
0.07438153090771749
0.07330353770615634
0.08117210122120107
0.07862268664232658
0.08238386000251793
0.08359561878383483
0.07698602543119726
0.07443661085232278
0.07601819211884676
0.11299257207604173
0.12804513408032225
0.3052687901296739
0.17029145159259726
0.3082588442653909
0.1919693440765453
0.3209744429057031
0.24243044189852697
0.38631499433463423
0.3022157874858366
0.3966385496663728
0.33274581392421004
0.3922321540979478
0.3673832305174367
0.3925468966385497
0.3954976079566914
0.3963552813798311
0.42576797179906833
0.39585169331486825
0.4450695581014731
0.3685005665365729
0.44817764068991567
0.39761425154223834
0.48069054513408027
0.41158882034495775
0.48797683494901173
0.3975513030341181
0.49848136724159625
0.3650698728440136
0.5047054009819967
0.3645662847790507
0.5359121238826641
0.4407654538587434
0.5657969281128036
0.40425531914893614
0.6012054639305048
0.38470980737756505
0.613913194007302
0.39689034369885434
0.6246773888958831
0.395788744806748
0.6235915271308071
0.396323807125771
0.6274943346342692
0.38064962860380186
0.6488496160141005
0.34451718494271677
0.6313814050107012
0.3335956187838347
0.6297054009819967
0.3507490872466321
0.6027634395064836
0.3451466700239206
0.5988448948759915
0.3190545134080322
0.6363543371522095
0.28499937051491875
0.6331203575475259
0.19721767594108008
0.4268066221830542
0.0714150824625456
0.34080322296361576
0.06190985773637165
0.42437523605690536
0.06672541860757901
0.45883167568928623
0.060367619287422875
0.5164925091275336
0.0780876243233035
0.5548202820093164
0.11818582399597127
0.5800468966385497
0.16571194762684124
0.5874512149062067
0.2019702883041672
0.6007569558101472
0.23054891099080946
0.6141335137857232
0.24716731713458384
0.6305001258970162
0.26485584791640443
0.6466621553569178
0.28317386377942844
0.6572532418481679
0.2926790885056024
0.6524140752864157
0.2883671156993579
0.6547746443409289
0.28817827017499686
0.6491958328087623
0.2844643081958958
0.6364015485332997
0.2738574845776155
0.6245593604431574
0.25062948508120353
0.612166372906962
0.23841747450585407
0.5946588190859875
0.22642578370892608
0.5759788493012715
0.2133639682739519
0.5523731587561375
0.18947500944227613
0.5237394561248898
0.15466448445171843
0.49548344454236437
0.1250157371270301
0.4648275210877502
0.08790759159007931
0.4317638171975324
0.05762935918418732
0.38079126274707287
0.03962608586176509
0.3282764698476647
0.04437869822485205
0.2704582651391162
0.034936422006798425
0.18791703386629732
0.036761928742288806
0.07709618532040788
0.03978345713206597
0.012196273448319264
0.03657308321792774
0.010016681354651894
0.0351252675311595
0.00923769356666247
0.035314113055520575
0.017428868185823995
0.035628855596122375
0.026753115951151953
0.04110537580259348
0.04962703008938688
0.04368626463552813
0.010473058038524486
0.04192370640815811
0.012589701624071506
0.04853329976079566
0.0
0.032670275714465576
0.12006641067606695
0.13766838725922198
0.9213143648495531
0.9259096059423393
0.9961916152587182
0.9980485962482688
0.860065466448445
0.9169079692811279
0.6732342943472239
0.8986529019262244
0.8512526753115951
0.9612237189978596
0.9974191111670653
1.0
0.8886440891350874
0.9993705149187964
0.7465378320533803
0.9984892358051113
0.9628289059549289
0.9996223089512779
0.999496411935037
0.9998741029837593