0000000100
0.14237702843321987
0.24771493658070126
0.1468768456281463
0.2644767556318024
0.15188289225750204
0.2842197035745423
0.15394999578142135
0.3048063672413307
0.14689090755688047
0.3192057822650955
0.1424192142194223
0.3302303343926651
0.1497736029473802
0.3292178755238067
0.16448238040329607
0.32488680147369015
0.190046966841972
0.3413673819501081
0.22389402930505944
0.36049160502854555
0.25599741260511294
0.3731473408892763
0.2730404702308968
0.37961582810698286
0.281674494473662
0.3849593610259582
0.3009674606969091
0.38417189301684607
0.3339145597210113
0.39688387659251334
0.3647945552211941
0.3513232274938831
0.38720926962342145
0.2689203251117923
0.3896982310093652
0.25857074556346155
0.3837781590122901
0.29119442022667824
0.3695474871333352
0.27111398599431896
0.32535084512191687
0.2464212391371599
0.2801979919565767
0.23061563123998086
0.2717045870011531
0.2493461203138623
0.2605394155862418
0.297662907444385
0.2695390499760946
0.252720983210057
0.30366735101386505
0.2350592007199706
0.3157606097252299
0.1963607728436032
0.33563011502657697
0.10417076806254741
0.3633602384903112
0.12824479005540396
0.38751863205557263
0.20108558089827597
0.3752425682706639
0.23078437438479063
0.3437157240487105
0.246027505132604
0.33464578001518686
0.2617768653148465
0.4172314874708214
0.27628877576848426
0.4491942514835333
0.29417554911831695
0.4306043816969936
0.317518350816998
0.41267542256095846
0.34243608853390334
0.40118682678516177
0.36566639480271096
0.4036336023849031
0.38569058132013384
0.3929043507607502
0.4000337486289619
0.3826953904997608
0.414770649942346
0.4042382653204713
0.42742638580307674
0.4037039120285738
0.43698849734229545
0.40982085102792687
0.44283825969569973
0.4090052591613465
0.44283825969569973
0.40505385718705167
0.4343448547402761
0.42146412801979916
0.4196642011418285
0.38075484433444884
0.4008212166380741
0.39296059847568693
0.3768034423601539
0.5064825491464409
0.35272942036729754
0.5727845431279354
0.3289928846640604
0.6198779424585875
0.3083499732823352
0.6788255477121241
0.2842759512894788
0.7378434626093314
0.2598081952920662
0.7734201423067186
0.23331552155693672
0.7914334730151587
0.21014146300306547
0.8229321933796436
0.19506707540006185
0.8835672300812779
0.1788114857833899
0.9268217228675084
0.17712405433529257
0.9081474815085636
0.2293781815113759
0.8844671935202632
0.27887617065556713
0.8837359732260877
0.33861124391821584
0.8825125854262166
0.38147200269989023
0.8883061000646848
0.4165705768203167
0.9030711252355372
0.4293388081109204
0.9269201563686477
0.4225890823185307
0.9804679809882721
0.3686475236943497
1.0
0.2667266642292656
0.989073881373569
0.16148718958292316
0.9387181145765952
0.17245549399555643
0.8581713867874116
0.18893607447197452
0.7962989003571729
0.1993419017352419
0.7177630283769719
0.20153556261776862
0.5709986781786988
0.1990606631605591
0.4789071068987822
0.1966420114182861
0.39440897713530376
0.19658576370334951
0.24391821582248216
0.19703574542284216
0.1715836544140394
0.19422335967601306
0.14365666394802706
0.18527997300109683
0.12913069156565513
0.17183676913125395
0.14410664566751974
0.15293753691256293
0.16722445650645437
0.11806395365188288
0.18440813341957973
0.0807154709339933
0.19460303175183502
0.05202913631633715
0.20160587226143928
0.03605478527434821
0.21143516044660682
0.02413026970779312
0.22600331861518122
0.01490564445819389
0.23709818038642183
0.00781843237618471
0.2479961751553843
0.0028686334617656186
0.2718592682172286
0.0