0000000100
0.537446958981613
0.6359971711456865
0.538277934936351
0.6210749646393215
0.5357850070721363
0.6256011315417258
0.5339639321074969
0.6459688826025465
0.5394801980198027
0.646393210749647
0.5380834512022636
0.6290664780763798
0.5393033946251771
0.6333804809052337
0.5403111739745411
0.6469589816124475
0.5493458274398874
0.6469589816124475
0.556683168316832
0.6438472418670447
0.5523868458274404
0.6400282885431405
0.545155586987271
0.6511315417256016
0.547454031117398
0.6533239038189539
0.5547029702970305
0.6349363507779354
0.5291902404526174
0.6382602545968891
0.4525459688826028
0.6589108910891094
0.41987270155587036
0.4588401697312591
0.4255834512022633
0.20063649222065064
0.4483557284299861
0.18606789250353645
0.455480905233381
0.27588401697312565
0.4880127298444138
0.31301272984441303
0.5207567185289965
0.40480905233380504
0.5275990099009901
0.5466053748231972
0.526997878359265
0.7297736916548806
0.5385254596888266
0.6570014144271575
0.5849717114568608
0.6473833097595482
0.6040311173974545
0.7944837340876948
0.6055339462517683
0.9541725601131544
0.59192008486563
0.9106082036775116
0.6136315417256014
0.7611739745403114
0.6335749646393216
0.882248939179633
0.6334158415841586
0.8349363507779355
0.6425742574257434
0.7664780763790667
0.6388967468175394
0.8188118811881199
0.6571605374823207
0.7970297029702973
0.7157355021216415
0.9504950495049505
0.7069483734087697
1.0
0.6929809052333807
0.9922206506364928
0.6714639321074974
0.9608203677510618
0.6836987270155592
0.9068599717114579
0.6918670438472428
0.8676096181046684
0.6829561527581335
0.8920792079207929
0.6535360678925043
0.8664073550212169
0.6038189533239046
0.8426449787835931
0.5370579915134376
0.831966053748232
0.5083097595473838
0.8098302687411608
0.496711456859972
0.7878359264497888
0.3224717114568602
0.6118104667609623
0.43170084865629443
0.49123055162659174
0.45555162659123105
0.5008486562942011
0.414975247524753
0.5705091937765213
0.4509193776520514
0.6415841584158424
0.4674151343705802
0.7049504950495049
0.5194306930693077
0.7542432814710047
0.583734087694484
0.8120226308345123
0.637305516265913
0.8504950495049513
0.6659299858557289
0.9027581329561533
0.6740806223479499
0.9400282885431408
0.665717821782179
0.9371287128712882
0.6522807637906658
0.9198019801980208
0.6378889674681761
0.9306223479490819
0.6233380480905241
0.9289957567185303
0.6167079207920797
0.9365629420084879
0.6111562942008492
0.9306223479490816
0.6001944837340885
0.9077793493635086
0.5886492220650642
0.9144271570014154
0.5731789250353612
0.9197312588401707
0.5551626591230556
0.9111032531824621
0.5328854314002837
0.8854314002828865
0.504190240452617
0.8777934936350791
0.4736386138613869
0.8457567185289968
0.4411775106082039
0.8236209335219244
0.3989214992927867
0.7524752475247533
0.35579915134370604
0.7104667609618107
0.31638967468175416
0.6657001414427159
0.28451202263083475
0.5978783592644986
0.2239038189533239
0.5548797736916556
0.14098302687411612
0.47871287128712925
0.010855728429985985
0.4731966053748237
0.0
0.4777934936350778
0.06672560113154159
0.4851485148514854
0.13265558698727029
0.4780056577086288
0.22588401697312588
0.49115983026874144
0.29096534653465345
0.49879773691654933
0.3183168316831683
0.48946251768034
0.33730551626591254
0.5147807637906651
0.3423267326732676
0.5199434229137208
0.338719943422914
0.4842998585572848
0.3454738330975957
0.5048090523338054
0.3608910891089109
0.5210749646393216