0000000100
0.07334626697540518
0.11855560423055247
0.07621252894423927
0.10253457663182916
0.08030540083860062
0.07790224669879216
0.0635208711433756
0.0644846360848613
0.05737530508792783
0.06062957631891855
0.061693472682896267
0.06228174479003689
0.0729832905688716
0.05502221665936539
0.07961699730896797
0.04190500031291059
0.08268352212278605
0.03049001814882032
0.08547468552475118
0.022229175793228615
0.084823831278553
0.01952562738594392
0.09068151949433625
0.05347017961073907
0.09172038300269097
0.07915388947994237
0.09285937793353775
0.08551223480818569
0.09090681519494336
0.08175730646473496
0.08547468552475118
0.05932786782652223
0.09264659866074225
0.04065335753176037
0.10041930033168531
0.024231804243068984
0.10794167344639836
0.01927529882971396
0.11184679892358718
0.016721947556167387
0.11588960510670251
0.01972589023092796
0.1402716064835095
0.02623443269290935
0.33833156017272664
0.02237937292696651
0.5106702547093059
0.015270041930033132
0.5794855748169473
0.006508542461981322
0.6019150134551599
0.0
0.6726828963013957
0.0007509856686901096
0.7026347080543215
0.0027536141185305007
0.7438262719819765
0.012666624945240504
0.766531072032042
0.02578384129169521
0.8077601852431315
0.036798297765817625
0.849953063395707
0.041804868890418616
0.8821453157268917
0.049565054133550265
0.8887539896113652
0.04796295137367793
0.8936479128856625
0.06939107578697036
0.9122598410413669
0.13357531760435576
0.8925589836660618
0.21097690719068768
0.8670505037862195
0.2843732398773389
0.8488391013204832
0.35726891545153006
0.8551724137931036
0.44107891607735156
0.8836472870642718
0.5028099380436823
0.9236247574942112
0.5472182239188933
0.9629263408223293
0.5559296576756994
0.9934288753989612
0.5486701295450279
1.0
0.5524250578884787
0.9983227986732588
0.563840040052569
0.9902747355904626
0.534601664684899
0.9603354402653485
0.5339007447274544
0.9276049815382692
0.5442643469553788
0.8925339508104388
0.5507728894173601
0.8765880217785845
0.5961824895174918
0.9048501157769574
0.6048939232742976
0.9217472933224861
0.6073972088365982
0.9183052756743229
0.61716002252957
0.9124976531697856
0.6206145566055444
0.9277301458163842
0.6148069341010076
0.9110582639714626
0.592677889730271
0.8553851930658991
0.5802115276300143
0.81640903686088
0.5626384629826648
0.8072845609862942
0.5168784029038114
0.8407159396708179
0.458952374992177
0.8682270480005008
0.3892609049377307
0.885337004818825
0.32132173477689474
0.8982664747481072
0.2343075286313285
0.8995431503848804
0.15450278490518807
0.8985793854433943
0.08080605795106076
0.8840853620376745
0.03754928343450783
0.8602040177733277
0.03209212090869252
0.8394017147506103
0.02873771825520987
0.821465673696727
0.02583390700294136
0.7912385005319481
0.025032855623005057
0.7638150071969461
0.02578384129169521
0.7582451968208272
0.029088178233932033
0.7548407284560987
0.030590149571312206
0.7461918768383503
0.027686338319043696
0.7229363539645784
0.024432067088053025
0.6899680831090806
0.02388134426434682
0.6483509606358345
0.025483447024219195
0.5891482570874272
0.02823706114274981
0.5004943988985544
0.0324926465986606
0.4014644220539458
0.03464547218223909
0.34460229050628954
0.03724888916703158
0.34594154828212015
0.038049940546967885
0.3142875023468302
0.039151386194379974
0.2430314788159459
0.04576006007885348
0.1742787408473621
0.055472808060579526
0.13970836723199193
0.061180299142624704
0.15635521622129037
0.062832467613743
0.17049877964828833
0.058626947869078135
0.17768320921209083
0.050265974090994404