0000000100
0.13293201285951628
0.15660129026689973
0.14479901611754808
0.17835027078343801
0.1542063132457333
0.16208168813515433
0.1555656245280169
0.16738947504692855
0.1637214922217188
0.16143439704835266
0.1700217921332557
0.13972856927093447
0.16784257880768982
0.1318747707510734
0.17642997389259285
0.1411526096618983
0.17631130386001254
0.1663538093080458
0.1584676462338447
0.18590200012945823
0.15024704943146264
0.20471659438582865
0.15460547608259434
0.25507584093900365
0.18335598852137142
0.24312253220273158
0.17577189462101103
0.20484605260318892
0.17400263231708635
0.1822771700433684
0.17498435713206897
0.18439165426025414
0.17408893779532658
0.19444624247524112
0.1722657345675017
0.21429650247049434
0.18797333160722374
0.1810257406088852
0.18880402183528597
0.1531922238764106
0.1848555462057954
0.1419725117051805
0.18366884587999224
0.15142296157248586
0.20498629900532936
0.19146870347595318
0.21083349515610508
0.18931106651994734
0.2089455628196
0.14624463287807196
0.21259196927524973
0.14270610827022245
0.23102897706431919
0.13860659805381148
0.24789090987550436
0.1414546788357391
0.25632727037348696
0.14555418905215012
0.3305284052905258
0.1584568580490647
0.3721492221718774
0.17381923317582582
0.42464452931149804
0.16406671413467971
0.44288734977452693
0.15276069648520935
0.44790385569724045
0.1400306384447753
0.467149977344812
0.1298034392733079
0.5353852460784949
0.12820678792586362
0.5792500053940925
0.16471400522148139
0.5945908041512935
0.24415819794161436
0.6211836796340648
0.3244654454441496
0.6642285369063802
0.368610697564028
0.6740242086866465
0.4057652059464473
0.7058493537877317
0.4849073294927395
0.7356571083349517
0.540746973914169
0.7310937061729994
0.5983990333786436
0.7728547694564913
0.6435367984982846
0.7935465078645869
0.7064534921354133
0.7922087729518633
0.7387317409972597
0.777590782574924
0.768334520033659
0.7610524953071397
0.8170108097611495
0.7699959004897836
0.8652124193583187
0.8045828208945561
0.8927438669169528
0.8284570738127602
0.9026689969145792
0.823073769607526
0.8798411979200381
0.8214016009666215
0.8422120094072971
0.821585000107882
0.7787343301616072
0.8461389086672276
0.7137894577858329
0.8773922799749715
0.6362439855869848
0.9108032882387211
0.5588711243446177
0.9270395063326645
0.5439402766090576
0.9286253694953289
0.5893801109025397
0.9288950741148295
0.5894232636416598
0.9120115649340841
0.5464862882171445
0.9098323516085184
0.4545278011521783
0.9142015664444302
0.37357326256284107
0.9030465833818803
0.2909789198869398
0.9143202364770103
0.17658100847951327
0.9654454441495676
0.0993376054545062
1.0
0.05868772520335728
0.988089844002848
0.008846311519623708
0.9662329816385093
0.0023734006516063604
0.9417869549269638
0.0005178328694413873
0.9107925000539412
0.0
0.864565128271517
0.0
0.817507066261031
8.630547824023124e-05
0.7561007184931064
0.0022439424342460142
0.6564610438647595
0.008199020432821972
0.49172546227371783
0.016354888126523824
0.34484432649362423
0.024079228429024536
0.27850777828122647
0.03245085981832696
0.2735991542063132
0.03866485425162363
0.3173344553045505
0.03650721729561783
0.3247351500636503
0.031501499557684415
0.30182104559086886
0.02295725721190152
0.24326277860487186
0.01972080177789285
0.17617105745787215
0.03547155155673507
0.11646924288519214
0.059378169029279136
0.08013463654605478
0.07189246337411268
0.0894340518264397
0.07465423867780005
0.08549636438172915
0.08069562215461627
0.07732970850324725
0.09165641789112561