0000000100
0.433593647287739
0.8983197917488359
0.7301149062606821
0.888327942993874
1.0
0.6610396781572929
0.9468328468880647
0.5705871525860478
0.8762062527937737
0.556914096395045
0.8432068575635664
0.5921485104257056
0.8274565486050848
0.6099234834740072
0.8422602613657278
0.6465252031237673
0.858825694827903
0.7441297888564584
0.8763114301490887
0.8208040808813866
0.9047619047619045
0.8448896952486132
0.8753648339512498
0.834056427651127
0.8568010307380819
0.8537245930951072
0.8543819515658277
0.8691856643264707
0.8674239436249366
0.8660303436670068
0.8763903131655749
0.8583523967289837
0.8508059214851045
0.8519365780547447
0.8357918540138307
0.8505692724356433
0.8206463148484127
0.8332150088086033
0.7935368515158674
0.5771081486156026
0.7093423785858906
0.4227077910125951
0.5972233178196733
0.4227077910125951
0.5518129946622491
0.3668586153401167
0.514475033525282
0.4584680918198309
0.5198653729851963
0.7495990113328597
0.5899923746417395
0.7716862559490938
0.6220977623517663
0.7594856827325077
0.6025347742631018
0.7303515553101406
0.5865215219163313
0.7425521285267286
0.5692724356446056
0.7188872235807627
0.5401908968998977
0.7042675711919228
0.5069811469590593
0.611080434382477
0.4366700849307145
0.5197864899687105
0.34053798217243775
0.42828219084431096
0.2587099997370566
0.43964134521837345
0.22852409876153668
0.4547868843837915
0.20562172964160785
0.4587836238857763
0.1687833609423896
0.4975940679971606
0.16804711945518105
0.4720359706555179
0.16962477978491206
0.4830795929636338
0.11117246456837826
0.4258631116720571
0.024821855854434884
0.2793510557177043
0.013778233546317457
0.08855933317556793
0.15568878020562188
0.0
0.15174462938129435
0.0017880150403618074
0.1291840866661406
0.01177986379532523
0.13328600352344158
0.05753201335752404
0.16115800268202232
0.12347821514028011
0.2010728090242168
0.18837264336988255
0.2211879782282875
0.2427493360679442
0.2289185138439694
0.31037837553574743
0.27212011253976975
0.35833924955956964
0.3284425863111671
0.4478451789329762
0.38810444111382836
0.5064289658436535
0.44256001682837615
0.5619626094501845
0.4814756382950751
0.6035076647997685
0.5049038941915802
0.6499960558491746
0.5266756067418681
0.690278982934973
0.5448449948726038
0.7217270121742793
0.5494727985064815
0.7316136835739262
0.5557045568089194
0.7467592227393443
0.5632247377139701
0.7644290184323315
0.5572033341221638
0.781678104704056
0.5565459756514426
0.7756829954510793
0.5517604059845911
0.7637979543004387
0.5535747153637817
0.7824143461912642
0.5559149115195502
0.7761037048723401
0.5578343982540555
0.7538061055454764
0.5546527832557646
0.7329809891930276
0.5473166627225158
0.7045831032578682
0.5546001945781068
0.660724146091347
0.5583076963529747
0.6267518603244719
0.5543898398674768
0.5760563750624489
0.5462385948305333
0.5178932975730322
0.5280166180221402
0.4624648313218157
0.5072440903473479
0.40451210854303044
0.4818174646998494
0.3215271751991787
0.45565459756514465
0.23454550235334334
0.432015986958008
0.18437590386789696
0.397360048381584
0.14798453892876878
0.3686466303804789
0.1499829086797614
0.31776708474665355
0.15482106702426907
0.24742972837947952
0.15776603297310104
0.12539770187478655
0.17112355709815727
0.04312271567931418
0.19089689989745218
0.04693539480949821
0.21677052930504068
0.07296679025005944
0.2398043701191126
0.09973442717782846
0.2730404143987799
0.12584470563487662
0.30890589256133066
0.15190239541426745
0.3283637032946805