0000000100
0.165428876827186
0.18346127684384403
0.16923247775448724
0.21222427363715865
0.1736885211766175
0.22643919097130621
0.17539597706734028
0.22771631245054633
0.17441037244749222
0.22838263670058429
0.17994919277593457
0.24864999930591208
0.18055999000513626
0.27041659147382596
0.18527978677623994
0.28018934714105254
0.19004122881297109
0.27297083443230563
0.1976484306675736
0.25792301178561
0.2104057637047628
0.24665102655579757
0.21507003345503006
0.23865513555533957
0.2148756888821022
0.24970501270180606
0.21157183114232964
0.26786234851534624
0.20958674014742426
0.2811333064952733
0.21755486763746404
0.2904063189749711
0.2218165664866666
0.2950150617044019
0.23103405194552795
0.2927939808709412
0.2373086053000541
0.284575981787137
0.2395019226230964
0.26797340255701924
0.2424032094618043
0.2390993517220317
0.2525368907644682
0.22205255632522172
0.25729833280119935
0.21855435401252135
0.26505823396310235
0.21555589488734953
0.2620597748379305
0.22271888057525988
0.2637672307286534
0.23210294709663076
0.32136263309132806
0.24431889168066406
0.38445521051681775
0.2490942154726042
0.4118300317892194
0.2542582284104001
0.46546913391729255
0.2608104168691089
0.524119549675861
0.27080528061968145
0.5652789538709275
0.27535849632827575
0.614017796410178
0.2778572122659189
0.645834779349501
0.2855199411413579
0.6828018934714104
0.299124061246304
0.7224759498591002
0.2892402515374042
0.7742410150339409
0.27413690186987244
0.8247011952191238
0.2613101600566374
0.8607382317420217
0.2525924177853047
0.8944431333897858
0.2742479559115455
0.9100739897552648
0.3328844899149048
0.914682732484695
0.3740855393755987
0.9269125588239374
0.4352763163374376
0.9369629495953469
0.4600968946513598
0.9468328775490373
0.4599858406096866
0.9656287741021973
0.41017810291933293
0.976928522842428
0.33971431347779607
0.9791496036758885
0.29895748018379426
0.9893249302441801
0.28646390049557857
0.9931285311714811
0.28329886030789714
1.0
0.30001249357968823
0.9984591251717869
0.3236114774352069
0.9983064258644861
0.3090078709552035
0.9922678623485154
0.30090092591307244
0.9719033274567235
0.28779654899565504
0.9461387897885809
0.27841248247428396
0.9216236100892595
0.27719088801588077
0.9153768202451517
0.2759137665366409
0.9134889015367101
0.2738037397448534
0.8921804072906978
0.27491428016158354
0.8649582853255968
0.26219859239002163
0.8601690797784473
0.24270860807640504
0.8664436331329733
0.21477851659563832
0.9040631897497121
0.19278981634437856
0.9443063981009757
0.1726335077807238
0.9706262059774836
0.14209364632064075
0.9695434290711716
0.11482987908991212
0.9658786456959618
0.10350236683926316
0.9691686216805251
0.09517331371378596
0.9586046059663784
0.07784888321279343
0.9397809459028
0.07390646473340079
0.9273290114802114
0.06840928967058585
0.9066174327081916
0.06335633077446311
0.874606105195941
0.05808126379499423
0.8393464469647542
0.05175118341963158
0.8015603092855061
0.04397740050251955
0.7444091230895233
0.037591793106320374
0.6720296514291267
0.037591793106320354
0.6073545539097963
0.03398253675194691
0.5234809889362412
0.025653483626469704
0.4044171745075447
0.02171106514707715
0.32588808528950397
0.015158876688368449
0.2644474367339006
0.008828796313005795
0.18285047961464243
0.008828796313005795
0.16476255257714786
0.005441648041978397
0.17764482141121923
0.008384580146313691
0.18414148284909138
0.012771214792398313
0.21153018587670222
0.022710551522134387
0.25538265058233955
0.014714660521676333
0.2731374154948152
0.0