0000000100
0.9656684351295656
0.4951988424606479
0.9831411408778007
0.5045819266014822
0.9944973034594642
0.5108080852369885
1.0
0.5168588591221989
0.997018459244969
0.5194019380014909
0.9890822992940764
0.5217696321304861
0.9543122725479016
0.526768097513921
0.8793791379839527
0.5187003990003067
0.8304687157451658
0.49484807296005595
0.7949313807164465
0.4624895865304511
0.7818652168193978
0.4265357127197789
0.7953040733108259
0.2842109878546061
0.8136098566229668
0.07638005875389063
0.8302056386197215
0.02095847766036741
0.8663348971806906
0.0
0.885868373744903
0.002016924628403399
0.9124610865085275
0.001929232253255418
0.9374972596132767
0.04472311132547021
0.9642434340334108
0.21914324549480432
0.9868461437278032
0.34962949971500007
0.9923707633621254
0.3653264348664877
0.9883588371991052
0.3683079756215197
0.9833603718156706
0.41881878370675596
0.9563949664576669
0.4484588065067741
0.926491866532205
0.4544218880168368
0.9187968606129695
0.47169728592098903
0.9309422545709641
0.462664971280747
0.9610645854342965
0.4718726706712847
0.9410049546191959
0.4916034550795807
0.9126364712588235
0.47546805805235187
0.9046126189327832
0.4783619064322356
0.9219976323058714
0.4942342263340204
0.948327267944052
0.4929188407068007
0.9449949576884287
0.5022142324724866
0.9337484105757005
0.5007234620949703
0.917459551891963
0.5048450037269254
0.9074406980313066
0.5137896259920198
0.899263384048757
0.517297320997939
0.873788749068268
0.5089665453588812
0.8474152672425134
0.523961941509186
0.8546937343797955
0.5122111632393561
0.8418468014206163
0.5171219362476435
0.8409698776691366
0.5432542640417417
0.806813697548998
0.546674266672513
0.782588678914368
0.5608804314464858
0.8073836979874601
0.5725435173411669
0.7928925329942557
0.5925373788749069
0.7759240584031217
0.623755864427588
0.7530363484894987
0.639803569079668
0.751633270487131
0.648572806594466
0.7694567457359576
0.6552374271057132
0.7973867672205898
0.6518174244749406
0.8168544745034417
0.6351558731968259
0.8323321787170607
0.6153373964133819
0.8558995045380805
0.5944666111281625
0.8715964396895685
0.5763142894725305
0.8785679835138333
0.558688122067786
0.9003595387381065
0.5408865699127455
0.9158591660455124
0.5218573245056344
0.9150041653878193
0.5086157758582893
0.9142807032928482
0.5028280790985222
0.9151576270443286
0.49318191783224463
0.9183364756434426
0.4784495988073836
0.9167580128907786
0.4675757442890339
0.9180733985179983
0.46117420090323136
0.9232034024641561
0.4556495812689076
0.9229622484324985
0.4580172753979037
0.9215372473363439
0.44916034550795797
0.9148945499188843
0.4436357258736352
0.9077476213443239
0.4374972596132759
0.9109922392247998
0.43197263997895374
0.9118910860700663
0.4219757092120836
0.917459551891963
0.42311571008900767
0.9159907046082347
0.42285263296356407
0.9115183934756874
0.4200464769588277
0.9080764677511292
0.4225018634629718
0.9023106940851491
0.42793879072214663
0.8924672249747891
0.4336387951067657
0.8864383741833649
0.4381111062393124
0.8702591309685621
0.4477572675055906
0.8543868110667776
0.45021265400973376
0.8496952689963613
0.4564388126452407
0.8444337264874817
0.4661726662866666
0.8327706405928006
0.4581926601482003
0.8326391020300783
0.4664357434121102
0.8301398693383606
0.46520805016003847
0.8270048669268205
0.4604726619020475
0.8166352435655722
0.45933266102512377
0.7995790765992896
0.4512649625115098
0.7808786775989823
0.441443416494935