0000000100
0.3500233773961832
0.3051812810813109
0.3200046754792367
0.27831852764908405
0.3102286734390276
0.29213244357546664
0.3422450801207125
0.3229906065371701
0.3685446508267098
0.35410379563905314
0.4175946784545417
0.3594168402261233
0.4988948867258895
0.36073447528371644
0.5381795384026864
0.36234964083818577
0.6141241977302674
0.3539337782122666
0.6709418965443958
0.36353976282568967
0.70198070302206
0.3664725634377524
0.7319462744931357
0.3734857822926849
0.729757300123263
0.3654949632337315
0.6877736217962342
0.3474306116376928
0.7085157478641562
0.3220555106898459
0.7287796999192417
0.30331108938666224
0.7399583457304374
0.2860118162111618
0.762018106855953
0.26803247332851626
0.7503187826752244
0.2889446168232245
0.7471734602796789
0.37735367875207204
0.7487567475666258
0.6488715093297064
0.7410953372720704
0.8177413184851449
0.7445381901644922
0.88974369872912
0.7518489395163006
0.9291027330301358
0.7806137629106986
0.9547328601181626
0.8048624984060868
0.9735622901347385
0.8710842861393296
1.0
0.9262336889531179
0.947124580269478
0.9432141794533944
0.74437879882688
0.9288264547116083
0.8973094742211081
0.8974901177370684
0.8244995111998983
0.8711161644068521
0.8087303948654738
0.8335635652654398
0.7538997747269097
0.7658222467802953
0.7074425128575681
0.7706039869086582
0.6749266799846981
0.739692693501084
0.6549921366940114
0.6908870659242574
0.6282143919751776
0.6851383516810474
0.5591448123432654
0.6585199982998259
0.5125600374038339
0.6173864071067287
0.4826794746461514
0.5759659115059295
0.4388999872486931
0.5534598546351002
0.4092744506311898
0.5822353041186723
0.385599523951205
0.6472988481319336
0.3195477536447485
0.6910358311726954
0.29370510477323936
0.7356441535257366
0.3515535342372595
0.7779784927955119
0.38687465465210186
0.8158923789688446
0.4000085008713392
0.8495770816508695
0.3362944701831939
0.8651761805585076
0.25953160198920394
0.8738576954137803
0.163386747141582
0.8536787520720877
0.1314234709057678
0.8581417095252266
0.13070089684192632
0.8688315552344118
0.12534534789815957
0.876726739490798
0.1190547031070685
0.8654312066986867
0.12100990351511032
0.8660687720491355
0.12619543503209085
0.873315764865899
0.13911675946784546
0.871211799209419
0.14030688145534914
0.859310579334382
0.13048837505844355
0.8622540060356187
0.12326263442002808
0.8657818676414335
0.11535682407446769
0.8633697453989037
0.11255153653249461
0.8632634845071623
0.106218387384707
0.8550495175755518
0.09992774259361588
0.8506396905682834
0.10060781230076087
0.8484400901092365
0.09652739405789097
0.8520635865176184
0.10604836995792072
0.8480788030773159
0.13269860160666475
0.8340629914566245
0.14098695116249424
0.8176031793258812
0.13750159391337605
0.7933863220980155
0.15845624176478085
0.7660772729204746
0.11527181536107453
0.7302461002252733
0.08088579079355634
0.6910145789943469
0.11038381434096994
0.6607514770263954
0.13584392400221024
0.646034343520211
0.08717643558464748
0.6208611382666724
0.04501211374165853
0.5980894291664898
0.035491137841628766
0.5783674076592852
0.0333234156501041
0.5384664428103881
0.0323883198027798
0.47775959535852425
0.02239979597908783
0.4134079993199304
0.023249883113019086
0.31408594380924054
0.020359586857652913
0.28936966039019013
0.015769116334424276
0.2781485102222978
0.01279381136566499
0.2601797934288265
0.009605984613422889
0.23837505844349055
0.007395758065201697
0.21876992391720157
0.0033578441790283573
0.20558294725209342
0.0