0000000100
0.12642027401438702
0.229226506697847
0.13168196029587453
0.23771637731628578
0.13445260669530515
0.24986655143488976
0.13497369156859254
0.26008489870618434
0.13389339366055772
0.25779720901858105
0.14122671004804146
0.2540860679698024
0.1459927302305482
0.2519508909280394
0.1380747820340103
0.24920566330291555
0.12891131389644392
0.24549452225413687
0.12329376477466251
0.26089829948399884
0.11490556925345057
0.2622709132965607
0.10469993136930934
0.25413690551841583
0.09487557509976867
0.28560534811011407
0.09302000457537936
0.34127246384179344
0.09150758750413056
0.3509315980783405
0.09787499046795962
0.30253425179837823
0.10316209552375381
0.29684044635367673
0.10811875651356088
0.30863475763198694
0.12142548486311991
0.2957220202841818
0.14364149360717823
0.2848936224295265
0.163811291019547
0.25916982283114304
0.16354439388932662
0.24213924404565199
0.166848834549198
0.23659795124679084
0.20749345466561597
0.2296332070867542
0.2188429373935588
0.2107216390025673
0.22411733306219966
0.19892732772425714
0.23136168373961
0.21016242596781984
0.22885793447039976
0.19516534912686506
0.22650669784702976
0.19053913220304505
0.22498157138862757
0.20665463511349483
0.21252637197834315
0.19226760885590094
0.2308151800920159
0.1854553773417046
0.30841869805037997
0.19226760885590094
0.35953585318115955
0.20324851935639665
0.3929107038458605
0.21890648432932552
0.4424391855824712
0.2130601662387839
0.49107801021834735
0.20167255534938097
0.5195216186675479
0.20690882285656176
0.5700922701507333
0.21575455631529447
0.612541623242927
0.21194174016928893
0.6502249561526144
0.2047228082661854
0.6916321394982334
0.20960321293307227
0.7158053938639077
0.23995322945527564
0.7231005820899317
0.27508197554713903
0.7336875015886731
0.30253425179837823
0.7543148369385627
0.31402353778500786
0.7697186141684248
0.3370021097582674
0.784474212653466
0.3427467527515823
0.8032205587046592
0.31615871482677105
0.8112274726112707
0.33024071579268455
0.8282453420096083
0.3669454258915633
0.8489489336824179
0.40832719046287586
0.8576929920439236
0.4432017488116723
0.8715208052667698
0.4232225922066039
0.8808367860501766
0.3956178033095244
0.8890343407640883
0.36806385196105834
0.8936097201392948
0.3483897206476703
0.9090007879820035
0.30533031697211566
0.9241503774687981
0.28209755725578917
0.9351058691949875
0.22775221778805824
0.9452098319819019
0.13095752522813345
0.9468747616989908
0.1021326351643323
0.934190793319946
0.10813146590071424
0.9399735644747211
0.11550291044965817
0.9454131821763555
0.10589461376172439
0.9496454080984214
0.09816730637248672
0.9535217711801935
0.10131923438651787
0.95089092803945
0.11077501842861134
0.9917007701888613
0.1059454513103378
1.0
0.09755725578912582
0.99533565491472
0.10945324216466279
0.9905187971835998
0.1460054396177016
0.9734500902366489
0.13365191530464404
0.9473958465722782
0.11082585597722475
0.9213670216822145
0.09679469255992473
0.8734653415012326
0.06451284919041204
0.8003355278208484
0.04931242215500364
0.6998932411479118
0.04707557001601383
0.6444167662235328
0.05002414783559137
0.6333087618515035
0.03807732391144098
0.6188073511095294
0.019470781118934445
0.5929183294781526
5.0837548613405804e-05
0.5687577844996314
0.0
0.5308711013954907
0.01382781322284639
0.4884852952390636
0.015302102132635153
0.42967896088050633
0.008489870618438769
0.3387178770239699
0.01240436186167104
0.17327978444879388
0.011184260694949294
0.09253704786355202
0.015708802521542404
0.08797437787549883
0.032129330723672515