0000000100
0.35119463749640173
0.15437759592054945
0.3408520787926144
0.2728132582144178
0.34076983180491033
0.2577620594645721
0.3326890652629849
0.21384216803059586
0.32697289961755144
0.150594234486162
0.3649915696837605
0.2571040835629392
0.3642924702882759
0.43590903483159943
0.34323724143603257
0.4797466792778715
0.32185302463297305
0.4384586914504253
0.3426820742690301
0.4508779865937414
0.33449849899247447
0.4433112637249662
0.3412838754780608
0.49833449849899253
0.3241353785417611
0.4734959082123621
0.3284533453962248
0.38606736028292965
0.3364724266973721
0.3859028663075212
0.3061644117284205
0.4569642636838424
0.22422585022823538
0.4822963358966974
0.18696796479828928
0.31755561952543493
0.2567545338651973
0.2960069087469668
0.30698688160546095
0.3732368302010936
0.28870748858823037
0.36229798083645204
0.2885018711189705
0.4099189867171118
0.2703869720771478
0.449479787802772
0.3028950939671832
0.5930830283340874
0.32055763457663367
0.7378377266932594
0.4119134761689355
0.6667763293169388
0.5381626022946912
0.6351934860385741
0.35376485586215406
0.6866801003413255
0.3349302956779208
0.6194020643993919
0.41579964633795313
0.48583295636797313
0.49146687502570224
0.5136324382119501
0.5164493975408151
0.45581280585598566
0.5388617016901758
0.39207139038532685
0.5938643747172762
0.23530863182135967
0.5580252498252253
0.1762552946498336
0.4995682033145537
0.21425340296911624
0.5021178599333802
0.14179380680182593
0.554200764896986
0.16432948143274256
0.6476950281695936
0.16334251758029336
0.6677838549163136
0.16506970432207937
0.6913476168935315
0.08660607805239126
0.7490027552740883
0.0
0.8042110457704488
0.38318871571328716
0.7786116708475553
0.7266521363655061
0.8920713903853272
0.8066784554015705
0.9933174322490445
0.6865978533536206
0.9501583254513307
0.6435004317966857
1.0
0.6546860221244399
0.9060328165480943
0.6726158654439277
0.8280832339515569
0.9001932804211049
0.8697002097298188
0.9418102561993668
0.7974462310317886
0.898712834642431
0.7157132870008635
0.8790558045811576
0.8447176872147059
0.7930254554426949
0.8092897972611754
0.8638401118559037
0.7484887116009376
0.7578237447053497
0.7883990623843403
0.5943989801373526
0.8413661224657645
0.7668709133527989
0.7829296377020193
0.735205823086729
0.7914010774355391
0.6059958054036271
0.8073158695562777
0.35999506518073776
0.7784060533782952
0.3812970349960933
0.76872147057614
0.3446971254677798
0.7428753546901347
0.48542172142945256
0.7698112431632194
0.44380474565119077
0.7882756919027842
0.4817206069827695
0.7610108154788833
0.5313977875560308
0.7092774602130196
0.4647777275157294
0.6823415717399353
0.4788419624131269
0.6887979602747052
0.5409384381297037
0.7456923140189993
0.4546613480281286
0.7011350084303165
0.5055722334169511
0.7102438623185425
0.5341119381502655
0.7506476950281701
0.49899247440062533
0.8707488588230458
0.5883127030472514
0.8942714973064112
0.7551095941111159
0.888164658469384
0.756425545914381
0.8863141012460419
0.5441460706501626
0.9169511041658099
0.48468149854011605
0.9270057984126335
0.4585269564502197
0.8413044372249867
0.44109059505695614
0.8075214870255378
0.5275321791339392
0.7409014269852369
0.5675864621458242
0.7297363984044086
0.662252744993214
0.7324711107455691
0.6696549738865819
0.7541020685117409
0.6767282148291325
0.7931282641773244
0.6329728173705641
0.7304354977998933
0.7681046181683601
0.7087428547929431
0.763745527820044
0.6470164905210349
0.6040218776987293