0000000100
0.6569796954314712
0.6536379018612518
0.6573604060913689
0.6570219966159045
0.6573815566835859
0.6563451776649746
0.6588197969543135
0.655329949238578
0.6497250423011831
0.6566835871404386
0.5998096446700495
0.6631133671742803
0.5668358714043987
0.5346869712351944
0.5254018612521145
0.3019458544839258
0.4963197969543145
0.14331641285955948
0.4917512690355322
0.01379018612521165
0.5296319796954312
0.0
0.6347081218274105
0.08341793570219976
0.7354483925549912
0.3551607445008456
0.7696489001692043
0.763451776649747
0.7771785109983075
0.897123519458545
0.7742174280879863
0.9450084602368863
0.7999365482233504
0.9419627749576992
0.8206852791878171
0.9477157360406094
0.8365059221658208
0.9670050761421326
0.852791878172589
0.9267343485617595
0.8580583756345176
0.9715736040609131
0.8625634517766498
0.983079526226734
0.8651226734348563
1.0
0.8680414551607453
0.9717428087986467
0.8423646362098143
0.8471235194585456
0.813028764805415
0.665566835871405
0.8081429780033842
0.5983925549915398
0.8080583756345179
0.5712351945854487
0.8459390862944167
0.6331641285956007
0.8979483925549919
0.8366328257191202
0.9026861252115063
0.9385786802030464
0.9085659898477164
0.9330795262267351
0.9197758037225046
0.9198815566835878
0.9263536379018616
0.9164974619289341
0.9213620981387479
0.9159052453468698
0.9088832487309652
0.8824873096446695
0.8927453468697127
0.8250423011844333
0.9026861252115063
0.7725888324873098
0.8981387478849412
0.7791032148900171
0.8705583756345182
0.8051607445008455
0.8342005076142133
0.8503384094754657
0.8109560067681897
0.8761421319796949
0.8123942470389175
0.8564297800338395
0.8188663282571913
0.8060913705583761
0.7723984771573603
0.7291878172588838
0.6917512690355332
0.6306260575296108
0.6892978003384094
0.6166666666666673
0.64492385786802
0.660659898477157
0.6365270727580369
0.6372250423011838
0.6698181049069376
0.628849407783417
0.7035744500846023
0.7155668358714043
0.6902707275803724
0.7902707275803715
0.7161802030456855
0.837648054145515
0.7110406091370564
0.848392554991539
0.7352157360406091
0.8417089678511003
0.7676818950930628
0.8360406091370559
0.7783629441624367
0.8260575296108296
0.8013959390862949
0.8375634517766493
0.7992385786802035
0.8445008460236885
0.7956852791878174
0.8382402707275811
0.8002961082910323
0.8402707275803727
0.8198181049069372
0.8251269035532993
0.8400803722504229
0.796277495769881
0.8390016920473777
0.7694585448392557
0.8288917089678512
0.7634517766497455
0.8262478849407788
0.7566835871404398
0.8135998307952628
0.7362098138747883
0.8103637901861254
0.7353637901861254
0.8003172588832486
0.7397631133671748
0.7920685279187822
0.7245346869712345
0.7861675126903555
0.6989001692047376
0.780118443316413
0.6829103214890013
0.7785744500846031
0.6798646362098144
0.7716159052453471
0.699153976311336
0.7815989847715741
0.6961928934010152
0.7764593908629444
0.6939086294416237
0.7643189509306262
0.6997461928934012
0.7557952622673434
0.6837563451776653
0.7442258883248724
0.6870558375634517
0.7297800338409468
0.6893401015228416
0.7172588832487305
0.6739424703891699
0.7057318104906933
0.6568527918781714
0.698244500846024
0.6533840947546534
0.6787013536379015
0.6571912013536375
0.663515228426395
0.6573604060913689
0.657825719120135
0.6573604060913689
0.6573392554991533
0.6573604060913689
0.6576565143824017
0.6573604060913689
0.6570431472081215
0.6573604060913689
0.6573604060913689
0.6573604060913689