0000000100
0.962973097020195
0.9643765004942806
0.8536929812173422
0.6301369863013698
0.8002135997740433
0.3176458127383137
0.7652520830391188
0.17441039401214517
0.7231764581273832
0.06323259426634663
0.6717448100550769
0.0016240643976839413
0.6382661347267337
0.0
0.6126341618415477
0.012745374947041397
0.5734271289365908
0.03851857082333003
0.5626677023019349
0.0354116650190651
0.544326366332439
0.041943228357576634
0.5310072729840419
0.1255472390905239
0.5491544273407712
0.22429741561926275
0.5694464058748764
0.3348750176528738
0.5841865555712472
0.42218613190227366
0.5847161417878832
0.5022242621098717
0.5834274819940686
0.5143694393447255
0.560752365485101
0.49784634938568
0.528959539613049
0.5336463776302783
0.5145018358988843
0.48739584804406133
0.5063462081626888
0.4605634797345008
0.4991261827425505
0.4908558113260835
0.5045191357152946
0.4724968224827001
0.5080144047450925
0.5214658946476485
0.5312191074706962
0.6938638610365763
0.5750600197712188
0.735559949159723
0.5889351786470837
0.7451631125547241
0.5894382855528881
0.7354893376641719
0.5799145600903828
0.7354540319163956
0.5597991102951562
0.7373958480440614
0.5313250247140234
0.6807654286117778
0.5030451207456574
0.5582191780821917
0.47683942945911595
0.48845502047733347
0.45952196017511654
0.465894647648637
0.4454261403756532
0.45000706114955535
0.43762357011721503
0.5303982488349104
0.4797433272136704
0.6122369721790709
0.5114302358423951
0.5875935602316055
0.4928770653862449
0.6051052111283717
0.5264175257731959
0.7227792684649058
0.6574283293320153
0.9665301511086005
0.707836110718825
1.0
0.710422256743398
1.0
0.7016929106058466
1.0
0.6972796921338794
1.0
0.6888857506001976
0.985595254907499
0.680756602174834
0.9399802287812455
0.6736601468719107
0.8783716989125828
0.6797415619262815
0.8488560937720662
0.6528562349950572
0.802252506708092
0.641973238243186
0.7211198983194462
0.6321494139245869
0.6904745092501061
0.6344619404038976
0.7356658664030505
0.6434737325236549
0.7247916960881232
0.6436502612625336
0.7375017652873884
0.6522825165937015
0.7904603869509959
0.6679847479169608
0.8176811184860897
0.6727333709927977
0.7991809066516028
0.6733953537635928
0.7877418443722638
0.6718948594831239
0.7865061432001133
0.6771554159017089
0.7770795085439911
0.6760432848467729
0.7710775314221152
0.677799745798616
0.764969637056913
0.6799710492868241
0.7676528738878685
0.6819393447253214
0.7668408416890267
0.6877118344866542
0.7656757520124277
0.6892123287671235
0.7601327496116369
0.687623570117215
0.7612978392882361
0.6897683942945912
0.7599915266205337
0.6917719954808643
0.7575201242762322
0.6954967518712049
0.7544132184719672
0.7063356164383563
0.7584027679706254
0.7125317751729981
0.7596384691427764
0.7162830108741705
0.7789154074283289
0.7232029374382148
0.7866826719389917
0.7429388504448523
0.7967448100550766
0.7685355175822625
0.8033116791413641
0.7789771924869369
0.8301793531987008
0.7889245869227511
0.8398178223414771
0.7969831238525633
0.8385468154215507
0.8029586216636069
0.8479028385821211
0.8118291907922609
0.8686979240220306
0.8191992656404464
0.8806665725180061
0.8304529727439628
0.8947535658805252
0.8438338511509672
0.9160076260415194
0.8578149272701597
0.9382502471402346
0.8705161700324813
0.9758155627736196
0.8886456715153226
1.0
0.9483476910040957
1.0
0.9934243044767688
1.0