0000000100
0.12002981181293086
0.07472827774672389
0.1231600521706727
0.03338923048257877
0.11892429041674434
0.0
0.12073784237003915
0.00044717719396308473
0.11380659586361094
0.015601515433824011
0.11804235761753931
0.025091609216818866
0.1554189180796224
0.022656977827464172
0.16940562697969072
0.020818582696726932
0.18063474318365313
0.009092602943916516
0.20934103471834042
0.06742438357865962
0.2486056766660455
0.27128749767095217
0.29075212719706844
0.3584870504937579
0.32061362648282715
0.4621327867834292
0.36457362896714496
0.6017017576548036
0.4086205825725109
0.5859511831563257
0.42496739332960687
0.5763120303086765
0.4148189553443884
0.6123346376001488
0.4288305074218991
0.6201850816719457
0.45646854232656336
0.5927582137755418
0.47517545494068686
0.6137258555369232
0.4991118564064343
0.6126327557294577
0.5302155145643126
0.5932550773243898
0.5297683373703496
0.5493820259611206
0.5605366126327558
0.5608595739395069
0.557605117694553
0.5988199490714862
0.5594310912365688
0.5717408856592756
0.5396931867585862
0.5490839078318117
0.5344761194956835
0.5347742376249918
0.5449350971989317
0.5003912800447177
0.5400161480653376
0.4656605179802498
0.5469722377492081
0.518874604061859
0.5607850444071795
0.5318924290416743
0.571181914166822
0.4567666604558719
0.5978262219737902
0.46794609030494977
0.6287559778895718
0.44300354015278537
0.6606670393143282
0.4108067821874418
0.6821936525681633
0.3807465374821439
0.7000558971492452
0.40206198372771856
0.7207502639587602
0.4160735358052295
0.7486739954040119
0.4417613812806658
0.7760387553568099
0.45701509223029624
0.801341531581889
0.46650518601329105
0.8241599900627289
0.4807651698652255
0.8475622632134648
0.5055586609527356
0.8652381839637288
0.4949257810073906
0.8772995466120115
0.45189739767716286
0.8956710763306625
0.43053226507670334
0.9112104838208802
0.40554002856965415
0.9227377181541515
0.3629091360785044
0.9362027203279298
0.3203776162971244
0.9526116390286317
0.291410471399292
0.9676169182038381
0.25364884168685164
0.9764362461958883
0.2388919942860691
0.985106515123284
0.2265697782746414
1.0
0.20599962735233837
0.9969070244084215
0.18001366374759323
0.9896279734177996
0.16530650270169556
0.9856530650270168
0.1826470405564871
0.973094838829886
0.2076392770635363
0.9299919259673312
0.2496242469411838
0.8847276566672874
0.27397056083473054
0.8462455748090179
0.26865412086205803
0.8591764486677842
0.2550400596236257
0.8675113346997078
0.2549406869138563
0.8626296503322773
0.24490404322712866
0.8604186075399044
0.23322774982920308
0.8664058133035213
0.23302900440966384
0.8643189863983601
0.22796099621141538
0.8510775728215637
0.22388671511086267
0.8242842059499409
0.2205577293335818
0.7806471647723743
0.204658095770449
0.7183404757468478
0.1957642382460717
0.6243835786597105
0.18696975343146388
0.49742252034035145
0.19491957021303022
0.4334761816036271
0.21216073535805224
0.40870753369355944
0.22676852369418046
0.3821750201850816
0.22433389230482578
0.341047139929197
0.2350164586050556
0.2872989255325756
0.1928327433078691
0.2156015154338239
0.17961617290851492
0.20212409167132478
0.16580336625054343
0.19819886963542635
0.15561766349916162
0.20434755605241908
0.1549717408856593
0.20558971492453876
0.1453325880380101
0.2002981181293087
0.14925781007390845
0.19222408546053044
0.16217626234395383
0.18980187565989678
0.17976523197316926
0.19181417303273096
0.19000062107943605
0.18622445810819202
0.1920874479845972
0.18742935221414816
0.21424756226321345