0000000100
0.11545252079991698
0.6217011504863893
0.13698519484415939
0.6550271754809082
0.16667628290194908
0.6681821853471654
0.21674609677009896
0.7052470026194626
0.2789323670940122
0.7382037641791391
0.30107663370221216
0.7548667766763981
0.3456190355300661
0.7611904129980733
0.3716174892394328
0.7541744077360688
0.3679940917850426
0.7548667766763981
0.392573189166734
0.7397731337772188
0.4343114967862543
0.725233386030303
0.40832458255922655
0.7184481704150755
0.40510506698669496
0.7280028617916202
0.39583886266862084
0.7386653434726917
0.36477457621251125
0.7665908907326421
0.3477076818333931
0.7634059936071267
0.3394569519611351
0.7009543151894206
0.288106255553376
0.5916984964054515
0.25053370105817063
0.4940283178896594
0.23218592413944317
0.3945579801290116
0.22563149817099212
0.3246287171557485
0.30861191566946317
0.3169665008827705
0.3924693338256846
0.25820745681348745
0.47307261796235833
0.1168257191982368
0.5098258692115073
0.06157467775995576
0.5790396842797633
0.0531277766879378
0.6489920262177041
0.05077372229081808
0.6654242490681869
0.05354319805213544
0.6531347003773412
0.049804405774357005
0.6735942025640731
0.060743835031560535
0.7132092454332501
0.08553064309535077
0.731983983198514
0.15850632940606293
0.7312339168464905
0.19206314404735814
0.7016120656827336
0.14396658165914675
0.6862530146897611
0.12827288567834852
0.7066894379118155
0.10620939544652035
0.7288798624493708
0.06448262730933893
0.762044334691146
0.026217703873804284
0.8017401539366947
0.0
0.8206533654900241
0.07920700677367618
0.8591375390899967
0.31858202841020555
0.8542909565076914
0.2758859437565632
0.8236651703804571
0.2588075098951062
0.8593798682191119
0.4457009658546719
0.9064147982321515
0.5798820664904976
0.9269204583482388
0.6193009381599143
0.9280974855467987
0.6905226231551254
0.9168695692311247
0.6985541028629455
0.9140539355404518
0.6823065117298841
0.9313516195663465
0.6410874808156107
0.9656585005596651
0.5642345284390543
0.989637544859738
0.5027521665378091
0.9980267485200616
0.4296380064390313
1.0
0.38578797355150635
0.997542090261831
0.32795208806932913
0.9925685733737987
0.2755166803217209
0.9663854879470111
0.252391557714721
0.9128999873065698
0.24648334275724407
0.9105690118741275
0.23074348884709034
0.8942291048823552
0.2297280144012741
0.9129576847182638
0.27353188935944345
0.9067609827023161
0.33109082726548883
0.8373971543636556
0.35735468906864853
0.738157606249784
0.41989868334506514
0.7061355427595523
0.46467187481969585
0.7056393450189827
0.4693338256845799
0.6962577458775202
0.46817987745069767
0.6763867572900683
0.42797632098224087
0.6493843686172242
0.421283421225724
0.62777091819661
0.45405555106797924
0.6018647803459538
0.4589021336502846
0.4897356304596175
0.451147601518596
0.41169411140216267
0.5464175677079127
0.386607276797563
0.6215165187689682
0.35340818610877134
0.6133004073437267
0.27934778845820984
0.6012993457113517
0.26443877727645154
0.5818668574527747
0.2472449485916063
0.4964285302161346
0.2422945106682515
0.40835920100624284
0.2299818830127282
0.4081284113594666
0.20940698600260796
0.4205910522853946
0.2080684060513046
0.38671113213861247
0.27377421848855865
0.3886497651715346
0.29799559191774666
0.3724021740384726
0.2947876158275541
0.35915484831350475
0.34267646753366654
0.3531081595679619
0.36176277132207857
0.25769971959057925
0.3134238798047519
0.26850067505971686
0.34318420475657463
0.2601460898464096
0.3558430168822627
0.23863649476684493