0000000100
0.6293065408506158
0.6293065408506158
0.6293065408506158
0.6293065408506158
0.6293065408506158
0.6293065408506158
0.6293065408506158
0.6293065408506158
0.6293065408506158
0.6293065408506158
0.628933165880316
0.623060995892875
0.628933165880316
0.6445130850955503
0.6315807338515322
0.49597773327449773
0.6227894504599297
0.12043039951121816
0.5050745052781636
0.0
0.4476426462102443
0.0772546756729225
0.4795831777604288
0.17623298598146694
0.5608431485692952
0.31947320186008504
0.6348732222259934
0.5986219069278036
0.7410135433284682
0.7759410746410514
0.7663012117714941
0.8461355690573985
0.7991242659787506
0.8882251111639107
0.8329995587386716
0.8511591595668851
0.8579477953905168
0.8785852482943544
0.8838124978785519
0.9056040188724076
0.8887003156715658
0.9187739723702517
0.9060452802009442
0.949051288143647
0.9198262109229156
0.9085910186348064
0.9276331421200915
0.9051967007229907
0.9243067105665127
0.8913478836427825
0.8983401785411227
0.8199314347781814
0.8738671463969316
0.8070330267132816
0.9048912121109264
0.8392111605172942
0.9436543226638612
0.9133430637113472
0.9625946166117924
0.9463358338141941
0.9923288415192972
0.965208241403889
1.0
0.9722684226604659
0.99945690913411
0.9555683785343341
0.9849631716506568
0.9546179695190252
0.940565493364109
0.9113064729642579
0.9046196666779811
0.9079121550524427
0.8679610332303729
0.9157869726078535
0.855809375106073
0.9049251552900445
0.859509181629951
0.9018023828111746
0.8584229998981705
0.8956926105699046
0.7711550863853904
0.8807576117579168
0.6893859678897527
0.8355452971725328
0.6897593428600525
0.8303859339465736
0.6445470282746689
0.7843589830623532
0.47337157598180674
0.6779131733478159
0.5052442211737549
0.6648789925664439
0.5618614439428394
0.7026238077458337
0.5708224432300332
0.7718678931468718
0.6032381792878723
0.8135501171039681
0.6637249244764266
0.8379892060690405
0.7203760904246294
0.8459997963409249
0.7649095414276498
0.8571331590916806
0.7834764604052816
0.8754624758154854
0.8016021180543771
0.8762771121143197
0.827975968229184
0.8848307932520956
0.8513288754624759
0.874919384949594
0.8714232375004244
0.8643291130647293
0.8607990224364415
0.8711177488883605
0.8620888632429314
0.8688096127083258
0.8891076338209842
0.8602559315705505
0.89470825837548
0.8571331590916806
0.8932826448525174
0.8541461593292828
0.8970163945555141
0.846135569057398
0.8976273717796409
0.8396184786667125
0.8981025762872952
0.830929024812464
0.8947761447337158
0.8157224805675296
0.8856114863718136
0.784087437629408
0.8737992600386952
0.7669800753538568
0.8641254539900213
0.7516377583924497
0.847119921251825
0.7273344421438513
0.8296731271850922
0.7077831709717933
0.8062183904144468
0.6870099453514813
0.7770272563728324
0.659991174773429
0.7625335188893793
0.6378602219883901
0.7335799871015921
0.6301211771494515
0.6955636264892572
0.6286276772682526
0.6538135161739246
0.6284919045517801
0.6248599843861373
0.6293065408506158
0.6248599843861373
0.6293065408506158
0.6317843929262411
0.6293065408506158
0.6310376429856417
0.6293065408506158
0.6278130409694169
0.6293065408506158
0.6293065408506158
0.6293065408506158
0.6293065408506158
0.6293065408506158
0.6293065408506158
0.6293065408506158
0.6293065408506158
0.6293065408506158
0.6293065408506158
0.6293065408506158
0.6293065408506158
0.6293065408506158
0.6293065408506158
0.6293065408506158
0.6293065408506158
0.6293065408506158