0000000100
0.3348659228238697
0.6313194912193363
0.3138587089153759
0.6578713600999603
0.29312482306888854
0.6801280737204833
0.2762956238224931
0.7113265196552162
0.2732792534239221
0.7372926855458267
0.29306625276988724
0.7520524008941734
0.3123261194248399
0.7643912105504637
0.32426469870462044
0.7623998203844167
0.33169336496129487
0.738073622865845
0.32780820179420367
0.7274919221795965
0.3312443260022843
0.7154654874513138
0.34607237336613283
0.6771214650384125
0.3613787448384925
0.61445124510694
0.3941781122792634
0.5346004041350634
0.41819193486982775
0.4204664148143813
0.44020460557784497
0.33261096631231646
0.4483068302730355
0.3298386388262515
0.4390917698968189
0.36767505198114064
0.41639577903378544
0.4321804746146563
0.37615798361984
0.5182007204146779
0.33691588328891775
0.5907107505783822
0.3175291143194621
0.6465868158256953
0.31131090090881597
0.6576761257699557
0.29477455315742734
0.5975829989945436
0.273738054099433
0.5050419265723688
0.24586835349127806
0.424293007682471
0.2297419978328991
0.3531496178287991
0.3025839263576109
0.3467068849386478
0.35487744164933993
0.32530920237014493
0.3911031715816911
0.2848566491931943
0.4038422116144906
0.24229556525219417
0.4055407502855304
0.18384240684882042
0.3977020919358462
0.13655665212170903
0.3566833592018822
0.11551039134721455
0.3891703517146457
0.12128932751535035
0.4553352661532005
0.08122724299840896
0.5214611337257546
0.09044230337462543
0.5755019962710246
0.25459532804248314
0.5763512656065446
0.41410177565623163
0.5746917738015054
0.535771810115091
0.564881248718775
0.6723577473863006
0.6009800763366233
0.6508819710857959
0.6088480198358083
0.6726310754483069
0.5952987573334898
0.8246405247898796
0.618072841928525
0.6461573002996849
0.6104001327593446
0.5890317353403426
0.5838092170127198
0.6383479270995015
0.6349118028914207
0.623432024287151
0.6743100906863465
0.6818461358245236
0.630284749270312
0.6758719653263832
0.5760193672455368
0.7098036918811805
0.5731298991614688
0.9474429183627655
0.5716363565369338
1.0
0.5655645688737909
0.8579865483546631
0.552415536747982
0.8661082964828536
0.5213049462617508
0.7613455550023921
0.4862408605929268
0.7145283626672917
0.4440702453119359
0.866147343348855
0.4101678039066392
0.8711062953309715
0.3794964906629183
0.8356126941361374
0.3519977352817721
0.9285442352183209
0.3399810622699898
0.8340898663621013
0.2669048525492723
0.5975049052625414
0.1666910709579173
0.469860700305542
0.1528977655430932
0.5503362911334332
0.14783143467947413
0.5865717827822847
0.13879208520026165
0.5423316836032451
0.14858308684999177
0.4722035122655971
0.14328247479036726
0.6517800490038171
0.14337033023886928
0.6344822873654106
0.15349323024960718
0.5292900303589386
0.13419431672865362
0.36384845911305075
0.10321062855692548
0.4274558038285455
0.06818558975410241
0.49988774026024757
0.04726623129411076
0.3623646782050157
0.03546431604533345
0.33222049765230743
0.03612811276734903
0.33179098212629726
0.033638875059790546
0.38009195536943235
0.027557325680147633
0.33944416786247705
0.024853330209584093
0.2180474614656242
0.008531740221200509
0.09954022315283922
0.0
0.007350572524672752
0.007135814761667705
0.015862789312872785
0.012329047939789744
0.02636639626711961
0.0042756318271004925
0.0329262697552738
0.007780088050682845
0.06627229332005738
0.007936275514686515
0.0852490701965034
0.013412598471315207
0.048154547495631694
0.016468015735887024
0.029021583155182044
0.008629357386202803
0.03987661190343715