0000000100
0.992929527089681
0.9850973638892572
0.993956153132865
0.985362299642337
0.9946019340309977
0.9881441250496755
0.996257782487747
0.9885415286792952
0.9972347330772288
0.9894025698768049
0.9981454497284411
0.9895350377533448
0.9985925288117634
0.9906610147039343
0.998791230626573
0.9912571201483643
0.9989402569876805
0.9952973903828324
0.9992383097098956
0.8317657967942772
0.9924493310372238
0.476155782222811
0.9110312624188636
0.2169823817724206
0.8263180553715727
0.053848191813485394
0.7511590939197246
0.0
0.6932706318717711
0.00609352232083767
0.6922440058285868
0.11491588289839698
0.7136375678897869
0.36528016955888243
0.7719234335673603
0.6302159226387597
0.8475294741025305
0.6653861438601134
0.8609915220559011
0.7017485759703274
0.8652139356206122
0.7934163465359656
0.8661908862100944
0.831368393164658
0.8615379520466289
0.8797854020400048
0.8631110080805404
0.9054179361504839
0.8550801430653067
0.8817724201881043
0.8341998940256987
0.8636243211021322
0.8071764472115515
0.8458736256457814
0.7841932706318718
0.7480460988210365
0.7470525897469865
0.73983309047556
0.7344846999602598
0.650152338058021
0.7249966883030866
0.7042654656245857
0.7414558219631743
0.9035633858789243
0.7671877069810572
0.9434362167174462
0.7785302689097897
0.9338322956683005
0.7875215260299381
0.9364816531990993
0.7863293151410784
0.9299244933103725
0.7715094714531732
0.9076698900516629
0.7732812293018941
0.9236322691747255
0.7427970592131407
0.909060802755332
0.7047622201616113
0.9056166379652936
0.6798913763412374
0.9249569479401248
0.6576036561133928
0.9431712809643662
0.6478341502185723
0.9310504702609621
0.6031759173400452
0.9476089548284544
0.5534011127301631
0.9751622731487617
0.5324215127831503
0.996158431580342
0.6074645648430259
1.0
0.6710657040667638
1.0
0.6566267055239104
1.0
0.6393396476354485
1.0
0.6238574645648434
1.0
0.6075970327195658
1.0
0.6226652536759837
1.0
0.6373857464564846
0.9780103324943704
0.6391078288515037
0.9542323486554511
0.6683666710822632
0.9614518479268778
0.7049443634918532
0.9554245595443108
0.7253112995098691
0.9431712809643662
0.7392535435156974
0.9389323089150882
0.7411246522718242
0.9343621671744603
0.7488077891111409
0.9244270764339648
0.7635613988607763
0.9143595178169295
0.7691581666445888
0.9076036561133927
0.7721718108358728
0.9000529871506161
0.7826367730825273
0.8974036296198176
0.7940952444032325
0.8956815472247981
0.8008179891376344
0.8917075109286
0.8090475559676781
0.8934958272618894
0.820009272751358
0.8942906345211288
0.8305239104517157
0.8951516757186386
0.853192475824613
0.8947542720890184
0.8650152338058025
0.8973373956815471
0.8711087561266397
0.9110478209034313
0.8754139621141875
0.9152205590144391
0.8795204662869256
0.9172738111008084
0.8836766459133659
0.9224400582858661
0.8884289309842365
0.9361504835077494
0.8937442045304015
0.9408530931249175
0.8997880513975363
0.95714664193933
0.9040270234468143
0.9672142005563654
0.9116439263478611
0.9775466949264804
0.9190124519803948
0.9966220691482316
0.9297920254338327
1.0
0.9483209696648564
1.0
0.9815538481918132
1.0
0.999900649092595
1.0
1.0
1.0
1.0
1.0
1.0
1.0
1.0
1.0