0000000100
0.09601810922572368
0.18109225723656075
0.16881149294167969
0.18059318408669608
0.24918009411093658
0.1778839298445743
0.16679737630115496
0.17574504491658344
0.1141451589904462
0.17303579067446168
0.12195208897761288
0.1679737630115502
0.122736346784543
0.16319692000570366
0.12619421075146156
0.15713674604306285
0.1313275345786398
0.15178953372308568
0.13744118066448024
0.1531441608441467
0.1390275203194068
0.1505774989305575
0.14326964209325524
0.14694139455297303
0.14957935263082844
0.1429488093540566
0.15278768002281473
0.1376728931983459
0.15868743761585635
0.1371738200484814
0.16130757165264506
0.13161271923570525
0.1648189077427634
0.12647939540852715
0.16859760444888072
0.12341366034507331
0.17255454156566358
0.1222016255525454
0.17599458149151556
0.11963496363895636
0.18052188792242999
0.1147155283045771
0.18577998003707394
0.10879794667046927
0.18556609154427497
0.10494795380008545
0.19248181947811188
0.09617852559532288
0.20349707685726512
0.08783687437615834
0.20948595465563957
0.07935263082846135
0.21112576643376577
0.07151005275916161
0.21741765293027226
0.06152858976187088
0.21877228005133315
0.05140453443604735
0.21706117210894058
0.041708256095822
0.22100028518465709
0.035220305147583154
0.2229787537430485
0.027021246256951476
0.22886068729502354
0.024026807357764062
0.23656067303579068
0.0
0.30808854983601874
0.16647654356195632
0.3570511906459434
0.5295166120062739
0.39711963496363895
0.627477541708256
0.44390774276343925
0.6525737915300156
0.4884856694709825
0.7769143020105521
0.520248110651647
0.8664622843291032
0.5384108084985029
0.9384714102381285
0.551939255668045
0.9864537287893914
0.5510124055325822
1.0
0.5643982603735918
0.9590047055468414
0.5967132468273207
0.8103522030514753
0.6292599458149152
0.76087266505062
0.6573149864537289
0.8129188649650646
0.6756915727933838
0.8350919720519036
0.6678133466419508
0.81085127620134
0.6607015542563811
0.7834022529587911
0.6591865107657209
0.7339940111222009
0.6824290603165548
0.6899329816055899
0.6966348210466278
0.6381719663482105
0.6932839013261087
0.5672322829031796
0.7104484528732352
0.46691857978040757
0.7134607158134892
0.3366604876657635
0.7035149008983317
0.24190788535576788
0.6991658348780839
0.2472550976757452
0.6852630828461429
0.2282190218166263
0.6695066305432769
0.22408384428917713
0.6574041066590618
0.2246542136033083
0.6486346784542991
0.22351347497504623
0.6441430201055183
0.20711535719378316
0.6366569228575503
0.19841722515328694
0.6281726793098531
0.18066448025096218
0.6118102096107231
0.17303579067446168
0.5835412804791102
0.18822187366319684
0.5359510908313132
0.20511906459432488
0.4599493797233708
0.24041066590617427
0.29283117068301723
0.28846428062170265
0.14220019962926006
0.3301725367175248
0.13273563382290032
0.36945672322829004
0.13268216169970043
0.40916868672465445
0.13334165121916428
0.4417510337943819
0.13077498930557535
0.46556395265934686
0.12282546698987595
0.48395836304006834
0.11469770426351077
0.4982888920576073
0.10671253386567818
0.5116925709396837
0.09985027805504079
0.5255953229716238
0.08772993012975906
0.5320832739198628
0.07947739911592748
0.5391415941822331
0.07145658063596184
0.549550834165122
0.06006701839441032
0.5525452730643091
0.05222444032511052
0.5615285897618707
0.044061029516612026
0.5737915300156851
0.036093683159845964
0.5767859689148723
0.028536289747611614
0.5780692998716671
0.019499500926850117
0.5752887494652789
0.01502566661913581
0.5749322686439471
0.009624982175958923
0.5749322686439471