0000000010
0.0032442252790033724
0.0
0.3648780171295095
0.2746561121204256
0.6121366467687516
0.6490397093174151
0.561672722553854
0.6862185310147935
0.5303335063586816
0.7093174150012976
0.5354918245522968
0.7123669867635608
0.5397093174150013
0.6600051907604462
0.5187191798598494
0.6923825590449001
0.4763009343368803
0.712496755774721
0.44862769270698155
0.6654554892291719
0.4744192836750583
0.7712172333246818
0.4737217752400727
0.9233713989099402
0.39843952764079943
0.9975992732935376
0.39754736568907345
1.0
0.39764469244744355
0.9695042823773682
0.43093044381001816
0.9304438100181672
0.4075882429275888
0.922073708798339
0.38009343368803533
0.84648325979756
0.3704580846093952
0.8557617440955099
0.3941733713989099
0.851090059693745
0.4223170256942642
0.8741240591746687
0.4358130028549182
0.9065663119647029
0.43750000000000006
0.7425382818582922
0.40950233584220086
0.7840643654295352
0.40144043602387747
0.7788087204775502
0.4134278484297948
0.8190371139371914
0.4272482481183494
0.8012587594082535
0.44187970412665445
0.8201401505320529
0.4395600830521671
0.8185180378925511
0.42447443550480146
0.7954840384116273
0.3996885543732157
0.7576563716584477
0.40424669089021537
0.6416428756812872
0.3589897482481183
0.6305476252270957
0.33128406436542956
0.570399688554373
0.3263203996885543
0.5825330910978455
0.30833117051648057
0.6033610173890475
0.294202569426421
0.5994030625486634
0.2888982610952504
0.5833765896703865
0.2866597456527381
0.5541136776537761
0.2845672203477809
0.5445756553335064
0.26988710096029067
0.5446405398390862
0.25812678432390346
0.5162211263950169
0.23512522709576952
0.5188813911237996
0.22282961328834675
0.4759278484297949
0.2424896184791072
0.47813392161951734
0.22318647806903713
0.4555541136776538
0.21504347261873863
0.43881391123799623
0.2770568388268881
0.38794445886322354
0.3037568128730859
0.3575785102517519
0.334625616402803
0.33921619517259277
0.33968660783804827
0.3031404100700753
0.3802880872047755
0.3043732156760964
0.5889890994030625
0.291331430054503
0.6756423566052426
0.2931481962107449
0.7218887879574358
0.2689462756293797
0.7408837269660006
0.2361147158058655
0.7616954321308071
0.2150272514923436
0.7592460420451596
0.1902413703607578
0.7717363093693226
0.186607838048274
0.7795548922917207
0.1883597196989359
0.7650856475473657
0.20276407993771084
0.7592784842979496
0.15163508954061766
0.7755807163249416
0.14547106151051126
0.762441603944978
0.14041007007526599
0.7506650661821958
0.12710874643135217
0.755790942123021
0.1178951466389826
0.7604626265247857
0.11783026213340256
0.7586945237477289
0.11393719179859849
0.7784194134440695
0.11757072411108227
0.7758726966000519
0.15604723592006234
0.7861406696080976
0.08701012198287049
0.7775434726187386
0.09161692187905529
0.7420516480664417
0.12107448741240594
0.7551745393200104
0.08954061770049311
0.7573319491305477
0.10537243706202959
0.7426680508694522
0.10654035816247082
0.7284259018946276
0.059369322605761735
0.7284421230210226
0.06858292239813132
0.6989845574876717
0.0655982351414482
0.7040779911757072
0.10147936672722549
0.6953672463015832
0.09317415001297688
0.6801356086166623
0.059563976122501944
0.6934044900077861
0.09609395276407992
0.6946697378665975
0.10816247080197247
0.6840773423306514
0.10835712431871265
0.6717006228912535
0.12237217752400728
0.70201790812354
0.1430054502984687
0.36382364391383326
0.08746431352193096
0.00029198027511030244
0.007526602647287825
0.011289903970931733
0.01148455748767193