0000000010
0.6490943835161187
0.6974908607510802
0.6402874709205717
0.7331339315387176
0.6081962445995349
0.6962445995347293
0.5656364240611501
0.6247092057161853
0.5970006646726488
0.6564473246925892
0.5981222997673649
0.5672150216018613
0.6506729810568297
0.4489032901296115
0.6710285809238952
0.3992190096377535
0.7127991026919244
0.44449983383183816
0.6406613492854771
0.33898305084745767
0.5331505483549354
0.34737454303755394
0.5276046859421738
0.32834828846792974
0.5847457627118646
0.3704719175805918
0.5562686939182457
0.38999667663675663
0.5397557328015954
0.38276836158192096
0.5785767696909275
0.20779328680624806
0.6103564307078766
0.153788634097707
0.6126412429378532
0.18602525756065152
0.6843635759388503
0.2347956131605185
0.7099327018943172
0.2903788634097709
0.7384305417082089
0.38567630442007333
0.7650589896975742
0.385427052176803
0.6661681621801266
0.34172482552343
0.6474327018943172
0.3467098703888337
0.6799185776005321
0.3357427716849454
0.6897848122299771
0.38069125955466954
0.6930250913924892
0.4184114323695579
0.5987662013958128
0.47449318710535077
0.5209371884346959
0.4672648720505153
0.41132851445663016
0.4436689930209371
0.351196410767697
0.3999667663675642
0.3579677633765373
0.4321203057494186
0.34814307078763734
0.33067464273845154
0.2658067464273848
0.38767032236623483
0.20494765702891332
0.4071119973413096
0.2182411100033235
0.39265536723163846
0.2118436357593885
0.39481555333998025
0.17227484214024608
0.48255234297108673
0.1339107676969093
0.45530076437354605
0.13280990362246597
0.402376204719176
0.11727318045862402
0.3647391159853773
0.08630358923230315
0.303589232303091
0.09849617813226984
0.23321701561980715
0.055209371884346964
0.3012628780325692
0.03163426387504156
0.31430707876370895
0.05707876370887342
0.29985044865403804
0.087425224327019
0.3601694915254238
0.07193004320372216
0.46535393818544385
0.060443668993020935
0.484047856430708
0.05275839149219014
0.5525922233300098
0.06769275506812894
0.678381522100366
0.1315844134263876
0.7519109338650716
0.1575066467264873
0.8073280159521439
0.13906198072449322
0.8779494848786977
0.06630109670987039
0.9739115985377205
0.0
0.9102691924227322
0.012400299102691918
0.8957294782319705
0.06401628447989362
0.9644400132934533
0.1819125955466934
0.9880358923230314
0.15470255898969767
1.0
0.11446909272183454
0.9887005649717518
0.09573363243602531
0.9675972083748757
0.16558657361249585
0.9003821867730142
0.20455300764373552
0.884014622798272
0.21475157859754077
0.8930707876370892
0.1862121967431041
0.8775340644732476
0.16245014955134612
0.8848454636091726
0.13177135260884018
0.8272681954137593
0.18033399800598213
0.7885510136257894
0.23913675639747428
0.6763044200731143
0.3098620804253906
0.5130442007311402
0.39726653373213716
0.32618810235958795
0.4454137587238287
0.32976071784646077
0.4807452642073782
0.43128946493851783
0.5037803256895981
0.3494516450648058
0.5670488534396813
0.33524426719840505
0.6360294117647063
0.3557660352276505
0.7050722831505485
0.3909106015287473
0.7141699900299106
0.4513127284812229
0.7178256895978731
0.4165835825855765
0.6958914921900966
0.42372881355932207
0.6557411100033236
0.3964772349617814
0.5830840810900634
0.33981389165835824
0.5390079760717847
0.3759554669325358
0.5009346959122635
0.41949152542372903
0.5377617148554338
0.7027251578597545
0.566238783649053
0.77633765370555
0.5853688933200402
0.7899634430043205
0.560111332668661
0.7913758723828519
0.5345629777334664
0.6968261881023595