0000000010
1.0
0.7075843177538091
0.9937510700222563
0.7056668378702275
0.9887690463961648
0.716623865776408
0.9871254922102377
0.7310049649032698
0.9910289334018147
0.7361410717342919
0.9941277178565314
0.7488101352508131
0.9885464817668208
0.7560691662386576
0.9849340866290016
0.7731210409176509
0.9797294983735662
0.7972265023112478
0.9644410203732235
0.8274268104776576
0.9570107858243447
0.8416024653312784
0.9451292586885806
0.8555726759116586
0.9354562574901556
0.8719397363465161
0.9213148433487413
0.8791302859099464
0.9131484334874164
0.8761171032357474
0.9102722136620442
0.8457113507960967
0.9133367574045537
0.8048279404211608
0.9315356959424754
0.7582605718198939
0.8718370142098955
0.6911487758945385
0.8211778804999144
0.6404725218284537
0.8448724533470295
0.6334189351138501
0.7923300804656737
0.6167779489813388
0.7577127204245846
0.602533812703304
0.7065399760315013
0.60075329566855
0.6944358842663926
0.6108885464817666
0.6961992809450436
0.6221879815100151
0.633196370484506
0.6263653483992464
0.5531073446327684
0.6444444444444446
0.5815100154083205
0.6652627974661874
0.5908234891285739
0.672658791302859
0.5799178222907037
0.6683444615648008
0.5246533127889059
0.6675911658962506
0.49931518575586364
0.6449238144153397
0.4863721965416882
0.6184899845916795
0.46870398904297195
0.5909604519774009
0.399161102550933
0.5656908063687726
0.36045197740112994
0.5529532614278378
0.31689779147406255
0.5236432117788049
0.26813901729155976
0.4944701249785991
0.2544769731210409
0.49090909090909096
0.24768019174798825
0.507002225646293
0.25353535353535356
0.5234377675055638
0.22689607943845236
0.5402841979113165
0.19068652627974664
0.5680876562232495
0.16060606060606059
0.6045197740112992
0.14615648005478515
0.6299948638931689
0.13242595445985272
0.6366375620612909
0.1275295326142784
0.6104776579352847
0.07014209895565832
0.6081492895052217
0.0
0.5640472521828449
0.03263139873309379
0.537818866632426
0.06909775723335043
0.5352850539291216
0.16930320150659145
0.5199452148604689
0.2827598014038693
0.5213148433487413
0.2793528505392913
0.5393939393939395
0.27245334702961804
0.5424756034925527
0.295411744564287
0.46283170689950326
0.3055812360897107
0.387844547166581
0.344598527649375
0.40797808594418755
0.41299435028248593
0.4366718027734978
0.46959424756034895
0.4642013353877763
0.4470467385721622
0.46221537407978047
0.4520458825543571
0.4750898818695427
0.49065228556754
0.5009073788734805
0.5324430748159561
0.5621297722992639
0.5570279061804485
0.6108885464817668
0.5854134565998971
0.6332819722650226
0.6065399760315014
0.6542372881355935
0.6527991782229067
0.6609484677281287
0.6890943331621296
0.6471837014209895
0.7224105461393593
0.6373223763054271
0.7475774696113677
0.6760828625235401
0.8020715630885122
0.7215545283341892
0.8475261085430579
0.7299092621126521
0.8682759801403869
0.7200479369970894
0.8769388803287107
0.6954631056325973
0.8853278548193801
0.6834788563602119
0.9023454887861664
0.6701934600239684
0.9123608971066599
0.6828625235404895
0.9170005136106832
0.721417565485362
0.8938709125149802
0.7412086971409003
0.8765793528505392
0.7456599897277861
0.8809108029447011
0.7344290361239509
0.882674199623352
0.691422701592193
0.8709296353364149
0.645814072932717
0.8545968156137647
0.6276664954631056
0.8510186611881526
0.6583461736004108
0.8601780517034754
0.6960794384523197
0.8555726759116586
0.7538777606574217
0.8537407978085941
0.7929806539976029