0000000010
0.9616728714678991
0.8683155747642891
0.9360691514399423
0.8318570185573478
0.9203217938294326
0.8809819276249156
0.9214914345215175
0.9470523628168371
0.9575078094912063
0.9836250303108106
0.9690473133923864
0.94779408618255
0.91085055700572
0.8966151739483932
0.9071276762662789
0.932217895502589
0.9247150783801906
0.973583237051935
0.9255851769438148
0.9762077966536874
0.9312479495628115
0.962343275279216
0.9511888969717718
0.9463106394511247
0.9346142325302755
0.9326172850072036
0.9279244583279848
0.914074200864393
0.914259631705821
0.870768967435492
0.9090105125023182
0.8261514542057141
0.9177970816038346
0.8686008529818704
0.932545965452808
0.8986691771149817
0.9426876060878372
0.865405736944956
0.8882707860841291
0.9094526937395702
0.8592294635343121
0.9444848588586019
0.9032906842398051
0.9374099590625758
0.9215342262541545
1.0
0.8816523314362332
0.9233172151140397
0.8650634030838578
0.9224043248177787
0.8834638481178771
0.9767783530888503
0.9057298130001288
0.9376381816366411
0.9082545252257264
0.9323320067896221
0.7460168028870157
0.8976421755316868
0.697490978076369
0.977463020811046
0.6586646126635001
0.9808863594220264
0.6347155062975166
0.9219478796696474
0.6275407591253372
0.9513315360805626
0.6100389404766999
0.9752949063574251
0.5531544638909098
0.9362688461922486
0.44245225155833223
0.8436675367652299
0.39338439813428044
0.7964254639337012
0.37352903419059436
0.9089391929479225
0.3607485700429345
0.9255994408546937
0.37926312636398646
0.8953028941475175
0.3292823826436734
0.902206627012995
0.35930791504414683
0.8731082488196615
0.3646568816238037
0.8382472506311786
0.291283324061791
0.8458927068623674
0.2434992226168573
0.86517751437089
0.25783445305033725
0.9121343089848368
0.24232958192477225
0.9273111101601833
0.21444363615616133
0.9064858002767202
0.17705792574207993
0.9697605089363401
0.15208181779280242
0.948022308756615
0.1010883364000742
0.9259417747157922
0.10556720441610683
0.932103784215556
0.11329824411257079
0.9600039938950462
0.07368736360135227
0.9782617998202752
0.05571483589370529
0.9386081275764193
0.030881367053218523
0.905515854336942
0.007231802815696002
0.8958163949391649
0.0
0.8925642232587335
0.00349465816537578
0.9463106394511247
0.030724464033548796
0.9462535838076088
0.09233029512031601
0.9210349893733863
0.08655341121428677
0.862724121699688
0.10217239362688464
0.7891223415636102
0.17052505455945907
0.6717588828505001
0.19330452023335762
0.6155020183433896
0.21875133724164506
0.6238891979402915
0.21876560115252403
0.5848631377751154
0.22973454861854045
0.5424707946424749
0.26485229720284714
0.6131627369592195
0.33911021723936274
0.6701042691885263
0.39026060165176085
0.5777311823355724
0.41893106251872153
0.538705122170397
0.43385111329824405
0.4838175931076786
0.38081789264980653
0.4665867887657441
0.4118704266335746
0.4883249889454694
0.4772419301924205
0.5919950932146574
0.656938679447131
0.7160911178626957
0.7114125550943559
0.708217439057441
0.7525782018913945
0.6934400273867091
0.7839588058253812
0.7652730825737803
0.7985650505655641
0.7987076896743552
0.7994208852183092
0.8038997532343423
0.8204744176758386
0.8666609611023148
0.826422468512417
0.8597001725933214
0.82154421099177
0.8320281854878974
0.8313292538548219
0.8172507738171655
0.8575035303179428
0.8934200579114784
0.8844052662358965
0.9263411642204066
0.8687434920906613
0.9233172151140397
0.885346684353916
0.921206156303935