0000000010
0.8877517113045789
0.6946899714228753
0.9086362730112313
0.7055226955539312
0.9314813584103144
0.7123014554396224
0.9545258191001529
0.7215391772446337
0.9748454841496644
0.7346314880042535
0.9931547816840569
0.7371569083538243
1.0
0.7380208679470991
0.9944174918588423
0.742207749052967
0.9815079417824151
0.746328171728584
0.9654914600917127
0.7436033760882569
0.9546753505682198
0.7377550342260917
0.9434438758556524
0.7291154382933478
0.9320296404598925
0.7206752176513589
0.9239050973616004
0.7160231275337277
0.9245530670565559
0.7190802153253141
0.922077490529674
0.7321725260849339
0.9163122217053231
0.7473915066126138
0.9087193460490461
0.7610154848142487
0.9037681929952815
0.7718482089453048
0.8953113577457301
0.7820163487738421
0.8943809397222037
0.7911876121486011
0.9003289692297469
0.7883298996477704
0.9028876187944441
0.7776965508074701
0.9179238386389315
0.7694557054562371
0.9331926629893003
0.7765667574931879
0.9498903435900842
0.7969030371502624
0.9613045789858444
0.8209609889014422
0.9657739084202831
0.8472120688509338
0.9608725991892072
0.8710041868811057
0.9553897786934271
0.8852262909550075
0.9396391307237322
0.893732970027248
0.9149996677078488
0.9066923639263644
0.8855419684987041
0.9173921711969166
0.860736359407191
0.9124077889280259
0.8563999468332557
0.8942646374692629
0.8755565893533596
0.8739283578121888
0.8494550408719346
0.84495248222237
0.7921678739948164
0.8206286967501829
0.7195620389446403
0.8100618063401341
0.6879112115371837
0.8033495048846945
0.6784907290489799
0.7906559447065862
0.6576892403801424
0.7844753106931616
0.6211703329567354
0.789060942380541
0.5776068319266299
0.8100618063401345
0.5675549943510334
0.837442679603908
0.4902804545756628
0.8640925101349105
0.420249883697747
0.880108991825613
0.42614806938260125
0.8819698278726653
0.5061141755831727
0.8733966903701735
0.5068618329235062
0.8623645909483619
0.48630956336811326
0.8640925101349105
0.5219645111982455
0.8806406592676282
0.5510899182561309
0.899581311889413
0.603492390509736
0.9171927959061603
0.6255565893533596
0.9343390709111451
0.5877749717551671
0.9434438758556524
0.5695321326510268
0.9132717485212996
0.6161028776500299
0.8505349903635275
0.6539343390709113
0.7981657473250483
0.6431348441549811
0.6485013623978202
0.6143915730710441
0.5435635010301056
0.6032099421811655
0.49365321991094585
0.611766465076095
0.4783677809530137
0.6695022263574134
0.44261314547750386
0.7631255399747457
0.3874526483684455
0.850867282514787
0.3303648567820826
0.8760384129726855
0.3089652422409783
0.8182361932611151
0.3055094038678806
0.7069681664119093
0.2664318468797769
0.6851365720741676
0.2448993154781684
0.6343789459692962
0.21539177244633484
0.5789858443543563
0.19578653552203096
0.615022928158437
0.1792383863893135
0.6455439622516114
0.12341330497773637
0.6165016282315412
0.09596597328371094
0.5947198777164885
0.13278394364325108
0.6095234930550943
0.09895660264504555
0.6159865753970892
0.09058284043330894
0.6296271682062867
0.06100883897122356
0.6518076693028508
0.026583372100751016
0.6597660663255135
0.008307303781484733
0.6626902372565959
0.062470924436764684
0.6633382069515518
0.03077025320661932
0.6592177842759354
0.0
0.6610453911078621
0.010234598258789147
0.6743204625506745
0.006512926164684014
0.6874293879178575
0.04466006512926166
0.6990263839968099
0.020735030238585743
0.7024822223699076
0.01834252674951819
0.7005549278926033
0.09623180700471845