0000000010
0.2822205650114056
0.0
0.24293735743112818
0.0
0.2490568520793122
0.0
0.2754978943674329
0.0
0.3153623442709247
0.0
0.34723197052114413
0.0
0.3523315493946306
0.0
0.3140682575890507
0.0
0.29118047025794
0.0
0.297475434286717
0.0
0.2789524477978593
0.0
0.2493639234953501
8.77346902965494e-05
0.24687445165818564
8.77346902965494e-05
0.2663954202491665
0.00035093876118617764
0.25195209685909814
0.0005264081417792652
0.2427289875416739
0.0013598876995964254
0.2752456571328304
0.001710826460782593
0.3830386909984208
0.0015792244253377808
0.46953412879452544
0.0015792244253377808
0.46742849622740834
0.001535357080189514
0.3831373925250045
0.0006141428320758097
0.2883400596595894
0.00039480610633445176
0.27834927180207053
0.0006141428320758097
0.3221069485874715
0.0007896122126688935
0.3163274258641868
0.0012721530092998834
0.3006229163011055
0.0013598876995964254
0.30246534479733284
0.0020178978768204967
0.31816985436041406
0.00614142832075803
0.3488331286190559
0.01631865239515705
0.40036629233198806
0.01833655027197754
0.4401539743814704
0.008203193542726802
0.4735260572030181
0.002544306018599758
0.4858089138445341
0.001316020354448155
0.4604864888576944
0.0010528162835585254
0.42896780136866125
0.001228285664151612
0.35631251096683625
0.0008773469029654392
0.3161738901561677
0.002544306018599758
0.3141450254430602
0.004825407966309886
0.3102408317248641
0.007545183365502719
0.30185120196525705
0.010001754693805938
0.30494384979821026
0.013335672925074581
0.30200473767327596
0.019126162484646436
0.32070319354272686
0.021889805228987546
0.3217779434988594
0.024434111247587296
0.31946394104228815
0.016099315669415682
0.31876206351991576
0.004255132479382355
0.2965651868748903
0.0014037550447446945
0.31152395157045104
0.002544306018599758
0.3540972100368486
0.016187050359712234
0.385001754693806
0.16542375855413233
0.3226991577469732
0.03443586594139324
0.3338633970872083
0.004342867169678898
0.33697797859273554
0.00570275486927532
0.339138445341288
0.005264081417792599
0.36352868924372694
0.009036673100543957
0.3928101421301983
0.025881733637480264
0.4046652921565187
0.04746446745042991
0.39184506053693635
0.12037199508685735
0.37314660466748567
0.14647306545007893
0.3603154062116161
0.10361466924021762
0.35374627127566244
0.09764871030005266
0.3479667485523776
0.08146165994034041
0.35722275837866296
0.11681874012984733
0.4054110370240393
0.3777417090717669
0.41336199333216356
0.5201789787682047
0.3552377610107037
0.4868397964555185
0.337679856115108
0.40252675908054053
0.31571328303211094
0.3549306895946659
0.33971968766450256
0.684593788383927
0.3379430601859975
0.8408931391472191
0.31452886471310754
0.860808913844534
0.2837888226004562
0.9787682049482364
0.26798561151079137
1.0
0.227386383576066
0.9004211265134237
0.20706483593612915
0.8397087208282155
0.1885308826109844
0.7884277943498862
0.19175513247938236
0.5469380593086506
0.2164195472889981
0.303605895771188
0.22420600105281627
0.3056237936480085
0.226256799438498
0.458326022109142
0.21459905246534483
0.5794437620635197
0.19752368836638007
0.4865765923846289
0.05860677311809092
0.4752588173363748
0.009705650114055104
0.42476750307071426
0.009617915423758555
0.43928759431479203
0.010023688366380071
0.4568783997192491
0.01580321108966485
0.4319178803298826
0.031935427267941754
0.3820845762414458
0.05854097210036851
0.33777855764169157
0.09769257764520092
0.38199684155114944