0000000010
0.025086850048408306
0.4303206332934678
0.013326499231163288
0.361410103081041
0.005211002904493418
0.2779201549063162
0.0
0.2125405774816335
0.0010251153254742186
0.16800501167492451
0.012557662737057908
0.15035024773620373
0.034312887977675344
0.15114755965601714
0.06002619739165116
0.19568312546272582
0.07651346887635974
0.2428384304345351
0.09399738026083482
0.2587846688307992
0.11390170283045743
0.24990033601002357
0.1227860356512332
0.2324733754769634
0.12791161227860376
0.20433965487784037
0.1621960248305713
0.18429295517968008
0.17404180192493873
0.18235662623156243
0.1783700666324961
0.16572697761831545
0.1654137479355319
0.1246084628965203
0.09570590580329168
0.062190329745429644
0.06859730052964297
0.017540862235890308
0.20567799988609822
0.00945384133492795
0.3012130531351445
0.03268978871234133
0.2977105757731078
0.0769975511133893
0.23594737741329233
0.10558687852383405
0.14209237428099558
0.1373654536135316
0.05125576627370585
0.22256392733071373
0.06774303775841453
0.3576513468876363
0.16427473090722713
0.5059513639728916
0.18736830115610245
0.6490119027279458
0.22247850105359088
0.7646221311008605
0.23614670539324575
0.8157639956717352
0.1828976593200069
0.8187254399453271
0.15003701805341987
0.804146021983029
0.12466541374793563
0.7839854205820379
0.10157184349906033
0.774759382652771
0.06760066062987657
0.784213223987699
0.03536647872885697
0.8225980978415627
0.06472464263340742
0.8649695312944932
0.11008599578563712
0.9120109345634724
0.13121476166068693
0.9489150862805403
0.20254570305826086
0.9685061791673788
0.20371319551227296
0.9672532604362437
0.26086337490745526
0.9794407426391026
0.2818782390796744
0.9475482658465743
0.31479583119767635
0.9131499515917766
0.3786092602084402
0.9049490289879837
0.35437667293126046
0.8904835127285158
0.2590124722364599
0.8900279059171937
0.2561364542399909
0.9000512557662742
0.15160316646733876
0.8458340452189763
0.09690187368301159
0.7413861837234464
0.02935816390455045
0.6651859445298706
0.015974713821971832
0.5876188849023294
0.05518537502135652
0.5348823964918279
0.12156159234580557
0.5323765590295578
0.18064810068910556
0.5248590466427473
0.24019021584372696
0.49740873626060733
0.28896862008087015
0.4869297796002052
0.3636027108605275
0.4569736317557952
0.4925679138903127
0.40549006207642835
0.5559257360897547
0.3496782276895041
0.6492681815593144
0.2882852098638876
0.7165271370806998
0.22700609374110156
0.7481918104675667
0.18896292499572884
0.7770089412836726
0.1584372686371661
0.781308730565522
0.13747935531636218
0.6638475995216131
0.12870892419841676
0.6433168175864232
0.12403895438236812
0.7463124323708642
0.11857167264650607
0.850589441312148
0.11276268580215265
0.8932171535964468
0.11777436072669308
0.8477703741670943
0.13189817187766967
0.8771854889230597
0.17358619511361723
0.8990261404407999
0.248761318981719
0.9019875847143916
0.3674468933310552
1.0
0.508798906543653
0.9454695597699189
0.6676917819921411
0.8384873853864114
0.8207756705962753
0.8571103137991917
0.9136055584030984
0.8482544564041233
0.9364998006720205
0.7813941568426452
0.8969759097898519
0.7366023122045675
0.8296600034170515
0.6645310097385957
0.7463978586479872
0.6679765362492172
0.7208838772139642
0.5847428669058604
0.7149609886667806
0.527905917193462
0.6730451620251727
0.5974144313457486
0.6150691952844696
0.6507204282704028
0.5396662680107069
0.5653226265732673
0.4351045048123468
0.5324619853066805
0.34956432598667364
0.49851927786320427
0.29204396605729255