0000000010
0.3255991997060145
0.3468212812870034
0.28976971132252655
0.2794904250541016
0.24578416561185745
0.1999918337348414
0.20547343922257158
0.19411212282062787
0.16574455922583806
0.2079539422645055
0.10778449226246382
0.19194806255359123
0.10065942591155934
0.16352945980155983
0.1125515495488139
0.13952064023518845
0.10037360663100722
0.10126168796700835
0.07375158221387458
0.06700420562655658
0.08869584745416684
0.06083867543179116
0.13597852272263283
0.09734188069086595
0.18290392389040877
0.13780572455187623
0.2375362378016414
0.18933485770282943
0.26899677432526226
0.27463149728471675
0.32177126291290675
0.37299416112041156
0.4064248091135517
0.42693234249316053
0.44131517700379724
0.42566657139357295
0.44609244212159543
0.3587440284186029
0.4550242946388468
0.28357355763341635
0.4453166469315258
0.24404883426564836
0.4220325833979827
0.22028500265403625
0.43499652933730754
0.2356784124780532
0.4388142582989669
0.278877955167204
0.40836429708872646
0.3410232330243763
0.39554326078967783
0.4257890653709527
0.3927871462986403
0.5339104160712095
0.4402943938589687
0.6145931158384711
0.47123433097872675
0.6285982605855213
0.4328222612388222
0.5796415009595363
0.36723694418357766
0.5414642113429424
0.2839206239026581
0.5143522110162918
0.23635212935364008
0.4553101139193986
0.18306724919358128
0.3359193173002325
0.15958923686252086
0.2008901229022905
0.14069454085174132
0.07990690457719156
0.1295067575844188
0.005103915724143594
0.1202584622922706
0.0
0.08856314564533918
0.03878975950349118
0.0597362296353763
0.08803233841002825
0.060726389285860154
0.08741986852313102
0.05360132293495567
0.2000326650606346
0.04487362704667019
0.369523498427994
0.02893920215589408
0.5269282593605814
0.009125801314768717
0.6930709240129027
0.03179739496141447
0.8456575885018981
0.06147156098158518
0.9389163366134496
0.04751745539177659
0.9619860356865788
0.06007308807316985
0.9253603364501246
0.07857988648891424
0.8732595647380668
0.10100649218080118
0.8323874076191251
0.12186109182965182
0.7712629129067821
0.14843207708954312
0.7654648646441551
0.15712914948348372
0.8367971908047852
0.17492139969784823
0.8719121309868931
0.21795761708382672
0.8766485647788981
0.24327303907557882
0.8594177452941896
0.2535625331754521
0.865052468253644
0.27338614184802573
0.8961659385080232
0.26656731044056997
0.9153158303050094
0.27676493405740893
0.9391613245682086
0.2822567473765873
0.9756236985014901
0.28921848842431913
0.9942836143889591
0.3143399616185537
0.9846882528275692
0.34370789269527585
0.9641909272794087
0.34924053734024746
0.960720264586991
0.3447695071658977
0.9815034094157036
0.34704585357886575
1.0
0.36312318810991795
0.9617410477318198
0.37736311298027847
0.8390429137234082
0.38709117635049595
0.7192438038463104
0.42774896900902365
0.6527704054550646
0.44870564697235726
0.6450532848801599
0.4726430117185904
0.6651014658445961
0.4828916744926707
0.6637132007676287
0.5039095994446938
0.6429708872647093
0.46219019231554437
0.6302723449430402
0.45071658976766965
0.6289249111918664
0.45400351149401813
0.6291698991466252
0.429218896737577
0.6506063451880282
0.4161834959781145
0.6539545139030664
0.3937466824547791
0.565595524886693
0.36964599240537344
0.44783798129925284
0.40896655914417523
0.3587031970928096
0.4696317014413457
0.30374423257523175
0.45046139398146234
0.282675268465967
0.44876689396104685
0.27152831652443754
0.5088501898656648
0.26323955738842836
0.5604609856682046
0.24596790657792655
0.5712608713404925
0.23282021967253252