0000000010
0.6876032716457371
0.7505783212161272
0.6904948777263717
0.66424322538004
0.6876032716457371
0.6232650363516196
0.621530072703239
0.45299074686054225
0.5968481493721086
0.3855750165234635
0.6033336087243889
0.4858724388631859
0.6017019167217451
0.6378883013879713
0.553040317250496
0.7134005287508264
0.5517184401850629
0.4757105089226704
0.615808823529412
0.22653668208856578
0.6539986781229348
0.41730006609385345
0.6551966292134835
0.4265532055518839
0.6409451421017849
0.3611202908129543
0.6698818572372771
0.32650363516193004
0.6381154990085924
0.387723066754792
0.6574686054196962
0.4832286847323201
0.7555973231989427
0.6153337739590219
0.808926801057502
0.8831791143423667
0.7249876074025119
1.0
0.6104800066093857
0.7994051553205556
0.5614466292134832
0.62318241903503
0.5433327825512229
0.5320555188367485
0.5659079643093193
0.5076007931262395
0.5759872769332454
0.4988433575677465
0.5598769001982818
0.4544778585591538
0.6331997686715137
0.4627395902181101
0.7372149702577662
0.4666226040978191
0.8006031064111042
0.3702908129543955
0.8714681097157967
0.28924322538003977
0.9148422009253144
0.3231163251817582
0.8640738598810315
0.368473231989425
0.8201421017845344
0.38912756113681435
0.7971744877726376
0.42729676140118983
0.7181097157964312
0.4442333113020492
0.6389416721744882
0.4282055518836751
0.6043663251817581
0.45365168539325873
0.5702660277594186
0.5102445472571053
0.5749339061467288
0.5254461335095839
0.5942043952412427
0.5211500330469269
0.5781972901520163
0.5144580304031726
0.5711335095836089
0.5437871777924655
0.5881939854593526
0.5705551883674822
0.6459641440846005
0.5682419035029743
0.6739301057501655
0.5560971579643097
0.6529453073364179
0.48075016523463343
0.6312169530733646
0.3338565763384007
0.539036682088566
0.15300727032385994
0.4609426635822871
0.15647719762062137
0.4294035029742236
0.19786847323198953
0.3749173826834107
0.22463648380700596
0.37080717118308015
0.2329808327825513
0.39170935228023807
0.21629213483146076
0.4006320224719104
0.20423000660938537
0.4134170522141442
0.11021150033046935
0.4440061136814277
0.03403833443489753
0.43322455386649056
0.05998017184401847
0.40329643093192363
0.10880700594844685
0.4617068737607403
0.11566424322538
0.4405774950429611
0.12004296100462665
0.3878469927296764
0.16564771976206222
0.38982980832782566
0.22116655651024456
0.3669035029742235
0.23405485789821562
0.3371612690019829
0.2662756113681428
0.4248182419035031
0.30006609385327176
0.49149041639127566
0.29742233972240595
0.47089805023132875
0.28065102445472584
0.45670852610707213
0.24264705882352958
0.41153750826173185
0.2605750165234634
0.3779535690680768
0.3316259087904826
0.3988350958360874
0.3543456708526106
0.42921761401189706
0.3135327164573695
0.4166804362194318
0.24801718440185078
0.44704230006609397
0.2441341705221416
0.46879130865829505
0.2666886979510907
0.4026148380700597
0.27288499669530747
0.43175809649702596
0.26404494382022486
0.4499339061467286
0.22918043621943168
0.463916886979511
0.19588565763384008
0.4506154990085924
0.1643258426966293
0.37150941837409135
0.1218605419695969
0.31415234633179123
0.12004296100462665
0.2931675479180437
0.13086582947785866
0.31654824851288826
0.10310641110376732
0.3394745538664905
0.06055849306014544
0.38710343688037036
0.03742564441506934
0.4384914077990748
0.021563119629874446
0.45429196959682766
0.001487111698612047
0.4156477197620623
0.0006609385327164758
0.37522719762062134
0.0
0.3672546265697292
0.010327164573694602