0000000010
0.39020191214815825
0.6458514407969516
0.3942635555258409
0.54008156715919
0.3922076619642978
0.4585144079695129
0.3909707829110117
0.39085378083840344
0.39931135922979233
0.33582937754897385
0.41393661830581024
0.2791335160794277
0.4320050812328677
0.19663034030888565
0.45762853513405116
0.10877849836197118
0.4713010630474029
0.053620378418132046
0.47695059169619597
0.015778565220298354
0.48034365180183214
0.0
0.47977535602059246
0.0012703082168885947
0.4729892358093201
0.024336431102493974
0.47208664839205744
0.04245503777495495
0.4786721936217158
0.05261750351006237
0.4929798756435117
0.06893093534799782
0.5068195493748747
0.08731697532927736
0.5056495286487934
0.12114728889483203
0.4951193421140605
0.17075616768068483
0.474526977335027
0.19489202380156473
0.4392090659891692
0.19716520692652292
0.41375275790599736
0.18305809988634097
0.3944641305074549
0.13204519622919053
0.38829644982282563
0.06625660225981146
0.4008658153373004
0.016848298455572806
0.41174700808985776
0.00648525773885155
0.4163435180851778
0.06291368589957891
0.4414321053687239
0.13097546299391602
0.4626261950925988
0.17556996723941992
0.4820819683091531
0.22484455438924938
0.4813465267099019
0.26268636758708325
0.4987296917831119
0.29999331416727953
0.5510296182389518
0.33415791936885736
0.6411379287290233
0.35381426756702566
0.7156515343986094
0.3478638764458113
0.7440830380423884
0.3285418198836665
0.7334024202714449
0.32165541218158744
0.7247776960620448
0.3549508591295048
0.6973156381627335
0.4159256535401487
0.6736645049140874
0.4720197900648527
0.6737146486594906
0.5007020124356488
0.6695192886273988
0.4833188473624393
0.6843451226850308
0.4729558066457178
0.6888079160259414
0.46787457377816416
0.6810857792338036
0.43471284348465616
0.6652737848499032
0.40161797151835277
0.6474560406498631
0.35688975061843975
0.6488767801029619
0.3211205455639501
0.6383800227318314
0.325600053486662
0.6313933275389451
0.36076753359630964
0.6118874105769875
0.4438055759844891
0.5842414922778634
0.5628133984087718
0.5462492478438191
0.6303403088854721
0.5891221501638033
0.6776091462191619
0.6173865079895705
0.7325666911813866
0.61651734973591
0.6883733368991111
0.6752691047669991
0.6356889750618441
0.6753359630942034
0.5989837534264895
0.6440629805442268
0.5615430901918833
0.6807849167613828
0.6132914354482855
0.7205321922845491
0.7006084107775626
0.7378150698669522
0.8226248579260543
0.7735174165942368
0.9274587149829514
0.8091696195761181
0.9481179380891888
0.8346092130774889
0.9128835996523368
0.827238082503176
0.8511065053152367
0.7801698201510998
0.67413251320452
0.7321822557999599
0.5553921240890553
0.6954101758374008
0.5368723674533664
0.677107708765127
0.5686969312027812
0.7610650531523704
0.564886006552116
0.789997994250184
0.5987163201176711
0.7931737647924051
0.6353546834258208
0.7803871097145149
0.638831316440463
0.7860199237815072
0.6469880323594305
0.7923380357023467
0.6544761650063519
0.746005214949522
0.6990706692518559
0.7214514942836131
0.6998061108511066
0.7507521561810524
0.6735976465868823
0.803219228454904
0.7329678411446146
0.8279902386842283
0.8093200508123284
0.8198502373470615
0.851039646988032
0.7783479307347733
0.9213077488801233
0.7564351139934479
0.9905061175369397
0.7523734706157652
1.0
0.837584408638096
0.9511265628133987
0.9830514140536206
0.8482315972454373
0.9415992511867356
0.838470281473558
0.7593100220632479
0.8720331617302939
0.7729825499765998
0.9022531256267967