0000000010
0.004181075512392607
0.0019278734351090268
1.0
0.9061005145012231
0.8650609087513406
0.7241574590628126
0.8680009157398818
0.7361584711963657
0.8643861530490523
0.7380863446314753
0.8610605713734893
0.7390020845131519
0.8557950670538479
0.7379417541238417
0.8506259564059621
0.7368332268986542
0.845179713951779
0.7350499439711784
0.8390105189594304
0.7341342040895016
0.8320099285481908
0.7338450230742353
0.8252623715253093
0.7315797717879823
0.8180569445615897
0.7293145205017292
0.8118275035243938
0.7253141831238779
0.8069837215186821
0.7210728615666381
0.8023447760654513
0.7160603906353549
0.7985372260311111
0.7103249671659057
0.7942236092200547
0.7013121588567712
0.78839179207885
0.6913836106659595
0.7746797922716373
0.6815032593110264
0.7411347945007412
0.6769245599026423
0.7141204679912764
0.6720084826431146
0.6949019796850339
0.6676225705782417
0.6877808971841001
0.6643451857385563
0.6380297133493187
0.6630438711698577
0.5984480618847373
0.6596700926584171
0.5746388249611414
0.6563927078187317
0.5721446387044692
0.6527779451279023
0.5455279360909959
0.6499343318111168
0.5339847938982807
0.6473317026737193
0.507753665971829
0.6480546552118852
0.5023194727266156
0.6505126938416493
0.47794392298145627
0.6535008976660682
0.46436446447290747
0.6555251647729327
0.4596411745568904
0.6577904160591859
0.46190642584314345
0.6630920680057351
0.46960587037460993
0.6655501066354995
0.4804260600291591
0.6733579940476908
0.49676478739170793
0.6855517935247549
0.52552624920174
0.7002518284674615
0.532237658597713
0.7164459653223767
0.5425397322665768
0.7308086224139384
0.5683009410432205
0.7449784921619893
0.5699516826720326
0.7595339365970625
0.5749521043943466
0.7743785620474019
0.5828925331052015
0.7896087621847626
0.594833299193908
0.8030556793946477
0.593351246490668
0.8182858795320087
0.6008940513055319
0.8335642765052474
0.6131601460364128
0.8468666032074994
0.6352824937042881
0.8598797488944853
0.6574530382080418
0.8724109262226935
0.691696890099165
0.8831588206234262
0.7276637788729171
0.8939067150241587
0.7507741616762861
0.9036424758714587
0.7759208607954886
0.9125588905088385
0.7953562348631811
0.9218126829973613
0.8349981323726099
0.929379586230164
0.8386731411082863
0.9377658356728883
0.8449507789813598
0.944416999024014
0.8594580265805553
0.950248816165219
0.8490716084489053
0.9532370199896372
0.8294072994107938
0.9549721060812358
0.8527586663935512
0.9580085067415322
0.8787006133047368
0.9583940814285546
0.8742062583591387
0.9582012940850435
0.8499030038677963
0.9568517826804671
0.8210210499680696
0.9532370199896381
0.8417095417685829
0.947983564878966
0.8703746099068594
0.9435012591423377
0.8565300688009831
0.9380550166881545
0.8501560372561543
0.9303917197835961
0.8853035798199851
0.9239333437759816
0.8711457592809032
0.9151615196462353
0.7915727832467799
0.9082693721157209
0.7822346462954706
0.8998831226729966
0.7679563336666948
0.8910149048714948
0.7791139011723881
0.880026026291374
0.7721735568059958
0.8696155097417854
0.7620763196896124
0.860265323581507
0.8153338233344981
0.850336775390696
0.7623173038690012
0.8419505259479715
0.6922391045027894
0.8349137879098237
0.7056739725037052
0.8296121359632742
0.7394961020808983
0.8271059004976326
0.7061679900714521
0.815442266215223
0.6847565457327728
0.7029990481124916
0.6457894039256323
0.7295555046811174
0.7083127492680107
0.7729326569710699
0.015627824033352236
0.0