0000000010
0.23466159207630244
0.09446074834922974
0.2717351430667647
0.10441122523844475
0.3154232391782833
0.11440755685986803
0.34780814380044045
0.10762105649303022
0.3779347028613353
0.10624541452677926
0.43172230374174625
0.10950110051357313
0.47577723771093205
0.11009721203228183
0.5229159024211301
0.1330704328686722
0.5964439655172417
0.200476889214967
0.5956873624358038
0.17429383712399124
0.5572840242112987
0.21051907556859878
0.5549912876008806
0.29883528980190777
0.5602416544387384
0.2650862068965517
0.6013733492296408
0.19997248716067517
0.645279255319149
0.24119589141599404
0.6472280814380046
0.2457813646368307
0.5971432501834191
0.22317498165810715
0.5670510821716802
0.22436720469552468
0.5806814013206164
0.22487160674981677
0.5565847395451212
0.1812179016874542
0.5381167461482026
0.2311537050623626
0.5898179567131329
0.3125917094644168
0.6285308143800443
0.37133162142333104
0.6235899669845929
0.37137747615553957
0.6135019258987529
0.26412325752017624
0.6108996698459281
0.18759170946441678
0.6261692956713134
0.2210198092443141
0.6256305025678652
0.2079512105649304
0.5873303374908295
0.16847028613352913
0.5588660124724875
0.14870689655172428
0.4839393800440207
0.10555759354365381
0.47851705796038163
0.048422597212032334
0.5346432501834191
0.03466617754952313
0.545843268525312
0.054933969185620046
0.5222280814380046
0.03865553925165083
0.3817635730007338
0.052595377842993445
0.3299706529713868
0.05640132061628773
0.3181057410124727
0.07341342626559072
0.2852508253851798
0.09767057960381509
0.26344690022010286
0.12389948642699936
0.26567085473220853
0.11394900953778439
0.27024486426999267
0.07804475421863544
0.2684221386647104
0.038334556126192236
0.25578915994130613
0.030768525311812282
0.23620918928833473
0.03228173147468829
0.23035124724871625
0.0020634629493764575
0.22175348495964795
0.0
0.21699605649303028
0.009262655906089502
0.20343451944240648
0.037921863536317005
0.1846111518708732
0.027008437270726278
0.141370139398386
0.021826852531181246
0.12234042553191497
0.035445707997065354
0.12400265957446825
0.03535399853264867
0.15989545121056503
0.07125825385179746
0.23554429567131346
0.11436170212765967
0.2568667461482026
0.12720102714600154
0.2537830154071901
0.12247798972853995
0.23126834189288353
0.16883712399119585
0.23279301173881153
0.253622523844461
0.25154759721203246
0.2981933235509907
0.2573252934702862
0.3812362435803376
0.2965425531914895
0.42236793837124015
0.3543997615553926
0.42773294203961887
0.3890200843727074
0.49238811445341185
0.3913930667644904
0.5490645634629493
0.37467901687454164
0.6852072633895822
0.3498372157006604
0.6528796771826857
0.36015453044754236
0.6294937637564201
0.3974573550990464
0.6247248716067499
0.41748440939104936
0.6671404988994868
0.44036592076302294
0.7328044754218639
0.5010088041085844
0.754356199559795
0.5033244680851066
0.7909482758620693
0.5031754402054294
0.8176815847395456
0.5779301173881146
0.9283749082905358
0.584017333088775
0.9681768158473958
0.5634285583272195
0.9632703595011011
0.5674637747615559
0.9070524578136464
0.5814494680851067
0.7630227439471756
0.5899669845928103
0.8951760821716802
0.5899784482758622
1.0
0.6077586206896552
0.9299798239178282
0.6093062179016877
0.8754126925898752
0.6802320249449746
0.8757795304475428
0.6897927366104184
0.8426724137931038
0.6765865737344098
0.7914068231841529
0.6699376375641969
0.8144258987527517
0.6591617754952314
0.8960473220836391
0.6626811261922233
0.8693140132061633
0.6640911592076306
0.8218543653705067