0000000010
0.0644865283908427
0.0807980128783204
0.05814229436613021
0.08662015283117366
0.04766877086398653
0.09136646257534768
0.03872988751245907
0.1372474567690287
0.029901751388295567
0.24527346654642676
0.02252915025234544
0.3467179268119036
0.014033255810274162
0.42430427009666644
0.009239482968658523
0.48094356637714175
0.003306595788441092
0.5016374768617402
0.0012498615659657934
0.4898033445662661
0.0
0.43765722151027564
0.0034648061132469465
0.3540588858828927
0.021469141076146548
0.2808391475627697
0.021564067271030083
0.2338823231604094
0.03192684354580976
0.21160630942775313
0.05442435173319404
0.2107203316088408
0.06372711883177488
0.21546664135301458
0.07200151881911811
0.2174917335105289
0.08217444270413084
0.21647918743177177
0.09247393484898819
0.22103564478617865
0.09669815052130303
0.2286297403768568
0.09725188665812332
0.2268577847390321
0.09187273561472623
0.22299745281377054
0.08896166563829956
0.224452987801984
0.08633537424652328
0.23033841188475956
0.07693768095305903
0.23704652965652534
0.06641669435347348
0.23894505355419485
0.06024649168604742
0.23729966617621445
0.06687550429541035
0.23198379926273985
0.08813897194930936
0.22211147499485814
0.152894457892322
0.24881737782207672
0.2636416852563797
0.26976442482636426
0.2985903460059803
0.2717895169838782
0.27272295790023254
0.27248564241302387
0.1919091239894315
0.31975888746499587
0.19839574730646922
0.3320360086699256
0.15846346132548608
0.39316847817488576
0.13862388659483912
0.295204645055136
0.15914376572215103
0.309696710807347
0.16523486322717407
0.5632129352761561
0.10544718148306352
0.5067002072555256
0.12327748508867692
0.4396190295378675
0.15069533437752142
0.5075861850744379
0.12571392409068619
0.6517474330374795
0.1381650766529023
0.6633284288132638
0.12156881358077426
0.7133228914518962
0.10125460787570997
0.9303241729555272
0.11921147974116783
1.0
0.13612416346290754
0.9247551695223631
0.13949404338127103
0.6953501985539575
0.15933361811191799
0.5347983609410348
0.11792997611024099
0.41867198253358007
0.10706092679608264
0.6953501985539577
0.1406331577198728
0.6971221541917825
0.14949293590899743
0.4879681047985191
0.09345483886278408
0.43423987849447043
0.13087158067935503
0.605296881674498
0.15764076763649595
0.5592260350910496
0.1372474567690287
0.29729302134257285
0.14923979938930815
0.1576249466040153
0.2136946857151897
0.2872941288148463
0.2142326008195294
0.49087917477494575
0.22125713924090673
0.39513028620247753
0.2725331055104656
0.3941177401237204
0.2521239736105178
0.3379214327527016
0.2600028477858465
0.23242678817219609
0.28594934105399716
0.14053823152498915
0.2870568133276376
0.14553767778885227
0.308763269890993
0.22103564478617865
0.3061211574667361
0.25609505276314326
0.3167845333586469
0.29786257851187353
0.27371968294650895
0.32583416393753833
0.3302956950970619
0.3645640514499975
0.35347350768111124
0.42132991599031744
0.38528960399955686
0.4280380337620833
0.3242045975920388
0.45727530178619447
0.3420507222301327
0.49790371319632304
0.3629503061369786
0.5284066638188805
0.42413023873937994
0.5451136741183727
0.38850127359311454
0.596943376524752
0.38957710380179406
0.6492793519705093
0.4444602654769249
0.46816017213283334
0.4507886784691569
0.46980555951081354
0.5001502998085654
0.5019538975113511
0.5413324473555142
0.44816238707738054
0.48407613080829637
0.4470865568687008
0.540256617146835
0.3994968911671175
0.5613776955084087
0.3361494771148764
0.5579761735250841
0.30146977391744556
0.5611720220861611
0.3501352698277088