0000000010
0.4636335877862596
0.08745038167938943
0.47877862595419857
0.07187786259541963
0.49000000000000016
0.06143511450381681
0.5136335877862597
0.06363358778625944
0.5421526717557252
0.06259541984732804
0.5656641221374049
0.05276335877862575
0.5564122137404581
0.040488549618320636
0.509526717557252
0.034625954198473315
0.5301832061068703
0.04720610687022903
0.5766870229007635
0.04702290076335875
0.5795419847328245
0.03743511450381683
0.549145038167939
0.02222900763358777
0.5483511450381681
0.022412213740458
0.5668854961832062
0.02754198473282441
0.6211450381679392
0.02222900763358777
0.6668702290076336
0.012091603053435106
0.6869007633587788
0.006412213740458011
0.6631297709923666
0.0
0.7150992366412215
0.010870229007633524
0.7318473282442752
0.24494656488549618
0.7482290076335879
0.2230229007633588
0.7999694656488553
0.2520916030534352
0.8007175572519085
0.3072977099236636
0.7722137404580154
0.25282442748091605
0.7343053435114508
0.30919083969465655
0.7718625954198475
0.358290076335878
0.7975114503816797
0.2748091603053436
0.77969465648855
0.3052213740458017
0.7286259541984736
0.24757251908396957
0.7038625954198473
0.1237862595419847
0.7308702290076338
0.2184427480916032
0.7587633587786261
0.28415267175572506
0.7469923664122139
0.2921526717557253
0.7143206106870231
0.2544732824427481
0.6595877862595422
0.22338931297709935
0.6059541984732825
0.14790839694656507
0.5427938931297711
0.02662595419847321
0.5037557251908398
0.08806106870228986
0.45134351145038176
0.13117557251908415
0.43259541984732836
0.13087022900763357
0.413709923664122
0.09685496183206106
0.39760305343511465
0.065770992366412
0.3612519083969468
0.040977099236641196
0.3239541984732825
0.05917557251908399
0.3381068702290077
0.11999999999999998
0.3250992366412214
0.11737404580152669
0.2985801526717557
0.08232061068702279
0.25459541984732825
0.04799999999999991
0.20094656488549612
0.051175572519083994
0.1726106870229008
0.0967328244274808
0.16700763358778642
0.10125190839694666
0.186351145038168
0.2006106870229007
0.2178320610687022
0.3998778625954201
0.23280916030534363
0.5479694656488553
0.24065648854961844
0.5298931297709925
0.22048854961832073
0.5499847328244276
0.20099236641221377
0.678229007633588
0.20433587786259533
0.6458625954198476
0.2474351145038168
0.5377099236641224
0.3063358778625955
0.4877557251908399
0.3501374045801527
0.5310534351145036
0.3590687022900766
0.4825038167938932
0.3744580152671756
0.49734351145038175
0.3674809160305344
0.5524885496183207
0.357236641221374
0.57612213740458
0.3833435114503819
0.6353587786259542
0.3937404580152672
0.7094961832061073
0.39479389312977115
0.6630839694656488
0.4292519083969469
0.5532824427480917
0.4778015267175572
0.5813129770992367
0.5255877862595421
0.5534656488549619
0.5690534351145039
0.47700763358778653
0.6008244274809162
0.44873282442748114
0.616610687022901
0.4556946564885498
0.6236793893129772
0.5487633587786263
0.6161526717557256
0.6095267175572522
0.5918320610687026
0.5978015267175577
0.6321679389312982
0.6524580152671754
0.6478320610687025
0.821923664122138
0.6746259541984737
0.9350229007633593
0.6538167938931302
1.0
0.6668854961832066
0.9984732824427484
0.7077557251908398
0.9389312977099239
0.7260000000000004
0.859725190839695
0.7535877862595424
0.8468396946564887
0.7595725190839698
0.8600305343511447
0.7713740458015271
0.7924885496183205
0.7868396946564887
0.7476030534351149
0.7650076335877865
0.7405190839694661
0.7376183206106874
0.6072671755725191