0000000010
0.6796238382592606
0.47883539620314497
0.7819010703431261
0.4322336255120468
0.7201030700788439
0.3975245562260492
0.6712769237545698
0.35885125313835164
0.695943267409593
0.36131788750385413
0.6855481654406903
0.37127251905034564
0.6645157027705587
0.3746200942606702
0.6736334405144694
0.3782319517244415
0.6366779720741752
0.4006078491829272
0.6309959036250711
0.4063339646742721
0.7589745848566268
0.4613927674756642
0.8373562965246882
0.4692331409945821
0.8552834427168214
0.33876580187640404
0.8967977800290708
0.42007664185349947
0.8597982645465355
0.5127516187288024
0.8738272475003301
0.4597189798705011
0.8666475796150287
0.3485442452539309
0.8395806721578645
0.24371228472008105
0.8513412324362418
0.2334052768356605
0.8602387349689464
0.2269744086684576
0.8470906928599743
0.2621239483768665
0.860569087785755
0.41963617143108833
0.8375985552570142
0.51107783112364
0.8048716028718669
0.4725807162049069
0.7576972206316342
0.35427036074527585
0.6942254327621896
0.46870457648768843
0.7004580892393073
0.4983922829581994
0.642690393340087
0.39743646214156714
0.5156587235167157
0.37294630665550776
0.4208254415715984
0.34149671849535246
0.34799365722591713
0.4450072677619697
0.27143989781086164
0.5435845482975816
0.15991278685636254
0.46588556578425716
0.11183544025018714
0.37532484693652807
0.1775976743161696
0.40994582213804337
0.25846804387085404
0.6298286570056819
0.23556358190547508
0.7625864423203979
0.23144518345593096
0.7160727657137822
0.19823371360613126
0.720301281768929
0.2142888605030171
0.8793111042593482
0.2651631942915033
0.9167510901642946
0.18290534290622376
0.6471831916486801
0.13918865348191867
0.5582081663216311
0.17235607628947727
0.6142360040523276
0.19272783332599222
1.0
0.11967581376910517
0.9892525216931674
0.05644628463198697
0.1501563669999556
0.016473593798176513
0.16275382108091452
0.09430471743822398
0.2719904858388756
0.1507950491124519
0.26925956921992655
0.1556402237589747
0.25939303175791745
0.17079240628991757
0.4252741928379507
0.15379024798484778
0.6656829493899482
0.09694753997269079
0.5610271770250627
0.0677883980090736
0.4676474474739022
0.028454389287759372
0.5484297229441041
0.0
0.6531735893934719
0.027177025062767
0.7352772761309075
0.02589966083777455
0.6148526626437036
0.029225212526978777
0.5042064925340262
0.0849447209619873
0.4707307404307793
0.12291327137382708
0.5039422102805791
0.14363740474827114
0.6221644716557283
0.11088842884200312
0.7338677707791921
0.10509624278729678
0.7000396423380169
0.12172400123331718
0.6926397392415097
0.16297405629211978
0.7873408800599039
0.2343963352860854
0.8601946879267056
0.30251508611196753
0.7499889882394396
0.37790159890763336
0.650354578690041
0.4572082984627581
0.7364224992291766
0.4636171431088401
0.7786195656961632
0.4672290005726113
0.7287583138792232
0.5283662952032769
0.6273620226401797
0.5025327049288638
0.6330000440470419
0.5367132097079678
0.6174073910936879
0.5441351363255955
0.5609390829405801
0.5614896709685944
0.3669559089107165
0.5775888649077213
0.1989604898031098
0.5384530678764922
0.22063163458573745
0.6010218913799937
0.2490860238734969
0.5495529225212527
0.2320838655684266
0.44273884508655237
0.21076509712372818
0.4832401004272562
0.2680262520371755
0.4012024842531824
0.3615821697573007
0.30819715456107116
0.2637096418975466
0.30872571906796453
0.22151257543055988
0.36526009778443363
0.21437695458749934
0.3605690877857552
0.24591463683213674
0.3287891468087917
0.322556490331674