0000000010
1.0
1.0
1.0
1.0
1.0
1.0
0.9999477817695717
0.9992480574818281
0.9995926978026571
0.9979530453671986
0.9994569304035428
0.9997911270782859
0.9879584760631634
0.8629375887709918
0.9052761300025065
0.5217645584426436
0.8225102347731639
0.28327345642910856
0.7562035257749188
0.2389506224413068
0.7110869746846021
0.20131172194836644
0.694293591778762
0.15059737655610306
0.6738031581585765
0.16985545993817353
0.6497096666388169
0.17695713927646411
0.5883950204695465
0.1920795388085889
0.5140153730470383
0.22541565711421174
0.45589648257999843
0.25578577993148993
0.40777216141699374
0.2529033336118305
0.34333486506809263
0.15895229342468042
0.26572813100509657
0.17716601219817862
0.2860410226418247
0.30487091653438053
0.3051528949786949
0.37475979614002847
0.32766939593951033
0.4822458016542738
0.33533503216642985
0.44665385579413497
0.28691828891302523
0.3131422842342718
0.26126869412649345
0.3708747597961396
0.24718021555685513
0.45007937171025114
0.22465327094995408
0.4418497785947031
0.17840880608237947
0.43700392681092803
0.13131840588186158
0.46286239451917466
0.09545492522349401
0.4424763973598464
0.05888127663129746
0.4169939009106861
0.022036093240872308
0.4261843094661206
0.015279054223410464
0.48989055058902187
0.013430528866237768
0.5338791879020804
0.014098922215724017
0.5477901244882615
0.006861475478318985
0.5612833152310135
0.0032793048709165314
0.5520511320912359
0.0
0.5639568886289582
0.006537722449661696
0.5749436043111371
0.0488240454507478
0.6010944941097836
0.10700559779430192
0.5949536302113796
0.14371501378561286
0.5658367449243882
0.15967290500459522
0.5583173197426686
0.18520761968418412
0.6193499874676247
0.22229300693458096
0.877015623694544
0.25899197927980616
0.9990391845601136
0.23374968669061744
0.9991227337287995
0.20017336452502302
0.9936502631798814
0.16033085470799574
0.9862979363355338
0.11848316484250979
0.9809507895396441
0.08990934915197593
0.9756871919124405
0.07686523519090978
0.9808254657866158
0.06804035424847532
0.9614002840671738
0.06526234438967327
0.927353997827722
0.0691264934413902
0.9565126576990562
0.0819512908346562
0.9740997577074111
0.08796683098003175
0.9811596624613586
0.0853768067507729
0.9906842676915365
0.08045784944439811
0.9814103099674159
0.06996198512824792
0.9487425850112795
0.0629438549586431
0.9296515999665804
0.08102180633302698
0.9341214804912692
0.12810176288745923
0.9700476230261509
0.1610514662879105
0.9835825883532459
0.1938862895814187
0.99160330854708
0.21748892973514908
0.9909349151975941
0.22760882279221323
0.9747263764725541
0.24736820118639818
0.9726794218397528
0.2786260339209625
0.9863397109198764
0.32436920377642253
0.9998329016626285
0.37270239786114134
1.0
0.4124091402790544
0.9999164508313142
0.43683682847355665
0.9999582254156572
0.48191160497953056
1.0
0.5387041523936835
1.0
0.5706199348316484
1.0
0.5658889631548167
1.0
0.6010631631715264
1.0
0.6764871752026068
1.0
0.6867532793048706
1.0
0.7004866739075949
1.0
0.8617574567633053
1.0
0.9392910853037013
1.0
0.9807732475561868
1.0
0.9983290166262846
1.0
1.0
1.0
1.0
1.0
1.0
1.0
1.0
1.0