0000000010
0.7454166353595308
0.7024569839957916
0.7211661281839356
0.6814185889247875
0.7492674130287772
0.5418138102036214
0.7431249530392963
0.49951160868585126
0.687692538883462
0.5922308212487788
0.6972537380719811
0.6545194980840027
0.7511834097227436
0.6139454504470657
0.7639755052971673
0.6021489217822524
0.8331955819370349
0.7791719888797054
0.8950897888646777
0.9537155308437896
0.8394319633330825
0.9646104140055598
0.7678826358103537
0.892929596513637
0.736531670298294
0.7917198887970542
0.7651589150199108
0.7821774738898487
0.7420918175670598
0.8722668870689005
0.8248177924712599
0.9478548350740097
0.8419678413103913
0.9525133368397322
0.7556540686753322
0.7944999624314373
0.7329438725674352
0.6114659253136974
0.7660793448042675
0.7978811330678486
0.7774814035614993
0.77278533323315
0.7109850477120742
0.7643699752047486
0.7488541588398827
0.7470884363964231
0.7258246299496577
0.7431061687579829
0.6750319332782325
0.687880381696596
0.6929709219325266
0.6274701329927109
0.686321286347584
0.5166428732436695
0.6590465098805317
0.3770380945225033
0.6082913817717333
0.34495454203922155
0.5613494627695542
0.28627244721616923
0.48100909159215544
0.24156585769028438
0.4691749943647154
0.19257645202494533
0.46573747088436385
0.11526035013900353
0.46832970170561267
0.0620632654594633
0.5173191073709517
0.03058080997821016
0.5373619355323463
0.0
0.5307874370726573
0.00841535802840189
0.5559959425952361
0.009617552032459191
0.5265421894958298
0.07333383424750152
0.5074197911187915
0.14802013674956796
0.5076264182132392
0.15380569539409414
0.5630964009317001
0.11142835675107049
0.6377827034337663
0.07784206176271699
0.6688143361634983
0.09114133293260201
0.6648696370876847
0.14268540085656317
0.6482455481253284
0.12810879855736715
0.6288226012472761
0.22909309489818916
0.6411075212262377
0.32504320384702073
0.6621459162972423
0.3353369900067622
0.6532985197986323
0.46975730708543056
0.6177774438349986
0.5048463445788564
0.6744120519948904
0.565782553159516
0.8130964009316999
0.5956871290104437
0.9388759486062062
0.6647381471184907
0.9618491246524907
0.728003606582012
0.8479975956119913
0.757682771057179
0.6937222931850626
0.8634758434142306
0.5969644601397549
0.8963859042753022
0.5691449395146141
0.9419190021789763
0.5621196183034036
0.9673153505146888
0.5594146817942742
1.0
0.575024419565707
0.9879780599594257
0.6075024419565704
0.9042001653016752
0.6616199564204672
0.8935306935156657
0.7136524156585766
0.8742955894507474
0.7078856412953639
0.6644375986174764
0.7920016530167553
0.6284469156210083
0.7857277030580807
0.5498534826057553
0.7509579983469828
0.5158163648658799
0.8924412051994887
0.6686452776316775
0.8793297768427377
0.6013224134044629
0.8504019836201064
0.5409873018258318
0.7691599669396644
0.5536854759936882
0.811574874145315
0.5253587797730859
0.8622736494101734
0.5232549402659853
0.8109362085806595
0.5952363062589224
0.7502817642197006
0.5452701179652865
0.6333871816064316
0.4109249380118715
0.6130625892253361
0.4189646104140054
0.5949169734765946
0.5493275227289799
0.6326170260725822
0.5177699301224733
0.6809301976106393
0.3941693590803213
0.6823765872717704
0.4928244045382821
0.6541813810203618
0.6602299196032754
0.592944623938688
0.47869862499060734
0.5986550454579606
0.5561650011270564
0.5843789916597788
0.5737470884363962
0.5482380344128033
0.487940491396799
0.5513374408295136
0.5041701104515741
0.6193741077466373
0.5705913291757455