0000000010
0.2145066538784318
0.1753506773768134
0.2014266874475482
0.14254885505335094
0.18163289773408461
0.13463613475602448
0.17517084282460144
0.1253326939215922
0.17014746433281372
0.11487831195300312
0.1627262918115334
0.1607720896774967
0.1536146744994605
0.16508811893058395
0.15553290972305472
0.16221076609519217
0.16182711905047364
0.16422491307996653
0.1516724613355712
0.18743555928545727
0.14598968948567312
0.18729169164368778
0.16255844622946897
0.18067378012228758
0.18624865124085838
0.1808656036446469
0.20809255484953856
0.21697638172880945
0.2308596091595732
0.332837789233905
0.25059345402229954
0.3357151420692964
0.2561563361707229
0.2807097470327299
0.28985733125524504
0.24493466011269616
0.322671142548855
0.1546337369619949
0.3317947488310755
0.09646325380649784
0.3713343723774127
0.1464332813811293
0.3535187627382807
0.16878072173600298
0.33433641050233803
0.214770411221676
0.31526195899772214
0.26210286536386523
0.2762858170483155
0.1655197218558926
0.27045917755664795
0.15636014866322984
0.2822083683011628
0.29293849658314364
0.2743436038844264
0.4721975782280299
0.26981177316868477
0.5832154417935494
0.300827238940175
0.5611557367222155
0.31152140031171327
0.43992327059105596
0.32671142548855053
0.44294449106821693
0.28833473204651716
0.5069655916556768
0.24377173000839236
0.44390360868001427
0.23558326339767416
0.35648003836470454
0.20770890780481951
0.2717419973624267
0.1603764536626304
0.2231147344443111
0.13220237381608907
0.21031051432681902
0.10790073132717906
0.2685289533629063
0.0801342764656516
0.4132118451025058
0.028317947488310766
0.560004795588059
0.013008032609998875
0.6129960436398513
0.03320944730847621
0.7064620549094834
0.039323822083683055
0.7754705670782879
0.04842345042560848
0.6257523078767534
0.04278863445630034
0.6975902170003595
0.01709627143028412
0.7657355233185469
0.0
0.6344323222635176
0.007804819565999273
0.5165088118930584
0.012696319386164716
0.3306797746073613
0.039899292650761344
0.20268552931303188
0.04113415657595017
0.19645126483635061
0.055940534708068604
0.25227190984294434
0.04166167126243851
0.25423810094712856
0.04976621508212448
0.23428845462174774
0.08062582424169765
0.18024217719697877
0.1197578228030211
0.1712264716460856
0.13914398753147098
0.1442752667545858
0.15652799424529434
0.11449466490828426
0.15315909363385677
0.18014626543579906
0.1429924469488071
0.17702913319745842
0.1401031051432682
0.2975902170003594
0.13136314590576664
0.41345162450545514
0.11017863565519728
0.39834552211965
0.11630499940055146
0.323726171921832
0.13745354274067853
0.30181033449226713
0.16294209327418774
0.3382568037405585
0.19591176117971482
0.4620788874235702
0.19573192662750266
0.4759381369140393
0.20806857690924355
0.48653638652439757
0.21877472725092925
0.4948327538664432
0.2314710466370939
0.4873995923750146
0.2580985493346121
0.4944491068217242
0.29497662150821263
0.5408224433521157
0.3533029612756265
0.57645366263038
0.4118211245653998
0.6183191463853256
0.4484474283659034
0.7822803021220478
0.42434959836950004
0.859441313991128
0.4245653998321545
0.8013667425968112
0.5022059705071332
0.8901810334492262
0.5079366982376213
0.9055269152379813
0.44879510850017973
0.9546337369619948
0.45362666346960784
1.0
0.47877952283898817
0.987291691643688
0.49080445989689486
0.9937657355233187
0.481848699196739
0.9288334732046515
0.5229348998920993
0.8970866802541657
0.5591176117971466
0.9287375614434717
0.6256803740558685
0.953386884066659
0.6185109699076848
0.9600047955880591