0000000010
0.8481839561013855
0.9153383851580876
0.8789055209227672
0.9131733174063993
0.880249356078988
0.896674007988353
0.8782336033446569
0.9130240023890414
0.8829556907685991
0.9017507185785214
0.8839262383814261
0.9024972936653113
0.8971219530404274
0.9225801634999445
0.9089178394116995
0.910037702041883
0.9070887304490655
0.917802082944492
0.9228414647803211
0.9109335921460299
0.9397140617417602
0.9389301579006314
0.938780842883273
0.8921198999589385
0.9470864907238054
0.8745007279107108
0.9448094367090979
0.8828623688827505
0.9331815297323537
0.8665123744820633
0.929635298070104
0.9048116764343577
0.9249318750233313
0.9452013886296623
0.9135466049497937
0.9175781104184556
0.9217962596588155
0.9074246892381213
0.9285714285714297
0.9509500167979394
0.9319683452163207
0.9425137183172201
0.9137892418529999
0.9515472768673717
0.9130799955205497
0.9552801523013188
0.8973085968121247
0.955504124827355
0.907779312404346
0.9011534585090905
0.8865205868080188
0.8595692261749229
0.8020269513606337
0.8495651200119451
0.7832505879278813
0.8771137407144725
0.6973197954384267
0.8023069170181792
0.690301989622607
0.8148493784762412
0.6208145134196874
0.847549367277614
0.515864720594274
0.8415767665832989
0.44174847885326124
0.8062637649781625
0.4603755272686556
0.8251521146739335
0.44688118257493753
0.8461308746127151
0.4375303296129014
0.8604651162790706
0.32726118929411335
0.8883123670163136
0.21594684385382076
0.9538616596364182
0.12982940759266884
1.0
0.07783045279779037
0.9731232968755841
0.05827018552390917
0.9358692000447957
0.04231214304378674
0.9416178282130723
0.03137481802232271
0.8161185561237825
0.0557691589831647
0.769158983164732
0.056590391578633124
0.6567247750942559
0.05774758296315676
0.5451117996192469
0.014091604763149182
0.501810444585465
0.006812497666952986
0.5162940012691781
0.0357609466572103
0.5742282280040321
0.0926126395162193
0.6051364365971107
0.0960842136697902
0.5587741237074924
0.018048452723132755
0.558550151181455
0.0
0.6408227257456426
0.04628765538094005
0.6782261375937892
0.08342976594871025
0.6943521594684388
0.11226622867594903
0.7512411810817874
0.11267684497368344
0.8040240397177945
0.11831348687894293
0.8388890962708581
0.15903915786330214
0.8260480047780812
0.18498264212923246
0.8303781402814594
0.20370301243047523
0.845682929560641
0.2639702863115462
0.8263466348127967
0.319944753443578
0.8102952704468253
0.3985964388368363
0.7764007615065894
0.4639590876852445
0.7621411773489123
0.5071297920788386
0.7265295457090601
0.5636081973944529
0.7498973459255669
0.5749374743364821
0.7300384486169703
0.6128821531225508
0.6989062674978538
0.6614841912725377
0.6964425697114489
0.7117473589906309
0.6864384635484716
0.7473216618761439
0.640972040763
0.7317369069394161
0.5818432938892831
0.7322035163686594
0.5529508380305349
0.7150322893725043
0.5227145470155663
0.6979357198850281
0.4677666206278702
0.6908805853148685
0.44365224532457354
0.6870170592407333
0.49083579080966094
0.6875396618014862
0.4918063384224871
0.6848519914890444
0.46171936242487643
0.6881929150024269
0.45500018664377173
0.6798872671618953
0.48075702713800494
0.6663742580910079
0.5183097540035094
0.6611482324834828
0.46097278733808683
0.6529732352831391
0.46612415543693364
0.6701631266564636
0.4691851132927697
0.7102168800627128
0.4651536078241075
0.7200343424539924
0.4667960730150438
0.7135764679532651
0.4278248534846393
0.6739519952219198
0.40580088842435386