0000000010
0.7722144276861918
0.7590319186250436
0.7696422307962121
0.7590319186250436
0.7688530340231495
0.7623056237577456
0.7707529521805216
0.7692037881445105
0.771308312872676
0.7757511984099148
0.774757395066058
0.7826493627966797
0.7792295101134102
0.7924704781947852
0.7861276745001747
0.8019408394715294
0.7957441833274876
0.8115281187887284
0.8055068397053667
0.823687594995908
0.8157956272652872
0.8336256284344672
0.826318250906115
0.8449666783584708
0.833859464515374
0.8554893019992991
0.840699169881913
0.864491991114229
0.8466035309248219
0.8704548111773639
0.855372383958845
0.875599204957325
0.8599321875365366
0.8835496317081722
0.8464573833742548
0.893253829065825
0.8567461709341753
0.9049456331111887
0.8592891383140415
0.9168712732374606
0.8526248100081844
0.9272769788378348
0.8471004325967498
0.934876651467321
0.8410791535133872
0.9455161931486029
0.8332164152928798
0.9565064889512452
0.8235122179352271
0.9614170466502986
0.8256752016836195
0.9811761954869641
0.7403834911726878
0.8202969718227524
0.6555302233134567
0.7590319186250436
0.6155150239681986
0.7257102770957561
0.4939202618964102
0.6296036478428625
0.4266631591254531
0.7279317198643744
0.42286332281070954
0.6446860750613819
0.3897462878522157
0.7602010990295809
0.26411785338477684
0.7203320472348885
0.19437624225417988
0.6130012860984441
0.2279609493744883
0.7061849643399979
0.23599906465567616
0.8892786156904011
0.19925757044311898
1.0
0.12714836899333556
0.9297322576873612
0.09172220273588207
0.933590553022331
0.10762305623757737
0.9445808488249733
0.09695428504618255
0.9231848474219573
0.042119724073423855
0.906816321758447
0.0
0.892903074944464
0.051239331228808346
0.8835496317081722
0.0906991698819127
0.8722085817841686
0.08055652987255926
0.8628551385478781
0.06410031567870896
0.8560738922015659
0.08058575938267225
0.8487080556529873
0.13042207412603712
0.8402899567403256
0.17867999532327844
0.8332748743131071
0.27902490354261617
0.8274289722904246
0.3682625979188588
0.8271951362095172
0.4156436338126969
0.8266105460072486
0.4464515374722316
0.8280135624926928
0.43326902841108367
0.834327136677189
0.40392260025721954
0.8315211037063021
0.38544954986554436
0.8329241201917449
0.40415643633812665
0.8311703495849403
0.4618262597918855
0.841342219104408
0.5449842160645383
0.8503449082193384
0.6172687945750028
0.8621536303051558
0.6547117970302816
0.8744300245527886
0.7022097509645733
0.885537238395885
0.719893604583187
0.882146615222729
0.7584180989126615
0.862036712264703
0.7436864258155031
0.8342102186367358
0.777709575587513
0.8069683152110368
0.7531275575821351
0.7914182158307028
0.8555477610195255
0.7661639190927158
0.8693148602829418
0.7363498187770375
0.8846311235823688
0.7217350637203322
0.7668361978253246
0.7216181456798783
0.8361685958143339
0.720916637437156
0.7945165439027244
0.7127323746054014
0.7837893136911023
0.7245410966912201
0.8277212673915587
0.7488600491055772
0.8631182041388983
0.7618379515959306
0.8606629252893718
0.75985034490822
0.8686425815503334
0.7580965743014141
0.8275751198409912
0.7669823453758908
0.8370454811177366
0.7731790015199342
0.8384192680930664
0.7722436571963056
0.8346194317783231
0.7736466736817493
0.7795510347246578
0.7750496901671926
0.6885887992517243
0.7734128376008407
0.7326961300128608
0.7784403133403481
0.7665731322343036
0.786507658131649
0.770665263650181
0.7939904127206826
0.8773237460540162
0.8033438559569739