0000000010
0.5961111111111109
0.7504526748971193
0.6417283950617285
0.7569547325102883
0.6710493827160494
0.7622222222222218
0.6967901234567901
0.7710288065843623
0.7236008230452674
0.7865020576131686
0.7491358024691357
0.8051028806584364
0.7673868312757204
0.8182716049382714
0.7752674897119344
0.8301234567901239
0.7812345679012348
0.8351440329218112
0.7817283950617286
0.8330864197530866
0.7781275720164608
0.834650205761317
0.7666460905349797
0.8320164609053496
0.7810288065843624
0.8264197530864199
0.780740740740741
0.8206584362139916
0.7917695473251031
0.8152263374485595
0.805925925925926
0.8067489711934158
0.7915432098765434
0.8213991769547326
0.7954526748971196
0.8469958847736629
0.7935185185185187
0.8247736625514399
0.7982716049382718
0.8031275720164608
0.8006378600823048
0.7948148148148144
0.7894650205761315
0.776872427983539
0.8210493827160499
0.7574485596707821
0.8444650205761315
0.7446090534979423
0.8917078189300416
0.7413991769547328
0.9802880658436214
0.7426337448559673
1.0
0.7346502057613168
0.9634567901234571
0.7120164609053498
0.9276748971193416
0.6904526748971194
0.9739711934156382
0.6428806584362141
0.985061728395062
0.5399176954732511
0.9161316872427985
0.3899588477366255
0.8939917695473252
0.2416460905349795
0.8224691358024693
0.12378600823045272
0.8188477366255146
0.04255144032921803
0.7529423868312757
0.013580246913580197
0.6522016460905351
0.0049382716049383045
0.613292181069959
0.00831275720164612
0.589218106995885
0.01176954732510287
0.5884362139917697
0.015144032921810723
0.555514403292181
0.034897119341563754
0.5000000000000001
0.05481481481481484
0.41261316872427983
0.06370370370370372
0.3906172839506174
0.07325102880658445
0.37631687242798356
0.08296296296296296
0.3720781893004114
0.09028806584362144
0.3829629629629629
0.09028806584362144
0.42156378600823047
0.08831275720164597
0.443456790123457
0.08617283950617287
0.4565020576131687
0.08485596707818938
0.49652263374485606
0.09407407407407403
0.47172839506172837
0.11958847736625511
0.49393004115226347
0.15061728395061716
0.535246913580247
0.17547325102880665
0.4837242798353909
0.1927572016460906
0.4251440329218107
0.20032921810699578
0.4259053497942388
0.19292181069958844
0.48625514403292175
0.17572016460905335
0.45561728395061735
0.1589300411522633
0.5100411522633744
0.14979423868312758
0.43039094650205767
0.15168724279835386
0.4102469135802469
0.1581893004115225
0.4815843621399178
0.16510288065843606
0.5287448559670781
0.18543209876543193
0.5461111111111111
0.30897119341563806
0.5621399176954732
0.48765432098765427
0.6116460905349794
0.577037037037037
0.6425514403292182
0.5092181069958849
0.6772633744855967
0.420329218106996
0.6758847736625514
0.42139917695473256
0.6546707818930042
0.42304526748971205
0.6399176954732512
0.4319341563786009
0.6433744855967077
0.5076543209876544
0.6297736625514406
0.6070781893004115
0.6050411522633746
0.6734979423868315
0.5474279835390947
0.6832921810699585
0.49851851851851847
0.6358024691358027
0.46203703703703713
0.5233744855967077
0.3489094650205761
0.3448559670781893
0.35018518518518515
0.17711934156378592
0.3711111111111112
0.06559670781892987
0.37010288065843616
0.0
0.37711934156378596
0.03465020576131684
0.3965226337448559
0.1242798353909465
0.42438271604938277
0.24189300411522635
0.4427160493827161
0.3437860082304526
0.42170781893004117
0.4210699588477366
0.355925925925926
0.47201646090534977
0.3293415637860083
0.5039506172839505
0.3446296296296297
0.519588477366255