0000000010
0.9330274065301977
0.938166130942311
0.911499746235831
0.9346980206394858
0.9346134325833187
0.9310607342243273
0.900080358653358
0.9988157672136688
0.8257908983251564
0.9092370157333782
0.8472762645914396
0.6280663170360345
0.8856792420910166
0.5933006259516157
0.9010319742852304
0.5219928946032814
0.8156403315851801
0.49010319742852293
0.7497673828455422
0.5340889866350871
0.7121256978514634
0.5499915411943836
0.7035611571646082
0.6361867704280155
0.6103662662832006
0.5613263407206899
0.6503975638639822
0.38445271527660263
0.6188462189138894
0.42285569277617946
0.6259516156318726
0.381069193029944
0.6514337675520216
0.2902216207071561
0.6110641177465739
0.44645576044662516
0.5855608188123835
0.5888174589747927
0.5542420910167483
0.695398409744544
0.601294197259347
0.7212823549314837
0.6226949754694635
0.7387074945017762
0.576425308746405
0.7246658771781425
0.5912070715614955
0.7143461343258329
0.5499069531382164
0.6778886821180848
0.5998562003045169
0.7486042970732533
0.6440534596514971
0.7091016748435117
0.5932583319235323
0.6771273896125864
0.5063018101844019
0.8339536457452204
0.45292674674335975
0.8607680595499914
0.36391896464219237
0.7699204872272033
0.26279394349517815
0.6965826425308741
0.20633141600406013
0.5186939604127894
0.25361613940111655
0.3740483843681272
0.36531466756893927
0.355439012011504
0.4185205548976484
0.3826763660971071
0.39813483336152916
0.35679242091016733
0.3933767552021654
0.37311791575029607
0.3763534088986632
0.3216883776010828
0.41126712908137364
0.31339874809676865
0.4113305701234984
0.27127389612586683
0.3874132972424292
0.2272035188631367
0.34211639316528497
0.25021147014041617
0.33401708678734554
0.29284385044831635
0.3627347318558618
0.08408052782947045
0.363009643038403
0.0
0.3715530367112162
0.08619522923363218
0.3601336491287429
0.2270343427508036
0.3616350871256977
0.2627305024530536
0.3290898325156487
0.45406868550160706
0.3192353239722549
0.674843512096092
0.3069277618000336
0.7410759600744373
0.3404034850279138
0.8067162916596173
0.30766790729149035
0.7537641684994075
0.3380984604973775
0.8089155811199452
0.3767763491794957
0.7873456267974956
0.3711089494163421
0.7775334122821858
0.4134452715276601
0.7322788022331247
0.48796734901031963
0.7173067162916595
0.503848756555574
0.702588394518694
0.6249788529859582
0.5916934528844527
0.5992640839113516
0.516494670952461
0.6020977837929281
0.5699543224496698
0.6842327863305697
0.5333276941295884
0.711575875486381
0.526645237692438
0.8689942480121805
0.5849264083911346
0.8982405684317369
0.6902385383183892
0.7947470817120618
0.7394687870072746
0.7187870072745727
0.7577398071392317
0.7360641177465741
0.731094569446794
0.7711681610556586
0.8064625274911176
0.8158518017255962
0.8567924209101667
0.8367450515987138
0.8004567755032985
0.871785653865674
0.7177296565724917
0.9036330570123496
0.701827102013196
0.8975638639824055
0.7524107596007443
0.9251184232786331
0.6936220605650478
0.9802063948570459
0.5135340889866348
1.0
0.49763153442733904
0.9853239722551176
0.5049906953138212
0.9506640162409062
0.488665200473693
0.8999323295550666
0.48874978852985945
0.8763111148705801
0.5150566739976313
0.8714261546269665
0.5225850109964469
0.8035230925393334
0.6066655388259177
0.7978979868042632
0.6836406699374048
0.7544831669768224
0.8349687024192186
0.7032016579259006
0.7612925054982236
0.6859456944679411
0.8480798511250207
0.6850786668922346
0.7494501776349181