0000000010
0.32088524025489407
0.4624834950341582
0.35152706814398066
0.444629427636489
0.34798208852402557
0.4293587461966818
0.33381652218841495
0.5024398645157588
0.35690912222286014
0.6554337217980365
0.37612664332051216
0.7525690338136516
0.38525460703829145
0.8487284000229636
0.397626155347609
0.9231873241862331
0.4078018255927436
0.9003961191802052
0.41977151386417133
0.8716918307595158
0.42002985245995755
0.866410241690109
0.44035248866180615
0.8766289683678743
0.4622538607267925
0.9080888684769506
0.43136804638612997
0.9675067455077789
0.3682042597164017
1.0
0.3012515069751422
0.9493656352259032
0.2639502841724553
0.8939663585739712
0.2585969343819967
0.906079568287502
0.23884838394856192
0.9112463402032263
0.2397812733222343
0.8676732303806192
0.2168752511625237
0.8264538722085079
0.18656352259027495
0.8809920202078192
0.2289597565876341
0.939548768586027
0.21882714277513052
0.9522360640679718
0.22817038865606518
0.9118204259716398
0.21846833916987202
0.8431597680693499
0.18934783856708182
0.8268557322463973
0.17549801940409898
0.7904012859521214
0.19805959010276133
0.7192720592456513
0.1733308456283369
0.6994661002353753
0.16882427234628844
0.704116194959527
0.19187381594810266
0.6850565474481888
0.21885584706355132
0.6368907514782709
0.261940983983007
0.5857971180894427
0.27703943969228995
0.5138067627303519
0.2859521212469142
0.4359033239565992
0.28236408519432804
0.35432573626499797
0.3352230323210286
0.2744129973017969
0.32514782708536644
0.23348068201389283
0.3189189964980768
0.23945117400539642
0.327329353005339
0.24295309719272054
0.3245737413169528
0.22515643837189267
0.3038779493656352
0.23583443366438953
0.2851196968827143
0.3245880934611632
0.3030598771456456
0.45318330558585473
0.33561054021470804
0.4173029450599921
0.32869280670532175
0.3248751363453701
0.33325678856421137
0.2454216659969
0.3116998679602734
0.22659165279292734
0.2922814168436766
0.24570870888110688
0.2702221711923763
0.3014524369940869
0.32801825592743555
0.39244503128767433
0.3542683276881566
0.4735059417877031
0.3510821516734601
0.5359090648142835
0.349202020781905
0.5568057867845454
0.3525891268155463
0.5569780125150697
0.41207876456742637
0.5868878810494287
0.4733050117687583
0.6154773523164362
0.5117544061082726
0.6347092255582983
0.5146678913829726
0.5123141397324762
0.5065158734714966
0.3857856363740742
0.46279924220678587
0.32504736207589424
0.4356019289281819
0.27050921407658285
0.43973534646076134
0.18359262873873367
0.4973448533210862
0.1338768011940984
0.582323899190539
0.22762500717607212
0.604942878466043
0.10700958723233236
0.6275331534531262
0.023365290774441577
0.6050433434755151
0.0434582926689247
0.6050720477639359
0.06590504621390425
0.6101383546701878
0.05333256788564207
0.5925713301567256
0.014237327056662202
0.5553131637866698
0.0
0.5276278776049144
0.045410184281531624
0.45570928296687535
0.15787358631379508
0.39794190252023653
0.22808427579080318
0.3931052299213503
0.23491589643492727
0.41433205120845057
0.22498421264136848
0.44270624031230255
0.22601756702451353
0.4966846546874105
0.2288879958665826
0.5263792410586141
0.293472644813135
0.46017279981629255
0.33790688328836305
0.4098398300706125
0.32051208450542523
0.36767323038061894
0.2826224237901144
0.34402089672197034
0.288305872897411
0.3581290544807394
0.27515930880073475
0.3531488604397497
0.27699638325965903
0.3065474481887594
0.2820483380217004
0.2853780354785005
0.3562202193007637
0.3151587347149664
0.4159825477926402