0000000010
0.5348568892833373
0.9760372753494563
0.5020745506989128
1.0
0.4772797869980031
0.9806523186154872
0.4861548702019082
0.9408475704459731
0.4724539605058798
0.85790991790548
0.4504215664521857
0.714754825826492
0.4387286443310405
0.5621033947193258
0.42689150210783233
0.38934990015531373
0.41532061238074114
0.24863545595739964
0.40045484801420006
0.12695806523186154
0.38390281783891733
0.03470157532726874
0.3766585311737297
0.012558242733525696
0.3704681606390061
0.0010206345684490783
0.36015087641446647
0.0
0.3530175282893278
0.012469491901486524
0.35241846017306405
0.028444641668515614
0.35610161970268484
0.04881295762147765
0.3597514976702907
0.07552695806523178
0.3620812070113158
0.10738850676725092
0.3678500110938541
0.14000443754160194
0.3842356334590638
0.17297537164410912
0.4252274240071001
0.20789882405147547
0.4326159307743509
0.2477923230530286
0.4075881961393389
0.2912358553361439
0.3768360328378078
0.3349012646993566
0.37269802529398727
0.37581539826935856
0.38396938096294647
0.41251386731750617
0.39301087197692475
0.4413578877301977
0.40128688706456633
0.4662968715331707
0.4125804304415355
0.49021522076769486
0.4260705569114711
0.512713556689594
0.4379409806966939
0.5325937430663411
0.4487574883514532
0.5483470157532728
0.45002218770800984
0.5574439760372755
0.44927889948968275
0.5616152651431104
0.44001553139560673
0.5608165076547593
0.4353893942755714
0.559041491013978
0.4356556467716887
0.5556245839804747
0.4346682937652541
0.5522076769469711
0.44105835367206575
0.5489238961615268
0.4167739072553806
0.5443088528954958
0.3976148213889506
0.5413357000221878
0.3760705569114712
0.5400931883736408
0.3819946749500778
0.5408031950299532
0.38209451963612157
0.5388506767250945
0.36136010650099837
0.534501885955181
0.3458065231861549
0.5285999556245838
0.3443199467495008
0.5203017528289329
0.3349012646993565
0.511870423785223
0.325427113379188
0.5051253605502551
0.3226647437319725
0.5052584867983139
0.32449522964277805
0.5085422675837586
0.3411803860661194
0.5102285333925004
0.3564899045928557
0.5072553805191925
0.372054581761704
0.4978921677390726
0.37871089416463277
0.4790769913467939
0.3648102950965165
0.45311737297537186
0.34690481473263823
0.41899267805635687
0.332527179942312
0.378877301974706
0.31881517639227874
0.3417794541823831
0.35818726425560243
0.30250721100510325
0.37050144220102077
0.25551364544042604
0.36405591302418455
0.22289771466607483
0.3891613046372311
0.2245396050587975
0.40948524517417345
0.24428666518748618
0.42197692478366977
0.2613268249389839
0.4092522742400711
0.27392944308852896
0.47662524961171515
0.2789882405147549
0.5165187486132684
0.27353006434435334
0.5502773463501222
0.2852895495895275
0.5345573552252052
0.32633680940758814
0.5198136232527182
0.37040159751497653
0.5112158863989351
0.37404038162857756
0.5235300643443532
0.33530064344353216
0.5364987796760594
0.2678056356778345
0.5342023518970491
0.19591746172620378
0.5411581983581097
0.1581096072775682
0.5451852673618817
0.16165964055913012
0.5410028844020414
0.18122919902374088
0.5408475704459729
0.20292877745728874
0.5360994009318837
0.22795651209230092
0.5334479698247172
0.25835367206567567
0.537952074550699
0.2950521411138229
0.5374084757044598
0.3324162414022631
0.5425782116707345
0.36077213223873966
0.5477701353450192
0.3767029065897491
0.5488573330374972
0.39045928555580217
0.5535278455735524
0.43456844907921016
0.5473374750388285
0.4812513867317508
0.5440536942533838
0.5124473041934766