0000000010
0.3657801179064848
0.015480851446829582
0.37622069213806747
0.016260894349189196
0.3905014775812669
0.008160448824685375
0.4140527729025095
0.0
0.433823860312317
0.006960382821055203
0.4473246028531567
0.021601188065343606
0.4605853321932705
0.06000330018150996
0.46903079669381803
0.11760646835575951
0.46942081814499786
0.1616488906889879
0.48446664566551145
0.1925505902824654
0.4771162413932765
0.1993309632029761
0.46709569026296444
0.18859037247048585
0.4570301366575161
0.2056913130222161
0.43281880503427683
0.2512338178599823
0.4215081829500621
0.2886758771732445
0.41253768957292636
0.2925160883848612
0.4071073909064997
0.2751751346324047
0.4118176499707483
0.23623299281460478
0.43751406327347997
0.1848101645590506
0.5047327603018164
0.15246838576121688
0.6146138037592065
0.15114831315722355
0.6957382656046082
0.19093050117756463
0.7168444264434543
0.2510538079594377
0.7253498942441832
0.3288780882948561
0.7306751871352922
0.40034201881103454
0.7599267959737783
0.4398841936306495
0.7976088684877668
0.43154373490541975
0.8146648065643608
0.4089824940371719
0.8326657966188138
0.3681802499137452
0.8433913865262588
0.3362584942171819
0.8376910730090151
0.3314582302026611
0.8431813749756234
0.3511993159623779
0.841576286695768
0.3609198505917825
0.840136207491412
0.3486191740545728
0.7792328578071792
0.3321182665046574
0.7131992259574276
0.3256979133852361
0.68369260309317
0.3447189595427747
0.6177189745435997
0.3511393126621963
0.5636109986049231
0.39356164589052367
0.5746366050132756
0.4563250978803832
0.6217091940056702
0.4767862232422782
0.5915575356644615
0.44996474806114295
0.5725964928071043
0.4710859097250347
0.5503652700898549
0.48098645425498376
0.5248638675127131
0.571471430928701
0.5263789508422964
0.6705968828285551
0.5369695333243327
0.6116136387501311
0.5081079459370265
0.5460300316517408
0.4676357199645979
0.43292381080959447
0.4167229197605867
0.4592052562890958
0.40854747011085607
0.5122481736495506
0.4669006795373744
0.7115791368525268
0.5126831975758667
0.6461755396546808
0.47969638330108144
0.609693533144323
0.4441444279435368
0.6210941601788097
0.4169779337863581
0.6846976583712102
0.43007365405097275
0.6971183415087828
0.44898969443319364
0.8483266579661879
0.46717069438819125
0.8636274995124731
0.4468745781017955
0.7970838396111782
0.4200081004455244
0.7230997704873765
0.42758351709344
0.622534239383166
0.45877023236277986
0.5157883683602598
0.44889968948292147
0.4575251638840133
0.4545399996999834
0.414982824055323
0.4915470350869296
0.38024091325022863
0.5239788188350358
0.3648800684037622
0.5534104375740664
0.35317942486836773
0.576076684217632
0.36205991329523113
0.6145237988089344
0.3659601278070293
0.6611313622249222
0.3613398736930531
0.7255899074449093
0.35521953707453896
0.7359704783763105
0.36746021031156717
0.771447429608628
0.37886083734605397
0.808979493872163
0.42062313427238485
0.8146948082144516
0.4617253948967193
0.8013740755741566
0.4731860252313875
0.8290805994329685
0.47540614733810355
0.7699323462790453
0.46022531239218123
0.7499962497937386
0.43550395271739917
0.7805979328863087
0.3983019066048632
0.8670476876228191
0.35767967238198095
0.9602178119796585
0.32089764937071547
0.9945697013335731
0.28567571216416887
1.0
0.26821475181134957
0.9954997524863868
0.3602598142897859
0.9822390231462729
0.3319382566041132
0.9803039167154192
0.1858902239623178
0.9758486716769422
0.10944601953107419
0.9713484241633288
0.08160448824685354