0000000010
0.5753659994024498
0.06752315506423662
0.5749676327059056
0.06493377153669953
0.5673488696344983
0.0715068220296783
0.583034558310925
0.08923414002589379
0.5897072004780397
0.12648142615277352
0.5885867941440093
0.15675729509013042
0.5898067921521759
0.15536301165222582
0.599915347076984
0.11532715864953688
0.6141569564784384
0.05308236231451049
0.6125385917737275
0.028981177173588245
0.6084553331341498
0.054775420774823225
0.5938153570361515
0.13494671845433717
0.568718255153869
0.18075888855691655
0.5888606712478834
0.1488895528333831
0.6263071407230355
0.5130963051488895
0.6568568867642662
0.9569763967732297
0.6735633901005874
1.0
0.731924111144308
0.9683298476247386
0.8469524947714367
0.8134647943431927
0.8782491783686883
0.8303953789463201
0.8544716661687081
0.9442286624838159
0.7949656408724227
0.9571755801215017
0.7403396076088036
0.8236231451050693
0.7299820734986554
0.7219400458121699
0.7277163629120602
0.9274972612289611
0.7074494572253757
0.9095707598844738
0.7107608803903991
0.5743451847425555
0.6971666168708295
0.6922617269196293
0.6666915645852005
0.6424658898516084
0.6361418185439695
0.6390797729309828
0.5913504631012845
0.6863858181456027
0.5275868937356835
0.6649736082063534
0.37274673837267197
0.8246190618464293
0.3376157753211831
0.9006075092122298
0.36672144208744145
0.7871725923712776
0.3489941240912258
0.7465391893237723
0.4071058659496065
0.7941440095608003
0.41051688078876597
0.5703615177771139
0.36916143810377444
0.3535504431829498
0.2880938153570361
0.37864754506523246
0.2035155860970022
0.37317000298775016
0.1869335723533512
0.39936261328552913
0.29939747037147674
0.44039438302957845
0.30071706005377935
0.4245593068419478
0.26332038641569555
0.37974305348072895
0.2011004879992032
0.3670949108654517
0.2487302061547654
0.2858281047704411
0.21927596852903092
0.20336619858579816
0.23588288019121595
0.2013743651030772
0.23488696344985552
0.2915048301961956
0.2236580021910168
0.25714570261926084
0.23112737775121994
0.21123394084254557
0.2486804103176973
0.2746738372672044
0.2679513992630216
0.1850413305447664
0.35165820137436504
0.3340304750522855
0.3612936958470271
0.5083159047903594
0.40864953689871514
0.6029279952195994
0.4599890449158448
0.663579324768449
0.4965889851608404
0.719948212329449
0.5442436012349365
0.7421571556617864
0.6355691664176873
0.6341001892241803
0.6769993028582807
0.5681705009461204
0.6317348869634497
0.48710287819938225
0.5795986455532316
0.7073996613883077
0.5226820037844835
0.6646748331839452
0.49108654516482403
0.5508415496464495
0.485957573946818
0.5117020217109848
0.4042177073996613
0.5213624141021809
0.3934120107559007
0.4471666168708295
0.3927646648740165
0.33901005875908763
0.39044915845035344
0.2718852703913952
0.3763818344786375
0.1757793048501146
0.3462055572154166
0.1965939647445473
0.3271337516183646
0.3542475849019021
0.29655910765859966
0.46947515187730293
0.3078876605915744
0.5920725027387709
0.30489991036749314
0.6685589084752511
0.27410118514092213
0.8026093018623639
0.23147594861069612
0.8107758191415194
0.20757394681804592
0.7388706304152971
0.1906931580519868
0.6980380440195199
0.14771935066228456
0.4282441987849813
0.1166467483318394
0.15088138631610393
0.08505128971218004
0.05497460412309526
0.08390598545961554
0.016532217906583005
0.08480231052683994
0.02250771835474553
0.08776516283238721
0.033462802509710184
0.09824718653520564
0.018822826411711974
0.10188228264117116
0.00836570062742753
0.10235534309331734
0.0