0000000010
0.22349640112236202
0.07604408116790706
0.19013053556179096
0.286934244235696
0.16436907811801066
0.07889065105119769
0.18035053474848528
0.0
0.22132080842584695
0.03749339189134232
0.2607051360253752
0.04261721768126557
0.31281769753161737
0.1028831686389331
0.30614859094790786
0.14175918018787373
0.326948883737953
0.1603838802814038
0.3444959538042374
0.19088284331666064
0.3800170794192998
0.1722581432231305
0.392074336139238
0.28725956650807233
0.37168069618966293
0.4410556707738603
0.315948924403237
0.4293440689683217
0.27268106217721944
0.29685657354316625
0.3543979504696841
0.33109674271074774
0.38528323370338746
0.43772111748200543
0.43430523362205686
0.25798056199422553
0.4028303037696719
0.2774185677686958
0.3761335447928106
0.2784758651539181
0.413911593672482
0.26123378471798653
0.41826277906551196
0.28099711276483286
0.4673457769102518
0.2816477573095849
0.5063437843113335
0.46146964336545904
0.48005367817494216
0.5470294010003659
0.5254564678134279
0.47553983164572383
0.49265991622951494
0.23374405270220835
0.5139888577121712
0.20804359318449844
0.5539628319303812
0.1759180187873613
0.5583343499654346
0.1432231304135659
0.5486966776462935
0.2243097068033019
0.5642714814362977
0.27001748607214027
0.5997112764832664
0.29945915172217485
0.6417388475458503
0.46927737790248475
0.6267130250904805
0.42600951567646683
0.5250091496889108
0.36021308608840624
0.6235004676507665
0.5375950551014601
0.6606075393436627
0.4167378309137488
0.7785978610060593
0.5464600870237077
0.7274409336749217
0.45886706518645015
0.6229514863161321
0.38038306697572305
0.4934732219104551
0.3499654345085601
0.541986905778537
0.32467162783132053
0.6280753121060552
0.24895286893578966
0.5095970070350943
0.27863852629010605
0.5489406693505756
0.2944979870684398
0.5373307307551545
0.21991785612622522
0.5048188361595708
0.2544020169980889
0.4682200805172625
0.15086820381440375
0.3858932129640926
0.21373673295107992
0.36765483306900903
0.31637590988573056
0.40118335976576786
0.3372778658858933
0.36897645480053687
0.2524500833638323
0.3489894676914319
0.2762799398153798
0.3245902972632265
0.510755967630434
0.413992924240576
0.5214916026188445
0.45069334309300163
0.6715465007523079
0.5515229148875607
0.4824529299337158
0.6880362734333699
0.44341425724858674
0.7184742385425562
0.5524785490626654
0.6365946891139037
0.4193404090927578
0.6955186856980197
0.568500670977187
0.9345695579683623
0.5900532715221015
0.9913382944979874
0.6468220080517264
0.9807856532877881
0.6072953519580336
0.8965678500264326
0.7549916636167707
0.78185108372982
0.7173356105892402
0.8221707128624293
0.7985035175470702
0.8761742100768574
0.7207514944491891
0.9015696799642148
0.6299052498881705
0.9231832784352
0.7456386482859583
0.9581147574315807
0.9468504737505592
0.8976048147696312
0.8599080964580539
0.8736326298239192
0.6686186003009233
0.8614533772518402
0.5804562644870074
0.7730877150176895
0.5674433735919644
0.7690618518970357
0.6146964336545891
0.8802407384815583
0.5066081086576392
0.8570411939327396
0.6700825505266155
0.7398641779512832
0.7532023911187019
0.7576145744378026
0.6085153104794438
0.7300435118539301
0.5079093977471435
0.7444390224065717
0.5500386320198448
0.7928510430645359
0.5445081533894516
0.7345776910251718
0.6165670367207517
0.7445610182587127
0.6653653775771624
0.772538733683055
0.5872067016388111
0.6341344394290594
0.46610548574681804
0.6836647553983165
0.45260461144321074
1.0
0.5741938107437682