0000000010
0.0
0.0
0.0
0.0
0.10500051234757658
0.09439491751204013
0.7708371759401578
0.671462239983605
0.8462649861666155
0.6899477405471871
0.8672302490009222
0.7046213751408953
0.8570242852751305
0.6894148990675274
0.8629060354544521
0.6753560815657343
0.8765447279434366
0.6374013730915052
0.8692591454042422
0.6216210677323496
0.8729992827133929
0.5741981760426272
0.8650681422276872
0.5530074802746182
0.8427297878881032
0.5283738087918843
0.8109334972845578
0.48689414899067507
0.805973972743109
0.39065478020288963
0.7843426580592273
0.33704272978788796
0.7493493185777229
0.3221641561635413
0.7474946203504457
0.3208525463674557
0.7844861153806741
0.44602930628138127
0.8651091300338151
0.6481811661030845
0.9035864330361716
0.8401270621989958
0.9317143149912902
0.9238651501178399
0.907224100830003
0.9582129316528332
0.8467978276462752
0.8697202582231788
0.8313659186392047
0.8760733681729685
0.8086996618505994
0.8600471359770464
0.7807972128291832
0.8445127574546573
0.7951122041192746
0.8260272568910748
0.786566246541654
0.8258223178604366
0.7743518803156061
0.7501998155548721
0.7701506301875193
0.6351470437544829
0.766103084332411
0.6408853366123579
0.8138743723742186
0.637688287734399
0.9113433753458344
0.6389179219182293
0.9342453120196741
0.6403115073265703
0.8889332923455273
0.6486730197766164
0.8634491238856439
0.5865764934931859
0.8705092734911363
0.6259247873757556
0.8928168869761247
0.7380674249410801
0.855333538272364
0.7277384977969051
0.8250025617378829
0.7166717901424324
0.8006967927041706
0.7783994261707143
0.7793933804693103
0.8231990982682652
0.7746695358130954
0.7911466338764217
0.7881647709806332
0.7491341325955526
0.7907265088636132
0.6977354237114456
0.8005430884311918
0.6839225330464187
0.7979096218874884
0.7347064248386106
0.8026539604467672
0.7838098165795675
0.8705707552003279
0.7927451583154013
0.899713085357106
0.7672917307101136
0.8595962701096423
0.7857362434675684
0.8207295829490725
0.8125832564811964
0.8018034634696177
0.8097550978583868
0.8167742596577519
0.8068039758171945
0.8468593093554666
0.8148785736243467
0.8831437647299928
0.7563479864740239
0.849359565529255
0.7114253509580897
0.8435495440106568
0.6384260682446973
0.8591556511937698
0.6408033610001024
0.8477303002356797
0.6290398606414591
0.8743826211702018
0.6478122758479353
0.8718516241418179
0.6548621785018958
0.8673839532739012
0.6441233732964444
0.9175632749257095
0.6229736653345631
0.9661748129931345
0.6164566041602623
0.960149605492366
0.6245721897735423
0.9479967209755097
0.6312941899784814
0.9401987908597192
0.6262117020186495
0.9161082078081771
0.5757557126754791
0.9113228814427708
0.4733681729685419
0.8834819141305461
0.4973050517471051
0.8463469617788708
0.4179116712777949
0.8402807664719745
0.44791474536325443
0.8340813607951635
0.5143149912900913
0.8588584895993442
0.5702223588482425
0.8638590019469209
0.5776821395634797
0.8535095808996823
0.5587047853263655
0.9184855005635826
0.5089046008812379
0.9719745875602008
0.44324213546469926
0.995081463264679
0.38331796290603537
1.0
0.35954503535198284
0.9784301670253099
0.3534788400450866
0.9658366635925812
0.3467568398401475
0.9308843119172046
0.337288656624654
0.9127472077057074
0.3256481196843939
0.8913515729070601
0.30080950917102167
0.2147965980120914
0.07127779485603031
0.0
0.0
0.0
0.0