0000000010
0.6124825084570756
0.8194736913608757
0.6206203214368196
0.8024644395234146
0.580379583463529
0.7686633064790029
0.5467822353852212
0.7646419498145555
0.5808686673821781
0.7602401945467141
0.5955004279484284
0.7669786840925451
0.5857187495754476
0.7223090195225993
0.6089230643824631
0.8267012648253558
0.6022117461654459
0.8800114119581014
0.5969676797043757
0.8145285095167576
0.6228755417283678
0.8581656635917776
0.630632956104718
0.830070509598271
0.6731696713627776
0.7739888869265149
0.6224951431249742
0.8057793416387025
0.6503729264879696
0.8159414186150771
0.5926338527585687
0.9147907128398107
0.4860679011507053
0.8982705449209991
0.4145257923838762
1.0
0.33246837936609286
0.9977719510372647
0.2710068335891965
0.9842949719456028
0.19041667232736006
0.9788607061828359
0.11596723137745045
0.8826742021818574
0.09637670330267498
0.9281046639585906
0.08027769098047734
0.9477767060198073
0.04890839186490414
0.8550137894493727
0.018625945901884305
0.888543209205646
0.0
0.9276699226975689
0.008477454589916708
0.9409295311587202
0.015351800779817164
0.9526675452062978
0.034371730949502084
0.8077356773132987
0.06389337970573442
0.7961063485809773
0.09850965261456118
0.7530669637398608
0.14421182767943252
0.7329058377599954
0.18120559185946988
0.734753488119336
0.18123276318828363
0.7969758311030197
0.1864089013273193
0.7749127121061848
0.25841292268398364
0.7335036069938994
0.3371961905797001
0.7773581316994305
0.3608080753189232
0.8381132229271671
0.35059165568492096
0.8620239922833424
0.34302444061026793
0.9183773282432375
0.34215495808822527
0.9836428600540705
0.35412392843071977
0.998804461532191
0.3374679038678383
0.9029983561346063
0.297892863450487
0.8302335375711546
0.26940372518918015
0.9318543073348999
0.26542312551795333
0.9104976428872249
0.27870990530791895
0.8773486217343455
0.28452456967407985
0.8643063839037044
0.27229747170785373
0.8497425516594888
0.28802967109106453
0.7915415653402522
0.25880690695178427
0.7708370127841095
0.29703696659285106
0.736601138478677
0.2867526186368143
0.6424796554675501
0.3108807586235003
0.7495346909940628
0.3148070156370996
0.7626312714823313
0.27925333188419565
0.7313842433464205
0.32283614330158805
0.7896939149809118
0.3246702079965221
0.7919219639436461
0.3002703547216976
0.7659461735976195
0.33862268534242645
0.7944217261945192
0.3546130123493688
0.8502859782357648
0.32335239854905096
0.8195280340185034
0.3640142921189559
0.7581751735568626
0.3939435108073959
0.798714796147105
0.3810778866140448
0.7452416210414768
0.43938755824853587
0.7205157118208863
0.4840708084828886
0.8021927262352763
0.528631787737579
0.7313842433464205
0.5224367247680246
0.7811077750757396
0.5868599453856289
0.7708913554417376
0.5620253508497831
0.7567079218009151
0.5687230834023936
0.7138859075903105
0.6505495401252596
0.7993669080386373
0.6928824704172154
0.8300161669406441
0.7573328623636334
0.776271278546877
0.7804692488486145
0.8045294605132661
0.8004401755267836
0.7313842433464205
0.8103305392150197
0.6124281657994478
0.8163354028828774
0.6723681171627693
0.8168380724659337
0.6730202290543014
0.7782683712146939
0.7327971524447403
0.7686361351501892
0.7314929286616759
0.7369679514176637
0.7576860896382135
0.6951241050443566
0.6755743339628019
0.6922167728612763
0.6578042849185533
0.6780605105492681
0.6900838235493904
0.7055850666376834
0.8054532856929365
0.678101267542489
0.7933348730419656
0.6293830749792816
0.8952273560938495