0000000010
0.00700486182190378
0.0
0.024277123848515724
0.007548618219037863
0.04228505629477966
0.019575230296827
0.06294779938587518
0.04426816786079855
0.07862077789150453
0.07088024564994887
0.09336617195496419
0.10619242579324394
0.11412487205731832
0.14982088024564968
0.12954196519959058
0.18794779938587527
0.16085593654042984
0.24475435005117693
0.17828812691914014
0.29362845445240465
0.19565634595701117
0.3469805527123846
0.2136322927328558
0.3970061412487205
0.22876151484135096
0.4444728761514838
0.24766504605936526
0.49692937563971346
0.25684493346980514
0.5488741044012283
0.2668884339815763
0.5949334698055269
0.28192169907881204
0.6260235414534283
0.3093654042988741
0.6389457523029675
0.309173490276356
0.645470829068577
0.3123720573183212
0.6360030706243602
0.3333546571136129
0.6242323439099285
0.33178735926305014
0.6092630501535314
0.3271494370522004
0.5849539406345955
0.3234071136131013
0.5587256908904804
0.3242067553735924
0.5212384851586485
0.3246865404298874
0.48989252814739004
0.32382292732855683
0.45419651995905824
0.3232791709314227
0.4141504605936542
0.3227034288638692
0.3755117707267144
0.3185452917093142
0.326381780962129
0.31272389969293735
0.2936284544524054
0.29861821903787106
0.25383828045035833
0.28588792221084935
0.2288894575230298
0.2847044524053222
0.21340839303991824
0.28735926305015336
0.18935516888433995
0.3140353121801433
0.24961617195496402
0.34426177072671443
0.22914534288638677
0.333546571136131
0.11681166837256884
0.2721660696008187
0.13203684749232342
0.32075230296827
0.2128966223132038
0.3223835721596725
0.23042476970317308
0.2582203172978504
0.27814738996929383
0.21139329580348018
0.296699078812692
0.22757804503582382
0.33546571136131037
0.18538894575230289
0.3513306038894575
0.15087640736949842
0.3135875127942677
0.08764073694984649
0.3931678607983625
0.010619242579324336
0.605552712384852
0.011514841351074707
0.6248720573183215
0.010587256908904684
0.6242323439099283
0.08415429887410443
0.6691402251791199
0.1405130501535312
0.718142272262026
0.05130501535312175
0.765992835209826
0.032561412487205815
0.8046315250767654
0.09985926305015332
0.8467246673490268
0.14764585465711333
0.8752558853633573
0.1719229785056294
0.8985414534288639
0.11818705220061389
0.932702149437052
0.11310133060388945
0.9582906857727733
0.15321136131013302
0.9770982599795289
0.1541389457523027
0.9914278403275328
0.08405834186284547
0.9975690890481065
0.02530066530194447
1.0
0.10245010235414512
0.9900204708290689
0.12963792221084952
0.9794012282497444
0.11418884339815762
0.956115660184237
0.12304887410440098
0.9163254861821902
0.15429887410440118
0.8679631525076767
0.18235030706243596
0.7981064483111571
0.19991044012282488
0.7374616171954964
0.2375255885363356
0.6627430910951897
0.3467246673490276
0.5894319344933465
0.4710529682702148
0.5186796315250766
0.5447799385875128
0.4516376663254861
0.6334122313203682
0.40736949846468795
0.6399373080859774
0.38114124872057314
0.6677008700102353
0.36233367451381804
0.760747185261003
0.3641248720573183
0.7892144319344926
0.36629989764585463
0.8046954964176048
0.3734646878198564
0.6215135619242577
0.38178096212896573
0.48982855680655074
0.4005885363357218
0.550985158648925
0.4167093142272261
0.6252878710337768
0.42975946775844437
0.6886514841351078
0.42771238485158664
0.7542860798362334
0.4129989764585467
0.8196008188331627
0.38651484135107467
0.8582075230296824
0.35440122824974385
0.8762474411463661
0.3045035823950873
0.8954708290685771
0.2611310133060387