0000000010
0.20354818195421212
0.0119706718539578
0.20556823282956757
0.0
0.22239263803680986
0.014140356127487659
0.24526784378273234
0.016646715546910044
0.26633809666317515
0.013130330689809953
0.28573432590154113
0.01657189884782281
0.30073507406853206
0.015449648361514301
0.3191493341313781
0.04373036061648961
0.30800164596737994
0.07092623073469997
0.29624607212329784
0.08899446356426756
0.27360466856202303
0.11776148436330994
0.24760586562920842
0.18393685470597046
0.2700602274427653
0.2698264252581176
0.3067671704324406
0.3303531348196918
0.3266122998653299
0.32653748316624265
0.31709187490647917
0.3462142750261858
0.27809367050725725
0.317185395780338
0.27149109681280864
0.26582373185695046
0.26196131976657194
0.2729313182702379
0.2445570851414036
0.31726021247942543
0.22519826425258116
0.30341912314828673
0.26531871913811167
0.3430345653149782
0.2805719736645219
0.36839742630555133
0.28248915157863236
0.30154870567110564
0.29476844231632493
0.3136690109232381
0.2897089630405507
0.3618135567858747
0.2691811312284902
0.3186443214125393
0.2618771509800987
0.312995660631453
0.2548163250037408
0.34307197366452186
0.24389308693700432
0.3467379919197966
0.2412277420320216
0.3233577734550352
0.2715285051623523
0.2732679934161305
0.2811705072572198
0.21124494987281162
0.26775961394583264
0.15625467604369295
0.27346438725123456
0.10912015561873405
0.2660014215172827
0.08764776298069729
0.25947366452192133
0.08061499326649706
0.2733334580278318
0.0589929672302858
0.2646453688463265
0.049827921592099374
0.2615778841837498
0.08581475385305999
0.2605117462217567
0.12168936106538983
0.2762045488553046
0.12427053718389948
0.30215659135118955
0.12494388747568451
0.28554728415382313
0.11817297620828966
0.32713601675894055
0.12741283854556334
0.4083588957055215
0.13033068980996557
0.4696711806075116
0.1690483315876104
0.49391179111177613
0.5930345653149782
0.4546797845279067
0.9228639832410593
0.4965397276672154
0.9638635343408648
0.46185283555289547
0.9582148735597789
0.4693438575490048
0.9308319616938504
0.4900867873709412
0.9037857249738139
0.48803868023342817
1.0
0.47426305551399073
0.9202079904234624
0.4909191231482868
0.9469923686966931
0.4781161155169834
0.9298967529552599
0.487860990573096
0.8366377375430196
0.5579829417926081
0.8396678138560527
0.608858297171929
0.9420170582073922
0.6745473589705222
0.9738889720185548
0.6511297321562173
0.980023941343708
0.6609400718240314
0.9731782133772259
0.6892114319916206
0.9376402813107886
0.6853957803381715
0.9105192278916653
0.7239170282807124
0.897351488852312
0.7572852760736196
0.8851563669010923
0.7091033218614397
0.863534340864881
0.6977031273380219
0.8689211431991621
0.6701051174622176
0.8095915008229839
0.6534677540026937
0.8268367499625915
0.6648679485261112
0.9116414783779743
0.7191287595391291
0.9220409995510996
0.7637662726320515
0.9209187490647911
0.8281740984587759
0.9289615442166693
0.85287296124495
0.9268666766422264
0.8650774352835555
0.8893835103995215
0.914297471195571
0.856314529402963
0.9350965135418225
0.853733353284453
0.9128666018255276
0.8403037557982942
0.8696038455783333
0.8524614693999699
0.8409209935657638
0.8540700284303455
0.8572310339667814
0.8890468352536285
0.8485055364357326
0.9239114170282806
0.9134744875056113
0.9251833009127637
0.9420264102947778
0.9347598383959301
0.9446449947628311
0.955109980547658
0.9472168187939547
0.9587011821038458
0.9417551997605867
0.9408199910219964
0.9334973065988332
0.9436630255873109