0000000010
0.3189486210275795
0.3537729245415092
0.3387582248355034
0.1654766904661907
0.34407811843763125
0.04731905361892765
0.3253884922301554
0.027369452610947795
0.33546829063418737
0.040039199216015675
0.3447431051378972
0.06138877222455552
0.3512879742405153
0.09001819963600731
0.3581303373932522
0.16274674506509873
0.3562753744925102
0.2998740025199495
0.3573253534929302
0.43189136217275664
0.36464020719585616
0.5729385412291754
0.3749825003499931
0.7741145177096459
0.3975395492090159
0.877642447151057
0.41699916001679965
0.8288534229315413
0.4228790424191517
0.8225535489290213
0.381562368752625
0.8433431331373374
0.2681821363572729
0.7903541929161417
0.20040599188016242
0.7610247795044102
0.20007349853002934
0.6842363152736947
0.21165826683466332
0.5800783984320312
0.2327453450930982
0.4437211255774887
0.246762564748705
0.3199636007279854
0.253727425451491
0.28307433851322966
0.2432451350972981
0.29686406271874566
0.2328503429931402
0.46374072518549647
0.26177726445471095
0.5788884222315555
0.3009239815203696
0.6807363852722947
0.3165686686266275
0.6936161276774465
0.3532829343413132
0.6877362452750945
0.44361612767744657
0.6449671006579869
0.4984250314993701
0.5873582528349433
0.4701630967380653
0.5288394232115359
0.46027579448411043
0.5275094498110039
0.49438261234775316
0.48614027719445624
0.4980400391992161
0.4381212375752486
0.5051448971020581
0.4343413131737366
0.5879357412851745
0.43007139857202864
0.7476900461990761
0.4110317793644127
0.7818143637127258
0.40102197956040875
0.7857167856642868
0.41243175136497257
0.7020159596808065
0.41355172896542075
0.6366197676046479
0.4412011759764807
0.6202575948481033
0.4758504829903404
0.6451245975080498
0.48250034999300007
0.6238450230995383
0.5000000000000001
0.6279574408511829
0.5170096598068039
0.6141502169956601
0.5361892762144758
0.5758959820803584
0.5465490690186198
0.5643987120257596
0.5504689906201877
0.5561563768724627
0.5403891922161558
0.5429791404171916
0.512109757804844
0.5566988660226797
0.49111017779644417
0.5850832983340334
0.4688506229875403
0.5447291054178918
0.42650146997060057
0.5062998740025201
0.3486630267394653
0.5618087638247237
0.33172336553268944
0.6065553688926223
0.379812403751925
0.6052778944421112
0.395632087358253
0.5893532129357414
0.4313313733725325
0.6087953240935181
0.5560688786224277
0.6504094918101638
0.6978860422791544
0.62762494750105
0.7980540389192216
0.6805088898222038
0.8361332773344533
0.7172931541369173
0.7664846703065941
0.6878062438751226
0.783354332913342
0.5788009239815205
0.9059918801623971
0.509029819403612
1.0
0.49210765784684307
0.7972840543189135
0.4398712025759486
0.679826403471931
0.3993945121097579
0.5745485090298194
0.4076193476130478
0.5673386532269353
0.3773449531009381
0.48992020159596816
0.36483270334593315
0.41110177796444086
0.40322693546129085
0.4415511689766204
0.4290739185216296
0.40571188576228473
0.44321363572728545
0.3337533249335014
0.4298614027719446
0.28104437911241775
0.42690396192076163
0.22154556908861828
0.44230365392692156
0.1510569788604227
0.44298614027719446
0.09295814083718329
0.4710380792384152
0.052008959820803585
0.48381282374352524
0.04031919361612769
0.4894827103457931
0.043749125017499675
0.509257314853703
0.02827943441131178
0.5547564048719027
0.020999580008399844
0.5847858042839146
0.009729805403891926
0.5727985440291196
0.0026599468010639884
0.6020054598908021
0.0013999720005599956
0.6131527369452612
0.0008399832003359965
0.6144302113957721
0.0