0000000010
0.8584796236201794
0.7682292684834024
0.8706389855469107
0.7962231692536262
0.8727763224772255
0.8414200258044335
0.9021777378113146
0.8804133922404237
0.9361666080202262
0.8904223846945821
0.9393074507044085
0.9161746881964264
0.950385111623724
0.8994930341061624
0.9105837275677362
0.8179614497400006
0.8906700029974847
0.8137389060484024
0.8728023875617412
0.8192125737967704
0.8409378217408868
0.7072891008849095
0.806805593567137
0.6117345010491192
0.8311112848783409
0.5990668699743255
0.8310070245402765
0.5547040961280317
0.8118361548787318
0.4985599040804885
0.7994552397336145
0.49433736038889076
0.7635114881860002
0.5997966923407745
0.7142745435352074
0.6514576898515588
0.6870886603849812
0.7909058920123545
0.6586646857202432
0.9040283588119532
0.6420351617990119
0.9151842149848166
0.5783451277840764
0.8982419100493935
0.5402640393061471
0.8110802674277668
0.5462459762025775
0.8590400229372743
0.5185778889888047
0.8241649398548171
0.43893602325005526
0.7855364846020513
0.3979095802218137
0.789133466265264
0.3551237439887396
0.7144830642113356
0.31401910570695013
0.5424013762364625
0.28672896221866
0.6163740860929741
0.2384564256949602
0.6843518265107971
0.21824295265277407
0.7090093964629677
0.20794724426893954
0.6898776244281969
0.18255985195031998
0.6857593410746635
0.19116132984061204
0.711250993731347
0.22370358785888353
0.7427376158267193
0.24941679373395365
0.7110946032242508
0.25955611161069175
0.6568270972618627
0.24940376119169572
0.6199189375871549
0.25105889405846393
0.5738358681628025
0.22821284748015794
0.5118009670146353
0.2366058046943215
0.4361079615800652
0.2614327976958465
0.3769402197286624
0.259086940089403
0.35978939411711053
0.24847845069137633
0.43214606873362765
0.2351070623346495
0.5525146290286844
0.21656175470148953
0.6499459149496287
0.1995542870547756
0.7030665571933111
0.18422801735934624
0.8449127471295819
0.16956640731907568
0.9414056900079496
0.15650779997654132
0.9709113656801025
0.12985625105889406
0.9861855052065005
0.10569391771252813
1.0
0.09237465952483348
0.9557414864917693
0.08137519385906616
0.916070427858362
0.0707536719187812
0.9010569391771247
0.067039397375246
0.8965216144713345
0.08041078573197272
0.9044975303332421
0.09168393478515861
0.9202929715499598
0.09662326830094733
0.9217526162828584
0.09561976254708003
0.8930810233152181
0.1089520532770327
0.8885978287784594
0.1308727893550195
0.8954790110906928
0.11471243695507687
0.8390741681979902
0.10187538283092878
0.669234077491496
0.10410394755704991
0.6256532561806829
0.0858192907690503
0.6454105902438386
0.030457051256988613
0.6931618250772177
0.024514211987332384
0.7163597502964901
0.03457533461052252
0.734553179288683
0.03629563018858093
0.7107818222100584
0.0441933507969399
0.6936309965985064
0.06430256350106216
0.6897212339211009
0.037651014583414785
0.6917021803443196
0.01900144661219066
0.7005121789107399
0.026130247227326646
0.7124499876190846
0.0
0.7132319401545658
0.05409808291303377
0.7431025270099436
0.15904914571685497
0.732520102696433
0.24266593684430018
0.7064550181803962
0.36740039879579306
0.6611017711224928
0.43677262123522426
0.5759732050931171
0.5022741786240239
0.5607511957357518
0.5714900105563591
0.5866598897446923
0.64487625601126
0.6067821349910725
0.6903989261185176
0.6113174596968628
0.7158384486061694
0.6418657387496578
0.7243096010738814
0.654846150838644
0.750452880843466
0.6490597020760835
0.781248778199163
0.6351409469445202