0000000010
0.25842989393660715
0.02740481883391579
0.26971062473177615
0.025442952608669054
0.26735025442952615
0.02482986941327941
0.26963398933235244
0.024155477898350864
0.41467414628165045
0.022438844951259918
0.4144442400833793
0.01986389553062357
0.4355802832444364
0.017043712831831346
0.4354883207651277
0.01422353013303904
0.354132180736926
0.00980933112623382
0.30036478450125687
0.005762982036662397
0.3400006130831954
0.004414199006805275
0.37050150205382876
0.0036784991723377383
0.3737814971491632
0.0025749494206363777
0.3708540248911777
0.0031880326160260196
0.3702102875360187
0.0028814910183312405
0.38127643921280113
0.004230274048188363
0.3839740052725155
0.0022070995034026097
0.37847158359389377
0.0
0.40636686898412117
0.0002452332781559013
0.38841885843909024
0.0038624241309545945
0.38446447182882726
0.013610446937649536
0.41099564710931263
0.032554717675188576
0.4274109496658697
0.04849488075531856
0.41585433143277534
0.06308626080559136
0.3960364171418061
0.07393783336398753
0.40632088774446695
0.08442155600514999
0.4394580344552755
0.10140396051744226
0.44690699527925937
0.11201029979768257
0.40434369443933543
0.12604990497210483
0.3481852737416468
0.14156090981546202
0.34427686837103794
0.1420513763717737
0.33443688308503466
0.1549261234749556
0.3269112868616271
0.16773956225859862
0.3320152044632458
0.17810066826068305
0.34956471093127334
0.1846606584513519
0.343449206057262
0.19397952302127405
0.3376555698608301
0.2247562994298326
0.34082827539697147
0.24180001226166398
0.3393415486481515
0.19661578076144928
0.3325976334988658
0.19054625712709208
0.3409662191159341
0.17154067807001402
0.34446079332965485
0.1706823615964686
0.3307430568328122
0.18282140886518308
0.32634418490589184
0.1960026975660598
0.3285512844092943
0.1990068052234688
0.3232787689289437
0.21733799276561833
0.3261755870271596
0.2214456501747288
0.32160811722150706
0.1906075654466312
0.30666421433388513
0.18539635828581946
0.31688737661700694
0.1912206486420208
0.31753111397216605
0.20194960456133904
0.3409202378762798
0.2216295751333457
0.3440163080129975
0.22408190791490407
0.35741217583226054
0.1850898166881247
0.3588069401017719
0.195634847648826
0.35856170682361604
0.20900006130831947
0.3455490160014715
0.23916375452148864
0.3492734964134634
0.2639936239347679
0.3604775918092086
0.28919134326528123
0.3543007786156581
0.33241370854024893
0.3566918030776776
0.34265219790325546
0.38501624670467777
0.33057445895408016
0.40061921402734346
0.32836735945067747
0.3733676659922752
0.3214395193427747
0.33779351357979287
0.3318006253448593
0.3296241800012263
0.3446140641285023
0.395929127582613
0.34265219790325546
0.4335417816197658
0.3365213659493592
0.44020906136962784
0.32885782600698926
0.4346146772116978
0.2987554411133591
0.3844951259885967
0.2856354607320213
0.36182637483906577
0.2804855618907485
0.3871467108086568
0.2652810986450862
0.40149285758077374
0.2891300349457423
0.39991416835264537
0.31812887008767093
0.3726013119980382
0.32806081785298263
0.3835755011955123
0.3284899760897555
0.3887100729569003
0.3405064067193919
0.39504015694929795
0.3553430200478206
0.38788241064312434
0.3774140150818467
0.3952394089877997
0.4079455582122492
0.39306296364416654
0.43363374409907435
0.38356017411562754
0.4397645760529705
0.38136840169210967
0.4311201029979768
0.3875911961253142
0.46048678805713944
0.4261234749555515
0.9049107963950704
0.4384464471828827
1.0
0.39100913493961137
0.5840230519281469
0.371957574642879
0.45521427257678865
0.368600944148121
0.4775918092085097