0000000010
0.6318322883019827
0.9713724745075693
0.6009088605991515
0.8220279941731591
0.5709354613971755
0.7331053264931285
0.5649027804167461
0.7522959022104
0.6096332889986704
0.7393755145987715
0.5861042497941606
0.6806637532459311
0.5378586357590729
0.5385394895180188
0.6052631578947371
0.40338210146304354
0.6078915700804358
0.297485591234404
0.6145892710114641
0.10342643612641718
0.6745202356070686
0.0
0.7193299132307307
0.16847172081829123
0.7956805370827795
0.3981886123250368
0.8906675533599346
0.5079485717904875
0.915447463423903
0.574197225916778
0.9157799733992023
0.56704034454367
0.9077205649502826
0.5465197289252008
0.878063841915258
0.5197922604344801
0.8216796503895121
0.5892710114636774
0.8189245677370329
0.6440559883463175
0.8263506238520493
0.7146114383431507
0.8134460700487685
0.8146177718664899
0.786528595857876
0.9427449490151376
0.7371746152384573
0.9580720754955989
0.7759041104566474
0.9543352967255689
0.7941921590981066
0.9804294128823872
0.7721198302615752
0.9727658496421564
0.7633320666286662
1.0
0.7334853378934703
0.9880296408892264
0.5321901323706381
0.9217809867629367
0.4515643802647415
0.8951801887389957
0.4696624232060297
0.8787130280575087
0.44174741908923953
0.7913104059788459
0.4197542592944457
0.6586864272594847
0.4084014187092282
0.5717271518145546
0.3819431249604157
0.4824244727341823
0.32278801697384285
0.4154157958072078
0.2466432326303122
0.3358667426689469
0.19964848945468375
0.23377034644372674
0.21469060738488832
0.17499524985749562
0.2161789853695612
0.15029450883526516
0.19184242193932496
0.13268731395275202
0.19185825574767243
0.12825384761542863
0.2505066818671229
0.15738805497498273
0.2663088225980115
0.1299638989169676
0.2810025967445692
0.08556590031034277
0.284581037431123
0.11761352840585233
0.30472164164924975
0.20412945721704984
0.3198745962378873
0.18500221673316877
0.25874026220786633
0.14263094559503467
0.25296092216099836
0.11166001646716062
0.32549559820127966
0.10538982836151745
0.34788460320476283
0.12502375071252148
0.34292862119196926
0.08873266197985946
0.335676736968776
0.10570650452846918
0.37480207739565535
0.10671986826271454
0.4163658243080627
0.12971055798340622
0.45059851795553885
0.12869719424916068
0.44698840965228986
0.14193425802774093
0.49471150801190744
0.2827918170878462
0.604740642219267
0.4385331559946797
0.6904173791880427
0.4677306985876244
0.6938058141744254
0.39134840711888047
0.6842896953575278
0.3564506935208058
0.7078029007536897
0.3388434986382926
0.7035911077332324
0.22072328836531774
0.6892931787953642
0.14244093989486362
0.6939008170245111
0.07581227436823106
0.6759136107416559
0.014693774146557722
0.6855880676420296
0.017417189182342013
0.7200741022230669
0.06631198935968076
0.7005510165304961
0.1917790867059344
0.6836563430236242
0.2141997593261131
0.6719868262714549
0.17347520425612759
0.6532870986129587
0.21787320286275277
0.6296155551333211
0.3583507505225158
0.6115175121920328
0.6709101273038192
0.5617993539806196
0.8466020647286087
0.5104344797010577
0.7292418772563181
0.533662676546963
0.6572297168915072
0.5316992843118629
0.6488061308505926
0.5172271834821713
0.5945278358350753
0.5164829944898348
0.529609221609982
0.46877572993856503
0.4517702197732602
0.4347488757996075
0.4225726771803157
0.43245297358920787
0.36164418265881326
0.4070080435746408
0.2707581227436825
0.4629330546583066
0.19792260434479725
0.43660143137627483
0.19399581987459624
0.42827284818544564
0.19019570587117637