0000000010
0.949727857496289
0.9164571994062343
0.9507372587827806
0.9137654626422567
0.9448985650667987
0.9056110836219691
0.9349628896585849
0.8860564077189514
0.9246709549727858
0.8648391885205337
0.9132508659079664
0.8449678377041064
0.9030578921326077
0.8283424047501236
0.8996140524492826
0.8169421078673925
0.8977733795150916
0.8092627412172194
0.8974567046016825
0.8036417615042057
0.8995942602671942
0.8039584364176149
0.8853240969816923
0.8018208807521031
0.8745967342899555
0.8013458683819893
0.892350321622959
0.8022167243938646
0.9172290945076695
0.8074418604651165
0.9320336467095498
0.8155170707570512
0.9401088570014845
0.826284017812964
0.9538446313706089
0.8346759030183082
0.9752399802078182
0.8363384463137057
0.9962790697674418
0.8329341909945567
1.0
0.8242256308758042
0.9852746165264721
0.8131420089064824
0.9571895101434931
0.8007125185551709
0.9184166254329543
0.7926373082632362
0.8670163285502225
0.7911331024245422
0.8030677882236519
0.7918456209797129
0.7456308758040576
0.7958040573973282
0.7079663532904502
0.7974666006927266
0.6804552201880257
0.7899455714992579
0.6613359722909451
0.7870954972785752
0.6583671449777339
0.782345373577437
0.6580900544285008
0.8000791687283525
0.6452449282533401
0.8148837209302328
0.635447798119743
0.8072043542800595
0.6272934190994558
0.7904997525977241
0.6408312716476994
0.7771994062345375
0.6513805047006432
0.7680158337456706
0.6391489361702128
0.7628698664027711
0.5580009896091046
0.7521820880752105
0.5045818901533895
0.7376150420583866
0.410311726867887
0.7033349826818409
0.3311232063334982
0.6506086095992083
0.2747550717466602
0.6255912914398813
0.2425136071251854
0.6128451261751611
0.2670559129143988
0.5993864423552696
0.24401781296387928
0.5887778327560615
0.20336467095497268
0.5604354280059378
0.19958436417615033
0.5041464621474518
0.21395348837209305
0.48554181098466087
0.21100445324096986
0.5970113805047006
0.18394854032657093
0.5471350816427513
0.17812963879267701
0.40138545274616527
0.11687283523008409
0.2684611578426523
0.07904997525977232
0.27716971796140494
0.09363681345868381
0.3341712023750621
0.04969816922315659
0.39774369124195946
0.03600197921820885
0.5557644730331515
0.04277090549233056
0.5007422068283023
0.0
0.46155368629391413
0.040989609104403794
0.5680356259277586
0.14869866402770915
0.5890153389411183
0.14753092528451256
0.5254428500742208
0.09589312221672439
0.6007323107372591
0.1230084116773874
0.5636021771400296
0.20172191984166243
0.5683523008411676
0.16894606630380998
0.5651855517070754
0.16425531914893604
0.5563978228599702
0.16756061355764473
0.547768431469569
0.16459178624443352
0.5380306778822368
0.2431073725878278
0.5297971301335971
0.3181197427016328
0.5236219693221179
0.36568035625927764
0.5191093518060368
0.39722909450766963
0.5113508164275112
0.48239485403265703
0.5001880257298368
0.5930133597229096
0.4840376051459673
0.6051657595249879
0.4692330529440872
0.6186244433448788
0.45482434438396857
0.6700643245917862
0.4460366155368629
0.6737258782780802
0.4372488866897577
0.6856803562592776
0.42877783275606135
0.6259277585353786
0.4245027214250371
0.5400890648193967
0.4226818406729342
0.5302721425037111
0.4210984661058883
0.5128946066303811
0.41492330529440885
0.49844631370608605
0.40953983176645226
0.4832855022266204
0.4070064324591786
0.4726966848095002
0.4003562592775855
0.41830776843146944
0.39148936170212767
0.36294903513112325
0.3774764967837707
0.36057397328055424
0.3613260761999011