0000000010
0.2953511442547804
0.47073512810864443
0.2697294153867203
0.3864468237950264
0.2324427872609723
0.3401977217528136
0.2202647692676084
0.39219375363459097
0.2896042144152157
0.5897786747853455
0.3119419833749527
0.7446721171279035
0.31597851742893307
0.8144562651797623
0.2986693120788151
0.9289843669825201
0.313173468340574
0.8649471487702254
0.262374713508706
0.7404303355796532
0.26220367393014726
0.749324393664694
0.32733554544521604
0.7735435979885741
0.2507440221667295
0.7598604317038963
0.19566927787089924
0.7437142954879757
0.1750761126124582
0.6332911435706221
0.18896452639140687
0.5663804604385447
0.1495227995758218
0.5141107652310742
0.07939657236684572
0.5673382820784727
0.07878082988403495
0.574864023535046
0.19864536653781675
0.5896418431224985
0.3208360414599941
0.5755481818492797
0.4063216228235213
0.560359867273287
0.41330003762870693
0.6037355043957163
0.26750590086545983
0.48824958095303234
0.10416310334211337
0.40779256319912394
0.0
0.42298087777511734
0.0008551978927923912
0.3941093969144459
0.08394622515650124
0.5043957171689529
0.05551944720008191
0.4711456230971848
0.08784592754763455
0.36414326275100056
0.21496254233229534
0.4203810761810282
0.24359456778298483
0.3968460301713816
0.15386720487120714
0.21718605685355605
0.1589299763965381
0.4560941401840387
0.2983272329216981
0.32747237710806304
0.4072452365477373
0.41477097800430984
0.41976533369821795
0.547771354291383
0.43680087572264237
0.5476345226285355
0.4427188451407654
0.49837512400369477
0.41442889884719314
0.39985632675401056
0.34679984948517084
0.25823555570759055
0.386686279205008
0.13029795094584834
0.5498580371497964
0.1512331953614061
0.5132897752539938
0.3910991003318167
0.45605993226832675
0.3660589060308555
0.3022269353128317
0.3295248520507648
0.2827284233571649
0.28272842335716464
0.2422604590702287
0.19064071426127996
0.22255669962029176
0.26808743543255914
0.20620531591010174
0.20363972223172458
0.2846098587213082
0.12140389286080773
0.3747135087059145
0.07282865255020016
0.4624226045907019
0.07857558238976478
0.5229021995689803
0.14028666233366374
0.557896897342045
0.12728765436321987
0.6285704512024084
0.07228132589881328
0.6769746519344575
0.17230527143981136
0.6980125200971503
0.140423493996511
0.612595354565046
0.09677419354838711
0.5313515547497689
0.14849656210447068
0.43820340026682164
0.103615776690726
0.4446686963363319
0.17928368624499652
0.4496972599459516
0.268224267095406
0.38247870557246966
0.25385694249649327
0.33715321725447267
0.3133787158348442
0.3760134095029589
0.4322854308486983
0.5113057161427152
0.3534703930489515
0.5244415557760068
0.5027537372147913
0.6044538706256627
0.4569151301611191
0.862484178838983
0.5183525467793245
0.767420381076181
0.5366879896007931
0.8462012109602156
0.4860602743474841
0.7905107241815753
0.48592344268463705
0.7918790408100435
0.5786953100947552
0.7557896897342042
0.5396982861834231
0.6265179762597062
0.4660828515718536
0.5970649608319365
0.3813840522696949
0.6220025313857623
0.3184414873601747
0.5929258030308213
0.2913488181165117
0.504703588410358
0.2913488181165117
0.47278760305134593
0.30763178599527935
0.46293572332637756
0.3100947559265209
0.4617042383607565
0.34211336503266854
0.36106455033694795
0.3470393048951525
0.36934286593917803
0.8691889303184755
0.418157561659768
1.0
0.5058666575445556
0.43365374747716634
0.5268361098758253
0.4127185030616081
0.5817398145930965
0.47333492970273305
0.6726644545547836
0.46567235658331324