0000000010
0.11948529411764702
0.15766073871409028
0.1298841484268126
0.15757523939808482
0.11790355677154579
0.15573700410396718
0.11503932968536253
0.14577633378932967
0.12695579685362518
0.2299931600547195
0.12635730164158687
0.29651162790697666
0.12902915526675782
0.3081822845417237
0.12737260601915187
0.29599863201094395
0.22762055403556766
0.2619271545827632
0.23929121067031464
0.20866108071135436
0.25485208618331046
0.2656036251709986
0.2584109952120383
0.41839090287277697
0.2407981361149111
0.49495554035567707
0.24574640902872777
0.5027787277701777
0.22747093023255816
0.5214603283173732
0.22637012653898764
0.49572503419972624
0.21979736662106691
0.43010430916552667
0.1760217168262654
0.42523084815321466
0.18953060875512995
0.42215287277701774
0.20157532489740065
0.3819681942544457
0.27037021203830375
0.3629445964432283
0.3452034883720929
0.3705540355677154
0.3255493331053351
0.34225376196990404
0.25510858413132687
0.2935191518467852
0.21381241450068403
0.2888166894664843
0.22875341997264023
0.3127137482900137
0.26148897058823534
0.13735465116279072
0.2646203830369357
0.0902017783857728
0.23188483242134064
0.2016501367989056
0.1729330540355676
0.13359268125854984
0.16577248632010938
0.03761969904240761
0.30112859097127215
0.050359097127222995
0.31801470588235287
0.18121580027359765
0.32180873803009574
0.23717510259917915
0.4388466142270861
0.05903727770177839
0.424001795485636
0.03582421340629271
0.28620896032831733
0.038047195622435054
0.17391629616963067
0.005771203830369389
0.11198272913816687
0.0
0.12755429206566346
0.2464945280437755
0.1545400136798906
0.573101915184678
0.13054676812585497
0.5918262653898766
0.12089603283173735
0.4744784541723663
0.1358691005471957
0.3639278385772915
0.12086397058823527
0.3767954856361147
0.053244699042407674
0.4218536251709985
0.025671169630643
0.4655865253077975
0.07356147400820799
0.5159883720930232
0.09539586183310533
0.6036251709986318
0.11059336525307799
0.6735208618331054
0.11044374145006841
0.7212294801641581
0.09974563953488372
0.7943313953488371
0.12910396716826264
0.9514791381668944
0.15627137482900136
0.9766586867305062
0.19090928522571812
0.9886713406292743
0.22874273255813957
0.9978197674418599
0.2558567031463748
0.9929035567715454
0.27403599521203836
1.0
0.3672836867305061
0.9811901504787962
0.44089859781121743
0.972640218878249
0.4288859439124487
0.9576778385772909
0.49199512653898764
0.9578488372093023
0.5280010259917919
0.9566945964432282
0.5451863885088919
0.9519921340629274
0.626517612859097
0.9485294117647055
0.661828830369357
0.9554121067031461
0.8031271374828999
0.9524196306429547
0.9161465458276333
0.9315150478796166
0.9375854993160051
0.9478026675786589
0.9576671511627904
0.9502821477428179
0.9630215458276334
0.9527616279069765
0.9444895690834473
0.9566945964432282
0.9389641757865936
0.9658857729138162
0.9420421511627904
0.96827975376197
0.943923136114911
0.9432712038303691
0.9492668433652528
0.9560106019151842
0.9706737346101227
0.9349350205198351
0.9710798563611488
0.9373717510259914
0.9746280779753761
0.943613201094391
0.9844391244870038
0.9247606019151845
0.9905843878248972
0.9202291381668941
0.9863842339261285
0.9334815321477425
0.9950089774281806
0.9416467168262653
0.9915676299589602
0.9408772229822154
0.9854864911080709
0.9078744870041034
0.7924397229822161
0.7658173734610121
0.8624102257181941
0.9051385088919288
0.4823657660738713
0.5075239398084814
0.5534050102599177
0.5646802325581395
0.7869143296853623
0.8021545827633376