0000000010
0.5773006585550962
0.09792640830415954
0.5393541753372344
0.06394594462261624
0.514064680392685
0.11036306215878777
0.477146424462017
0.14444145224863522
0.5124978578598185
0.11819717482312043
0.5718412612921393
0.09224667662251838
0.6254314882365904
0.20084706343183084
0.6713834553333174
0.3066075844003233
0.5893700883785834
0.10086420055328431
0.5261341102161728
0.0958699537297721
0.4853232795554143
0.04720052880260481
0.46835752931671853
0.08519597522461882
0.5721595221191278
0.22885401620682078
0.6384312189389676
0.14728131808945594
0.7085465272847458
0.09430313119690573
0.7666903322153406
0.047788087252429674
0.843758415550714
0.054153303792200035
0.8654980781942371
0.047494308027517376
0.775063040125346
0.043577251695351
0.6802213136827676
0.03760374078879728
0.5697113619115239
0.09430313119690555
0.5573236712610474
0.09694714422111794
0.6587999118662325
0.09978701006193856
0.8207946728033886
0.14081817514138134
1.0
0.16774793742502525
0.7425514725683648
0.23502337992998282
0.37388302690528086
0.24755796019291493
0.3815702499571574
0.30670551080862757
0.4510490366489582
0.22856023698190828
0.48561705878032696
0.20016157857370198
0.5051778588390826
0.26822043234509263
0.5000122408010383
0.3081744069331899
0.43501358728915224
0.3228633681788137
0.36151981785688075
0.3218841040957722
0.2777192939505962
0.4302886380884764
0.25568585208216044
0.5458417998873845
0.23091047078120822
0.5060836781158963
0.22038338188851098
0.3742747325384976
0.2040541533037923
0.17861776874678703
0.20696746395084115
0.09469483683012227
0.19428599407545252
0.07315102700320712
0.279996082943668
0.03388253727323923
0.24733762577423077
0.01831223835287771
0.2559061865008448
0.06218326927314119
0.29368129850417424
0.031140597840722675
0.338458148701251
0.02849658481651055
0.30638724998163885
0.04220628197909259
0.33488383479814937
0.08313952065023147
0.29417093054569515
0.10125590618650095
0.28418243689867073
0.0985139667539844
0.2820280559159792
0.11741376355668734
0.2664087937914658
0.13837001493377743
0.24469361275001836
0.128283594878449
0.23323622297843172
0.09469483683012227
0.23837735941440027
0.0852939016329228
0.26065561730359654
0.0809851396675397
0.2536538791098491
0.05983303547384145
0.2348764903175263
0.031434377065635066
0.2283643841652999
0.010869831321761777
0.22177883320684516
0.0004896320415208858
0.26325066712365675
0.0
0.33057507283276627
0.0380933728303179
0.3465125957842683
0.09655543858790121
0.35451807966313326
0.15648640047004683
0.34166523857321235
0.18410164761181969
0.31924009107155976
0.2273851200822581
0.33028129360785374
0.20407863490586828
0.3377726638431221
0.10282272871936732
0.33042818322031003
0.016941268636619745
0.26075354371190057
0.020564545743873376
0.22963742747325394
0.05728694885793322
0.27421842485372266
0.08509804881631465
0.4005434915660884
0.10301858153597582
0.41564864004700475
0.09067985408965165
0.40441158469410265
0.0842167111415773
0.263471001542341
0.14130780718290223
0.24577080324136422
0.2081915440546428
0.3292285847185842
0.23375033662202865
0.40901412588439795
0.2590153499645015
0.32822483903346655
0.28486792175679965
0.37630670551080864
0.2975983548363406
0.399735598697579
0.2825176879575002
0.3799299826180626
0.27292089994369223
0.5239307660293293
0.2487330770925652
0.47903150782187187
0.21406712855289245
0.3638700516561806
0.16725830538350436
0.4062232232477296
0.12896907973657804
0.39444757264915425
0.09430313119690564
0.4101157979778199
0.06002888829044977
0.34560677650745475
0.010967757730066027