0000000010
0.8874795303783061
0.8948624718976379
0.9346221099669714
0.9472091925948541
0.9378556163090844
0.9550362208221149
0.9304310416608843
0.945710399955591
0.8847733770018598
0.9500957561963974
0.8681201254544949
0.9516500596741516
0.8933914346776207
0.9531488523134144
0.8741430514307922
0.9533153848288877
0.8402675622415277
0.9548696883066418
0.8468317188931136
0.9614199672486056
0.8600710538732689
0.9656943018124291
0.8465541647006576
0.9661383885203588
0.8368536456743181
0.9720225374004269
0.8758777651336425
0.980016098143162
0.8799716894723694
0.9832357267756525
0.8594326792306197
0.9887868106247745
0.797579727441783
0.9940603402814402
0.7613033944877736
0.9967803713675091
0.7526159482638988
0.9955036220822113
0.7800799356074274
0.9952815787282459
0.7754309028837879
0.9966693496905271
0.7096921924005661
0.997890588137333
0.6909156512809125
0.9988897832301757
0.6333370340558996
0.999777956646035
0.5796858086541398
1.0
0.5271170446029588
0.9963362846595796
0.56473951539038
0.9978350772988426
0.613339254489439
0.9960587304671233
0.6497543645396765
0.9879541480474057
0.6326986594132504
0.9784617946654086
0.6609397984956566
0.9735213300396901
0.6705848066835051
0.9705792555996556
0.6191262594021483
0.9666379860667798
0.5903022565155847
0.9645285742041134
0.5476838102639541
0.9643620416886401
0.5528463182436372
0.9653612367814817
0.5286991034999584
0.9641955091731665
0.3221710288933915
0.9668045185822526
0.17458158705487248
0.9680812678675513
0.14055344305975717
0.8636653806655745
0.1099253379222293
0.7578062116628275
0.02921257875600218
0.6521690860140438
0.05193038940853217
0.49179827361292283
0.0408559771295344
0.378778206444808
0.04292375586333237
0.4067001582058899
0.0
0.44189402980932024
0.023494962391406898
0.578395181659219
0.04816953010075202
0.620416886397069
0.11995892197951648
0.601154625440617
0.14339837353243218
0.6021538205334591
0.15816425657109545
0.7024619056870856
0.15977407088734089
0.8903660939798489
0.16661578173138297
0.9362180465735933
0.1818118737683534
0.9806267173665658
0.19356629381886825
0.9921174609342475
0.19248383246828943
0.9788503705348469
0.20204557439840137
0.9880096588858976
0.2078325793111103
0.9856782036692664
0.2465513891587333
0.9757972744178305
0.26939409919786844
0.9059646395958806
0.28162036137555857
0.7752921257875598
0.2771794942962614
0.6354603236281886
0.2835354853035053
0.6033750589802657
0.28536734297371563
0.6235254933525772
0.30406061783563243
0.5534153043381721
0.3244886064003998
0.42246523633739486
0.32199061866829504
0.34258513974853577
0.2896416775375392
0.3585167503955148
0.30206222764994867
0.4232978989147631
0.3220183740875406
0.51039440450748
0.3601265647117598
0.6298537289405756
0.31142968164534124
0.7314940742179905
0.2921812983985123
0.7629687196425102
0.3428071831025008
0.7618029920341941
0.4057703516611618
0.7691859335535259
0.39754086985483916
0.7758472341724718
0.36787032668128455
0.8036581642565707
0.4172333398095978
0.8073218795969913
0.49369951983124694
0.7425962419162344
0.5606594687612755
0.7020178189791556
0.5303921840739401
0.735379832912376
0.5195675705681533
0.7262760553998163
0.48202836603846894
0.6296871964251017
0.4720086596908046
0.5193316495045655
0.4533570179577562
0.44516916928030215
0.4851230952843542
0.39898415165561035
0.505231896527797
0.34153043381720266
0.3438757667434567
0.10610896777595814
0.3521468816786476
0.19326098420716625
0.5171667268034082
0.5105609370229538