0000000010
0.8471123023706466
0.8180994983429019
0.8255428581777353
0.8512776862198232
0.8802542695184453
0.7974536827426341
0.8805259249868701
0.820200300632052
0.8967709219986597
0.9101001503160262
0.888385823206621
0.712914500968904
0.901570168607494
0.7976710071173733
0.9251498632667476
0.7939040512885521
0.8861039172718546
0.7942662585797854
0.8160168064183131
0.8322980241592265
0.7874748718691706
0.8391075212344026
0.8745857254106524
0.8131010377238893
0.8901787492982233
0.9061158701124654
0.8601336544904651
0.8174475252186828
0.8881322781027583
0.865258887661408
0.868554974011627
0.9078544651103828
0.9237915859246247
0.8464241085173047
0.8834960247749786
0.8025245848198926
0.8612746074578478
0.7556549613343719
0.8710723146856945
0.8892370103410183
0.8248546643243928
0.8417878551895251
0.8067442997627544
0.7713747577738742
0.85366825434196
0.8322255827009799
0.9125269391672856
0.7960772950359487
0.9020591484506584
0.7685495409022581
0.9206766032200229
0.7994096021152902
0.9848959559555934
0.7751417136026946
0.9877936142854553
0.7068294184761937
0.895756741583208
0.7364579748990344
0.8180632776137783
0.7778220475578174
0.8475469511201259
0.7066120941014545
0.8977488816849885
0.8770668453555974
0.9025119075646991
0.912490718438162
0.9302026549794445
0.9474075013130018
0.9258018363909666
0.8476556133074961
0.9067678432366845
0.7254468732455582
0.8587934875129037
0.6695945089374642
0.712190086386439
0.6891537026640344
0.5765072350906425
0.7255917561620513
0.3370338844920948
0.8380933408189504
0.27685314305376973
0.9246608834235831
0.2587065577630078
0.9811652208558961
0.21281489396381534
0.8911929297136753
0.14502779940960203
0.8196932104243263
0.06563196117137825
0.6253327779488203
0.04873499103536956
0.5515873734538277
0.08012025282068926
0.5736820182190268
0.11215748773022796
0.4176431171559485
0.05183186337540976
0.4298857235996159
0.01646232138652943
0.5115996885017293
0.02008439429885715
0.5816505786261479
0.06356737961135171
0.49073654852672177
0.018816668779542446
0.4464748175380769
0.0
0.5776662984225872
0.029900211891265405
0.7603636561203971
0.06784142564789829
0.841932738106018
0.12106778709455415
0.8740243041092418
0.11552601553869274
0.7338500824021588
0.08743684010359139
0.7382690113551981
0.09221797634786398
0.7868772298386361
0.1261567995363746
0.7881087346288275
0.15382943658655865
0.6790118985095174
0.17902095369179796
0.7652896752811631
0.22860713186156445
0.8550446420486443
0.2773240125323723
0.8969882463733999
0.31070141441947213
0.7111034645127404
0.33707010522121794
0.7120452034699462
0.3978484886900771
0.8439610989369217
0.4248691526160422
0.9022040313671515
0.45540322726696497
1.0
0.4788380390097252
0.9886991325135372
0.534871506963435
0.8966984805404137
0.549903109549595
0.840266584566347
0.6001593712081423
0.8785156745205285
0.6326674755962837
0.8396870529003748
0.679953637466722
0.8106380281435067
0.6697212814893965
0.835630331238568
0.6714417661227521
0.8593186880851913
0.6152996359816725
0.8433091258127028
0.5669811833312203
0.8864117934694027
0.6128004056721661
0.8132459206403824
0.5780103953492582
0.8057120089827402
0.5111831501168116
0.7580455294565079
0.5373888476375028
0.6879946393320896
0.5499393302787187
0.6983537678613471
0.4632269047575926
0.7121900863864388
0.5128855243856058
0.6549613343716607
0.45906152090841573
0.5808537225854358
0.3758081750185632
0.6392415379321587
0.38086096673126035
0.7725338211058191