0000000010
0.3567690677966102
0.5666525423728811
0.32065677966101697
0.6352966101694915
0.35009533898305073
0.7853813559322027
0.3846186440677966
0.6672457627118643
0.3597775423728813
0.6584745762711864
0.35795550847457613
0.5269915254237287
0.34795550847457607
0.541186440677966
0.33184322033898317
0.5387288135593216
0.31865466101694917
0.49444915254237265
0.33869703389830497
0.39661016949152533
0.3419809322033899
0.3008898305084745
0.35289194915254235
0.3037288135593218
0.3852330508474576
0.3063135593220337
0.4008368644067796
0.21326271186440673
0.4146927966101693
0.21283898305084734
0.39003177966101693
0.2667372881355932
0.32672669491525425
0.2754661016949153
0.29650423728813546
0.2576271186440678
0.2934110169491524
0.20949152542372887
0.3177860169491523
0.19889830508474574
0.29324152542372883
0.1822033898305084
0.23329449152542375
0.14453389830508473
0.22034957627118631
0.24932203389830493
0.24048728813559322
0.3308898305084743
0.19996822033898295
0.352542372881356
0.1546716101694915
0.381906779661017
0.11796610169491523
0.3766949152542372
0.07386652542372872
0.42538135593220333
0.06462923728813559
0.3066949152542372
0.05078389830508468
0.23927966101694917
0.006504237288135585
0.2554661016949152
0.0
0.2636016949152542
0.018050847457627136
0.12415254237288136
0.04886652542372879
0.033177966101694836
0.03023305084745763
0.18249999999999994
0.004713983050847414
0.2150423728813559
0.025932203389830478
0.2149152542372881
0.015953389830508456
0.19546610169491524
0.014533898305084766
0.21364406779661013
0.012722457627118629
0.2013983050847456
0.026165254237288105
0.12228813559322034
0.039968220338983076
0.13855932203389829
0.025624999999999967
0.12826271186440677
0.020550847457627055
0.11999999999999993
0.01098516949152541
0.15605932203389827
0.008813559322033888
0.14114406779661023
0.019131355932203328
0.08826271186440666
0.04408898305084744
0.08733050847457628
0.05897245762711861
0.05372881355932197
0.07856991525423723
0.1332627118644067
0.07337923728813554
0.20190677966101694
0.07081567796610165
0.16177966101694918
0.07514830508474575
0.1522033898305083
0.040963983050847405
0.11389830508474577
0.0340360169491525
0.12644067796610173
0.054078389830508444
0.08661016949152543
0.04153601694915253
0.10360169491525427
0.057457627118643995
0.08525423728813553
0.07685381355932201
0.0703389830508474
0.10447033898305087
0.12783898305084737
0.1368644067796609
0.18932203389830515
0.18087923728813546
0.23559322033898292
0.19047669491525407
0.3241949152542373
0.19841101694915245
0.3466949152542372
0.19529661016949143
0.35957627118644053
0.17984110169491518
0.3891525423728813
0.19617584745762712
0.42211864406779653
0.21282838983050845
0.4578813559322033
0.23993644067796596
0.5082203389830507
0.2488241525423728
0.5595762711864404
0.24689618644067782
0.5826694915254237
0.2667478813559322
0.6278813559322033
0.28908898305084746
0.624322033898305
0.26272245762711866
0.6341101694915252
0.2605190677966101
0.6703813559322033
0.20663135593220328
0.6763135593220337
0.1752754237288134
0.6611016949152543
0.11226694915254228
0.602245762711864
0.08247881355932205
0.40652542372881345
0.08920550847457624
0.2964830508474575
0.11281779661016947
0.25
0.13276483050847457
0.1708474576271186
0.22027542372881345
0.15923728813559318
0.30594279661016943
0.2938559322033897
0.33974576271186446
0.23555084745762706
0.32222457627118634
0.3183898305084746
0.2914724576271186
0.5849152542372883
0.29480932203389815
0.799957627118644
0.38726694915254234
0.9499576271186435
0.4012394067796609
1.0