0000000010
0.7226748558535977
0.425503467869976
0.6922160942592125
0.5416562212751738
0.6549051558452411
0.5504303501295232
0.6023439458510905
0.5116570569064933
0.580220606668338
0.538146569733434
0.571488259379962
0.5217681958719814
0.5932773460349294
0.4912676527116241
0.5931311105540237
0.4720481323640015
0.579761009442634
0.49143477897551585
0.6261594384557536
0.41004428845993174
0.5992521099690817
0.4559204478983874
0.6094677028495028
0.44906827107880054
0.6143979276343281
0.48240996072532816
0.6310478816746055
0.5279518676359994
0.6099481908581934
0.5242750898303673
0.6190774630233141
0.48700593298236833
0.6123088493356734
0.5240244004345287
0.6242792679869645
0.5067268321216678
0.6311105540235649
0.5751650371855941
0.6286663324141393
0.5289546252193533
0.645608757416228
0.5177571655385649
0.6369181916938247
0.5444138046293979
0.6125804295144985
0.5155845241079634
0.6084440544831624
0.6006517924291807
0.6305673936659146
0.6465279518676363
0.6170928386395923
0.6039943177070277
0.618993899891368
0.6240494693741122
0.65346369181917
0.6391743962563721
0.651270159605582
0.6521266817080305
0.642015542742542
0.685468371354559
0.5937369432606338
0.6746051642015549
0.5397760508063844
0.6698420656806211
0.4930851508314536
0.659313111055402
0.47386563048383074
0.6297317623464533
0.4077671931143982
0.6797025152502713
0.3558744881758168
0.6679201136458591
0.2615526029915602
0.6778641263474549
0.14930642600484653
0.6306509567978614
0.10393164535806762
0.6524609342358155
0.16190356814573395
0.6742709116737698
0.16595638004512395
0.5725745800952621
0.09950279936492011
0.3463691819169382
0.04407955210161288
0.46695078131528417
0.026802874571738924
0.4197376117656889
0.0
0.5798445725745802
0.08093089328988058
0.635079802791009
0.14882593799615657
0.6685886187014283
0.1432480989387484
0.7337678616194534
0.14615191777387834
0.6258042951449824
0.15457090331745652
0.5598729840394419
0.15586613186262208
0.7280855686471135
0.19300994401270172
0.8047129606417653
0.22313445307930121
0.9143477897551607
0.23034177320965968
0.8435698169967406
0.2004470627559122
0.7132113311606919
0.2711623631653715
0.86003175399014
0.31066683379293086
0.9418400601654554
0.2810437035180079
0.965154173978441
0.30861953706024936
0.9068271078800041
0.36717640177153865
0.9244589287206482
0.4069733433609094
0.8911172390741205
0.40574078716470285
0.9750981866800374
0.4284908498370518
0.995654717138798
0.4245007102866218
0.9863792094927721
0.384954458093089
1.0
0.381758168296148
0.9444305172557862
0.38731511657056933
0.9157683629982458
0.4069733433609094
0.861034511573493
0.40227291718893676
0.8145734102114143
0.4191526698420659
0.7223197125428267
0.4652168463274005
0.6591459847915097
0.47963148658811716
0.611347873318292
0.454144731344531
0.5722403275674773
0.45506392579593874
0.5577839057407873
0.47867051057073606
0.4980362663992651
0.4849168546837134
0.49486086738531004
0.4825144146402612
0.49385810980195555
0.4959054065346368
0.42282944764769803
0.5121584356981701
0.4526614857524856
0.5071864293473721
0.4663658393916606
0.5163783738614525
0.379961560959305
0.5142266232138382
0.2546168630400268
0.5050137879167713
0.32714966156931563
0.4733224701261805
0.24918525946352507
0.4881340352636415
0.37352719979944876
0.5026949110052646
0.5648032088242672
0.47432522770953445
0.6201220021726415
0.4968663825520185
0.630149578006184
0.47942257875825145
0.6166959137628478
0.49128854349461065
0.5646360825603745