0000000010
0.8871402210108812
0.9222007762954169
0.8136254692769425
0.914565083674465
0.8595032557744926
0.806816976689927
0.883449636244088
0.8017265149426264
0.8654421278130108
0.8680721997157826
0.864042250832503
0.8283665980868352
0.8587821070269586
0.9020934523935779
0.8600123019492227
0.9938066048741174
0.9534222750121966
0.9202494326256181
0.9121259040872173
0.7894245657199825
0.8591002608861646
0.7910365452732943
0.8906187032048699
0.7818737141281528
0.9175133094364438
0.7452223895475854
0.9091140475533969
0.7666871699153709
0.8888794621078754
0.8156404437185827
0.8359810804505059
0.70212314675377
0.8211339003542114
0.723078880946826
0.8446772859354784
0.8600123019492233
0.8630029482257624
0.9147347657327087
0.8583579018813499
0.8052049971366156
0.8374870087174158
0.7106072496659379
0.845865060343182
0.6823551869684183
0.806901817719049
0.7489553948289397
0.7306721530532166
0.7391986764799461
0.6854306742740788
0.6983901414724162
0.6286932360489534
0.7266422041699364
0.5767917364837637
0.8073260228646575
0.551360638004539
0.7561668823042828
0.4741128809892465
0.733259804441428
0.4573779879949943
0.7319023479754807
0.429847074045008
0.6049801684094427
0.36085010711179927
0.5692620951492143
0.33005281354062826
0.5560268946062317
0.2676946571361911
0.6893121513563965
0.2279042144781212
1.0
0.21793539355632388
0.8170827412136507
0.11818355356650455
0.7804314166330832
0.11305067130464257
0.7175642140539163
0.08725899845165103
0.6712410121534775
0.08102318281120731
0.6932148386959939
0.08144738795681557
0.8082592741849962
0.03317284238657798
0.8125861666702021
0.0
0.7823827603028829
0.07262392092816082
0.6659808683479329
0.09461895772795689
0.563917110314548
0.05336500731753874
0.7244363374127729
0.06208242305979153
0.77067469828409
0.10861772753303477
0.7028867160158648
0.1592041911468387
0.6249178102530376
0.2028973211445054
0.6637750015907694
0.14868390353574967
0.6838823254926081
0.15935266294780148
0.6657263452605678
0.1935435976838398
0.6238997179035777
0.23503086092434292
0.5458459711116297
0.22516809128894724
0.6048953273803213
0.22241075784249253
0.7536216514306323
0.24775701529259522
0.8286211211742003
0.28491738604789263
0.8909792775786377
0.30197043290135095
0.8822406515791037
0.2697732623496722
0.7241818143254076
0.21937769105139235
0.7135766856851972
0.23189174284684064
0.6720045814155724
0.244511845928691
0.6227119434958741
0.3929412263770758
0.6827793921140262
0.4407703565444248
0.6076950813413365
0.44982713640316435
0.6479097291450144
0.40242221138142403
0.7030563980741091
0.38823254926082235
0.7013595774916751
0.3532568350054088
0.610579676331474
0.3521751118841073
0.5648503616348866
0.43534053068063694
0.44505482851507
0.39569855982353064
0.5712982798481347
0.28635968354296126
0.6778586124249688
0.28056928330540637
0.643752518718052
0.28052686279084554
0.4893418457165882
0.314760218041445
0.3735338409654909
0.3288650391329247
0.2640040723693977
0.3000402994888328
0.3222898593759941
0.26754618533522784
0.2915774068339446
0.28447197064500396
0.3452817782679705
0.33367976753558004
0.3815088977029293
0.333828239336543
0.4044159755657831
0.2999978789742718
0.3745519333149514
0.22817994782276713
0.3865145184211084
0.2301949222644068
0.36589814834453954
0.31942647464313745
0.2779180011453539
0.345557511612616
0.19451926951873902
0.37991812840689754
0.1084904659893524
0.4023161600950219
0.1470931342397181
0.34070036269539966
0.03332131418754062