0000000010
0.9661854959504775
0.9686642541853899
0.965178086186556
0.9709972031123664
0.9666229238742859
0.9739133892710856
0.9676303336382074
0.976034251931973
0.9689558728012619
0.9806471282194033
0.9707188398881246
0.9826619477472462
0.9661457297755862
0.983457271245079
0.8986095094179559
0.9844116594424779
0.8440238066833687
0.9815484948502804
0.8133773412335464
0.9809652576185359
0.7952041993080687
0.9782081361593828
0.7691838655373073
0.978950438090693
0.7023104147612044
0.9337230418472715
0.6656990230776367
0.8888137750029822
0.6515952863827363
0.9049323312257258
0.7022971593695736
0.9267772166328652
0.7456953115679805
0.9672326718892906
0.7945016635516494
0.9788443949576491
0.7783035749791225
0.9621426015031611
0.6884982966821755
0.9520685038639467
0.5863522487771902
0.9551437547222333
0.5083177582481675
0.9213690168476024
0.5200620352328308
0.8409353004334512
0.483795283731658
0.7658567622380396
0.4396018080354184
0.7480415158865861
0.4688034357975106
0.7118277859519359
0.5527630863853873
0.6460810434644283
0.5515038241804853
0.6036637902466826
0.524754443870044
0.6105565938945664
0.43114486817513004
0.6377036359539242
0.365610211953712
0.6254556540873
0.3474768362031257
0.5924762397105019
0.32886626635383953
0.5237602894977533
0.3059476942246256
0.39608435731233643
0.29413714028180976
0.37042191911560013
0.2852030063228216
0.3223843798465027
0.27345872933815846
0.28208798928964335
0.2420567065653955
0.2179849153643241
0.20809639320793719
0.20541880409856694
0.1873649606977641
0.20578995506422243
0.18554897204437892
0.132355085430999
0.18352089712490574
0.08463567556103455
0.19936109012340755
0.08193157566840303
0.1988838960247081
0.09184660860805112
0.2186079187709601
0.0961943770628703
0.22340637054121767
0.07859121697750522
0.18674195729112786
0.11777415463739872
0.17746318314974605
0.1490038573189644
0.16290876313940678
0.19057276547235558
0.14130247478161745
0.17302262695351334
0.1221749446587398
0.16925809573043835
0.10544664042099121
0.30085762383849624
0.11883458596784258
0.3302845932583079
0.1800877506925941
0.43261621664612077
0.24165904481647912
0.6246073090229453
0.23532296761707808
0.9102875094444659
0.2623507111517612
1.0
0.25285985074429024
0.989660794528174
0.20419930806855674
0.9892366219959965
0.15585689479195663
0.9884412984981638
0.10948953486830765
0.9898198592277405
0.05356503757903521
0.9904030964594845
0.012791452923476707
0.9812833870176695
0.0
0.964899722962315
0.00922575257485991
0.9781551145928606
0.04978725096432978
0.9839344653437783
0.09341074482045571
0.9878580612664202
0.15290094245834515
0.9871687809016317
0.15833565302686858
0.9889184925968638
0.19859227740883592
0.9872748240346761
0.23410347158706807
0.9870627377685874
0.2507654988666638
0.9847828104081335
0.22038414124945305
0.9822907967815909
0.2012831219098367
0.9813364085841909
0.26225792341034715
0.9786323086915604
0.33203430495353975
0.9765644675971952
0.3948383504990655
0.9760872734984956
0.4275261462599914
0.9741254755371748
0.49535398523349344
0.9735422383054307
0.596187749367055
0.9747087127689188
0.6436685621876698
0.9725348285415093
0.704908471520791
0.9719515913097653
0.7265545260534723
0.9710502246788881
0.7748969393300726
0.9707851168462777
0.8818281836136846
0.9689293620180005
0.931363582137034
0.9678689306875572
0.9561246537028933
0.9651648307949259
0.9684124017444092
0.9663843268249361
0.9694860884664834
0.9637332484988274
0.9709706923291045
0.96601317585928