0000000010
0.8185421868607784
0.9041855347242792
0.5996586115930989
0.7855742237645829
0.6627872529518813
0.8642910547773212
0.6669064849690354
0.8679588641076644
0.6704050107918236
0.8952699366597537
0.6246702498342435
0.9088126172640962
0.5804026126088
0.9621369221436933
0.6019721528630073
1.0
0.6141746723658783
0.9666511490118076
0.6269978980631143
0.8003583167576568
0.555052407352547
0.8425099101386716
0.5184589558028977
0.9099976018169764
0.5754651769718002
0.9501742209431914
0.5609632231579839
0.8760280446344185
0.5325800217247166
0.8395756626743974
0.5188821645717834
0.8192616417678843
0.5527388660826387
0.7891291774232231
0.5598346664409554
0.7040924287951247
0.5251738682692171
0.6807877325884858
0.5000211604384444
0.8027847136992676
0.4724702695839859
0.8833072354592522
0.5319452085713882
0.8451620184236883
0.5823634799046372
0.7487832747894541
0.49470283690944733
0.6788127583336864
0.503773611522564
0.6671886241482925
0.5482951740093389
0.6795463201997543
0.4692115620635659
0.5588471793135554
0.37545671279642245
0.5866096745524567
0.3226120445215625
0.6331062112940313
0.36486238661531734
0.6143721697913581
0.47684342686247116
0.5659006587949836
0.4654026831435947
0.6183221183009578
0.41422263602635173
0.631582659726043
0.40213297219518385
0.671251428329595
0.4399678361335647
0.63225979375626
0.40344491937872945
0.7373848519474655
0.37483600660205685
0.7283563982112373
0.35866943163062337
0.7408269499344025
0.2779353054861963
0.836246420359163
0.2217896088140281
0.7369334292606543
0.17800160819332173
0.6661164952671152
0.16464231805549676
0.666511490118075
0.16843709001650511
0.6347426185337226
0.15593832437541444
0.6128486182233693
0.17779000380887883
0.5984030922454047
0.20180004796366052
0.646592464062522
0.1661517626645224
0.5779197878313372
0.1789185605259074
0.5559129318492813
0.1898937745990097
0.6316955153977455
0.17935587625375599
0.7509275325518081
0.1651783824960853
0.7763764865208007
0.1468534428033348
0.7549903367331104
0.11993736510220494
0.7614231100201728
0.09173755413545508
0.7224314754468376
0.0676146543089706
0.713741588725718
0.06765697518585917
0.7185943826089408
0.07011158604539612
0.7224314754468376
0.05307037961826574
0.7147008619351923
0.058205312680745455
0.6701228716125662
0.05173021851679433
0.6824805676640285
0.08884562754806953
0.765824481216584
0.07176210024405037
0.7826399763003091
0.04809062310437729
0.7345070323190432
0.01261162131279364
0.7075909546179131
0.0
0.6723235572107722
0.010157010453256581
0.7654859142014752
0.014981590418553457
0.7868720639891654
0.0233893379604159
0.7149830011144497
0.03576114097084093
0.8835893746385088
0.1002299434310946
0.9483685301959455
0.1170454385148194
0.8290236573701802
0.1506764286822689
0.7473725788931677
0.1915301818387011
0.6710821448220411
0.23160805225217593
0.5749291125312119
0.19109286611085244
0.5047893125678896
0.14154922623330093
0.42804745580995107
0.12921974409976444
0.37528742928886827
0.1717240114548506
0.5472230451281618
0.21885536134975375
0.5117863642134666
0.268723461283451
0.26361674213889713
0.3092386474247747
0.17231650373129057
0.2918588739825355
0.26372959781060007
0.31987529448276836
0.1395883589374639
0.3635927603086602
0.14743182812081204
0.3124550340683058
0.21582236517273976
0.37652884167759954
0.37562599630397664
0.49440659077122734
0.37839096026069646
0.5906724787337594
0.4764625389704741
0.516850762481132
0.5842961332825483
0.7649216358429614
0.794320538321554