0000000010
0.2774672550255656
0.6707851789591648
0.29675702178328783
0.6892764586397706
0.3266232401765077
0.6141906563003432
0.38485676262520135
0.4869930657701199
0.42101281781886934
0.4535406598024792
0.40460881137493876
0.5319324788120756
0.4421377039994396
0.5315962737269735
0.49273656930727755
0.5481263570778175
0.4741612383553969
0.586341668417735
0.43203754290116975
0.5610142186733904
0.4409329691111579
0.49976885900399254
0.47640260558940967
0.4523079078237723
0.49308678293759206
0.4299502696644953
0.526721299992996
0.42378650977096033
0.5686768929046718
0.4096098620158295
0.6101702038243328
0.4066960846116127
0.6268683897177277
0.4014849057925332
0.6817258527701897
0.39560131680325006
0.703649226027877
0.38495482244168927
0.7072354136022977
0.40226938432443815
0.7369615465433913
0.4519717027386707
0.7009735938922744
0.4505148140365624
0.6727323667437138
0.3819289766757723
0.6625061287385307
0.3414162639209919
0.6483014638929748
0.3407998879316384
0.5843524549975483
0.317713805421307
0.5563493731176018
0.2896967149961475
0.5040554738390417
0.3063949008895427
0.448161378440849
0.3412481613784409
0.4067241017020381
0.34180850318694417
0.41781886951040137
0.3578342789101352
0.4477271135392589
0.4843034250893044
0.4359319184702667
0.5181480703228972
0.45722490719338804
0.4553337535896897
0.435161448483575
0.3732436786439728
0.4607970862225959
0.3066750717937943
0.46270224837150675
0.3345240596764027
0.4414232681935981
0.361476500665406
0.45156545492750577
0.2283392869650487
0.46862786299642795
0.019107655669958708
0.45006654058975976
0.0
0.45830356517475657
0.009525810744554117
0.4453596693983329
0.06819359809483773
0.4223856552497021
0.29855011557049804
0.4587098129859215
0.3405197170273868
0.48880016810254245
0.1933179239335995
0.500819499894936
0.12899068431743366
0.5320445471737759
0.1092666526581215
0.5348322476710794
0.12288295860474892
0.5056804650837011
0.20256356377390203
0.5511241857533096
0.22525740701828106
0.5977586327659873
0.1268613854451216
0.5913987532394761
0.058051411360930213
0.5874483434895287
0.09296070603067873
0.6137143657631154
0.10002101281781876
0.6344049870420957
0.10568046508370105
0.6603348042305808
0.20474889682706446
0.6928766547594033
0.24458919941164112
0.7309939062828328
0.23876164460320776
0.8349513203053864
0.16574910695524267
0.8440568746935633
0.06130139385024854
0.8523779505498356
0.008461161308398064
0.8744414092596483
0.0275127827975065
0.941780486096519
0.055361770680114865
0.9873783007634656
0.09777964558380607
0.9888211809203614
0.08959865517965965
0.9266932829025705
0.09918050010506399
0.9512922882958608
0.08959865517965965
0.9612103383063669
0.19236534285914408
0.9600196119632981
0.19701617986972048
0.9975625131330111
0.1588008685298032
1.0
0.23960215731596254
0.9683687049099954
0.22340827905022065
0.9548084331442183
0.2644813336135041
0.9426490158996988
0.3190586257617147
0.9265531974504448
0.3400714435805843
0.9010716537087626
0.31323107095328145
0.8790502206345873
0.26089514603908365
0.8574490439167896
0.2109126567205994
0.8267423128108146
0.20261959795475215
0.8216712194438607
0.288688099740842
0.8362260979197312
0.2847096729004692
0.8028297261329411
0.2971492610492401
0.7750647895216084
0.31244659242137696
0.7833578482874554
0.28762345030468595
0.7618687399313582
0.2584296420816699
0.7110457379001192
0.24021853330531615
0.6924984240386637
0.24542971212439588
0.7073614905092107
0.1992015129228829
0.7283322826924422
0.13111998318974583