0000000010
0.5345742831312732
0.048958019425577766
0.5371009990959457
0.04923618999049591
0.556897470965947
0.04256009643246258
0.5281995410185678
0.044229119821970954
0.5168640904981571
0.051554278031479744
0.6078258652263614
0.05266696029115184
0.7123716358747304
0.043116437562298694
0.8823106701592525
0.025962586059018616
0.9877373142631958
0.011868610769837067
0.8730383179953174
0.0
0.7754931732307191
0.01761746911147683
0.5691137949419317
0.06360833584459546
0.5235633649366004
0.09671063306984401
0.6719673613203828
0.11729525487378017
0.7122325505922713
0.14427779967083157
0.7389369248244048
0.14863580518788108
0.649922344050627
0.11052643779410741
0.5785715941491456
0.06982081179443204
0.5567815665638981
0.0520178956396765
0.5691601567027514
0.04014928486983944
0.593152367926934
0.033473191311806066
0.6272978047706251
0.028837015229838437
0.6134588191659519
0.025869862537379266
0.5584274090729965
0.03773847330721625
0.5007997403741393
0.046732654906233365
0.45833236746331624
0.11182456709705839
0.36718514569183325
0.40538723660724635
0.2885092375808433
0.4233755998052806
0.28359489093395773
0.42745543475741177
0.29472171353067994
0.43867498087577383
0.32084656575256737
0.4109506479056073
0.3584691346577343
0.37775562715871935
0.3676487633000301
0.321750620088551
0.35686965390945535
0.24720090869051206
0.37752381835462107
0.1616170982173903
0.40835438929970547
0.12758756577574823
0.45404390458749605
0.13509817102853575
0.518718560930944
0.13250191242263373
0.5749090150443914
0.11701708430886212
0.625026078490461
0.15132478731542232
0.6083126637149677
0.24840631447182365
0.5957254456524257
0.30663668606133665
0.5784093279862769
0.271679918403301
0.5463501703794711
0.26454020723707067
0.5380050534319294
0.4925473469482372
0.5172118037043048
0.5466051600639791
0.5068267692806971
0.45990866733118485
0.5043000533160249
0.3872134263659334
0.5142446510118454
0.3343610190315028
0.5199471475926656
0.32499594334592846
0.5244674192725839
0.366536081040358
0.5225202253181574
0.36718514569183325
0.500452027167992
0.408725283386263
0.5105357101462713
0.46343216115348024
0.49818030088782767
0.4485963976911839
0.5064095134333203
0.45907415563643106
0.5349683580982406
0.5071049398456152
0.5354087948260273
0.6298708824961173
0.5605368691902919
0.7262106214794034
0.5843436333711954
0.7862027399800641
0.5772039222049652
0.7515241428869468
0.5202716799184032
0.6612114328102179
0.4958853937272539
0.59936484387677
0.5164004728899603
0.5031178284151233
0.6013583995920164
0.4888384060826631
0.5954936368483275
0.5181390389206982
0.5399754282667655
0.5682097406059482
0.5435452838498804
0.5996430144416887
0.516609100813649
0.6238438535895591
0.4850367416954495
0.6432230696121835
0.44386749808757753
0.6753981316210387
0.5644544379795545
0.7118384756253041
0.7683534620644892
0.7320522033426827
0.8297132525093301
0.7678434826954729
1.0
0.8098472379980992
0.9619369943670459
0.8480493289135118
0.7950578362966224
0.8881058902617117
0.7900275852476876
0.909617747282042
0.9155288717865502
0.8954310484712203
0.8716474651707272
0.8753100442754815
0.8646468392869561
0.8589907044669555
0.7408609378984212
0.861494239551218
0.5994807482788196
0.7987204154013768
0.568487911170866
0.7028442940262868
0.5355015183476666
0.611604348733165
0.4723336192308583
0.5698787639954562
0.3060803449315006
0.5084957926702055
0.277405595864531
0.440344004265282
0.28125362201256415
0.39945293122232767
0.2667655717564153
0.3512366999698649