0000000010
0.5578554247373085
0.7757944043549821
0.5799943030763388
0.8508671983795414
0.6332605393087732
0.9201797695910872
0.6477085707051525
1.0
0.6764938599822762
0.9202430687428784
0.7052000253196606
0.7919989872135711
0.6754019496138751
0.7654766426129885
0.6419958222559817
0.7790226610963409
0.5924800607671857
0.9121407773135841
0.5327731358399795
0.9440435498164328
0.5378687175591848
0.8433345993163691
0.551921129256868
0.7515508292188883
0.5650557032535762
0.6500189897455374
0.5631883782757311
0.6891378655526015
0.5654513229522723
0.6842638308646666
0.5406697050259527
0.5855171540701357
0.511678693505507
0.6413470059501202
0.5291017850360806
0.7124952525636158
0.5655462716799595
0.7965565261425497
0.6035574123306745
0.9069502468666919
0.6061526775541207
0.9013799215090517
0.5968002278769464
0.7809849348018739
0.5895050006329915
0.7028104823395368
0.545417141410305
0.7121154576528673
0.505981769844284
0.678503608051652
0.4556589441701479
0.6435624762628178
0.40951386251424227
0.6414736042537031
0.4144195467780731
0.6616660336751489
0.4386789467021143
0.6771110267122422
0.44141663501709066
0.6001392581339408
0.47559817698442824
0.5622230662109128
0.523547284466388
0.517976959108748
0.5161254589188506
0.6046967970629193
0.4507374351183695
0.5772249651854665
0.39745537409798715
0.4801873654893022
0.41639764527155326
0.5142423091530569
0.46200468413723256
0.41783770097480677
0.5691701481200152
0.43340929231548253
0.6825389289783516
0.5426636283073808
0.6929674642359791
0.5713381440688695
0.6256646410938093
0.5547537662995312
0.6234808203570075
0.5160779845550065
0.5777630079756931
0.485567793391568
0.4834156222306621
0.4740473477655398
0.4228066843904292
0.6241929358146601
0.4194993037093302
0.6833143435877959
0.4167457906064058
0.6182428155462717
0.4088333966324851
0.587162932016711
0.42537030003797943
0.5581719204962654
0.40543106722369926
0.6000759589821496
0.41967337637675645
0.6464109380934295
0.4473034561336877
0.6437523737181922
0.4567666793264969
0.6266616027345235
0.45757374351183683
0.6029244208127611
0.4582700341815417
0.6172933282694012
0.4474775288011141
0.6296366628687178
0.46005823521964806
0.626471705279149
0.43727054057475634
0.6479301177364225
0.42506962906697054
0.6531839473351054
0.40677617419926565
0.6815419673376376
0.39512913026965435
0.6857197113558677
0.38911571084947455
0.6740726674262564
0.40253513102924415
0.6241929358146601
0.45557982023040877
0.526522344600582
0.4699803772629448
0.5141157108494746
0.4862482592733258
0.5223446005823521
0.5307159134067604
0.5219648056716036
0.5115995695657678
0.4994303076338774
0.4532219268261805
0.5627927585770349
0.47559817698442824
0.4869603747309783
0.48358969489808823
0.3834662615520953
0.457668692239524
0.40137992150905194
0.4597259146727435
0.4101152044562602
0.4577952905431068
0.3947335105709585
0.4811368527661729
0.4168882136979366
0.554294847449044
0.3012406633751106
0.48552031902772497
0.17919989872135722
0.4876566654006837
0.18768198506140013
0.5155399417647804
0.18584630965945045
0.535732371186226
0.17451576148879602
0.5254937333839728
0.17673123180149383
0.5247974427142678
0.15438663121914165
0.5211260919103685
0.10570958349158133
0.5201924294214456
0.08665653880237989
0.5156981896442588
0.09887327509811362
0.4834472718065579
0.09216356500822884
0.4705025952652234
0.033991644511963556
0.47624699329028986
0.007406000759589755
0.47871566021015305
0.0
0.45664008102291415
0.029624003038359308