0000000010
0.7942829163655012
0.6730163911492457
0.8038657930938001
0.6953997528503816
0.7914849961528599
0.7445498845857915
0.7789176711977429
0.8159901140152481
0.8131921938026065
0.7228193709342722
0.8513371727016252
0.6814101517871716
0.8689407540394974
0.49301685746928137
0.7912518361351397
0.4299703886777496
0.8025367809927956
0.45888223087504976
0.8840961551913076
0.4795868404485997
0.7962647765161233
0.368322879992539
0.6537340576837884
0.32467532467532484
0.472498775909907
0.4021777145655062
0.46757909953601146
0.19727669099302866
0.5669752150901161
0.3719601762689734
0.6740656112289868
0.3926647858425235
0.6436848609200495
0.34901723052530914
0.5779337359229637
0.3589032152766445
0.4800065284804962
0.47809461633519085
0.4301802326936976
0.6843946000139896
0.49140805334701204
0.8241040826319105
0.4205274079600831
0.8768915106437549
0.28683345379934255
0.8296999230571943
0.25862109165520286
0.6660215906176402
0.2974655506073819
0.5903844808692196
0.3753643125276877
0.4951619296323065
0.36517521975331685
0.5077525705891953
0.31905616824826866
0.45729674275455234
0.28233346545734345
0.4851826808738836
0.29926088274382695
0.5804052321107981
0.1856886381123365
0.7358763319266005
0.17158245704026673
0.9149432255356852
0.2424631024271957
1.0
0.34496024621697885
0.6585604700505957
0.3999160623936208
0.3992865303457762
0.400149222411341
0.5073795145608433
0.22313413695819453
0.6360838443423722
0.16925085686306496
0.754808925365478
0.09426659516426131
0.8135652498309588
0.10165776772599042
0.8704562941546782
0.15290633962088182
0.768332206393247
0.18799692228776607
0.9356478351092355
0.14768355522395038
0.9817202546107394
0.0693651052717481
0.8424770920282592
0.0
0.7056587936300682
0.053859964093357214
0.7618969899041708
0.22989577747207884
0.6542703257245451
0.3299913730793445
0.5147473711208004
0.30264170300076965
0.5285504441698332
0.28471169763808907
0.7143323462892576
0.3900767096458297
0.826249154794936
0.4528433864160974
0.5758352957634822
0.5072163025484389
0.47529669612254893
0.45111800228496807
0.7752337429177644
0.3867658373942038
0.7208608267854224
0.41511809554897533
0.5892653127841632
0.5261955279908599
0.686073352141574
0.5388094849495206
0.45337965445685396
0.52283802373569
0.2834526335424002
0.42453776026486967
0.3083541234349134
0.2902842220616009
0.3035976590734218
0.18827671430903042
0.18795029028422203
0.2688568164331181
0.125649933549395
0.41544451957378326
0.2086548998577727
0.47455058406584427
0.33101727715731255
0.47310499195597944
0.31404322786728534
0.4088694070740747
0.24754599081349557
0.31735410011891146
0.11361887663503434
0.3310639091608571
0.08685210660076018
0.28674018979225463
0.2888619459535078
0.25104339107929763
0.48891324115740636
0.2392454941826573
0.5478560936370632
0.3606985474130896
0.5877730886707548
0.5153069551633286
0.45692368672620026
0.667700342745226
0.523327659772902
0.7295110634428411
0.5390892769707856
0.7420550723961854
0.4299703886777496
0.7437804565273146
0.3853901932896548
0.698547413089603
0.3761570565879364
0.6660915386229566
0.45766979878290476
0.6273636596796381
0.6053999860103993
0.6248222154864884
0.785865839725804
0.6153559187670495
0.902445848585885
0.6100865023665742
0.741938492387325
0.6672107067080137
0.525752523957192
0.6067989461167199
0.5016904101284712
0.4788640443936672
0.5033691622560563
0.46214647112313184
0.5213691156240523
0.4358693371260697
0.6066124181025432
0.4413252815407213
0.644570868987386