0000000010
0.9637088364116708
0.9537438298069574
0.9640796273551019
0.9507775022595077
0.9633496326852217
0.9472549882969107
0.9603833051377723
0.9396537739565715
0.9579847512224513
0.9354823758429701
0.9520752705615165
0.9188894811244238
0.9512178165048323
0.9030381682927395
0.9233621468795624
0.8841741790456771
0.8693309540914467
0.8738383814975319
0.8371184908808604
0.7235753516720352
0.8245811221060926
0.5610762207133092
0.8053463419155987
0.4603137818358787
0.7774327362054182
0.40678083937799797
0.717851266482816
0.3481031725800098
0.6804940789321218
0.2734351463465503
0.6438205371833793
0.22694723181386314
0.6569025051563114
0.22055108803967458
0.6944798498296679
0.14319482746633908
0.708268638038516
0.13026349331417583
0.6659868832703761
0.26787328219508244
0.6304141271349446
0.3188570369168732
0.6043660633589023
0.28543950314013583
0.5405204977868416
0.3802692869226669
0.4689462584876363
0.4692591133461564
0.3959699659335822
0.4162823573034228
0.375020277629719
0.35704850409028766
0.3583462723922969
0.26694630483650444
0.3613937104586222
0.26170888276053855
0.3552872471089895
0.2971657667261476
0.3456119209288312
0.3500498250330236
0.3385784802206207
0.31440754559569883
0.30759426201015033
0.2808973140831036
0.2806192208755301
0.26940279483673624
0.2483604087970152
0.26954184144052296
0.21460684572779312
0.2948483233297026
0.15840884336400093
0.3371648397487888
0.09478343491460228
0.33920418993766094
0.05713656693935253
0.3124145442747562
0.031551991842599214
0.30360825936826497
0.023707445945632753
0.32821950823851137
0.015816551180737437
0.3487984055989432
0.0035456883965609945
0.37809089013000863
0.0
0.3824476837153254
0.015619568492039609
0.379759449375449
0.053023104910662505
0.3665036731477835
0.15614933605246692
0.39204189937660766
0.1679219485064079
0.44464786447591026
0.1418391230794189
0.5928251952446062
0.10869968251025466
0.6752798312901207
0.09815531505642973
0.648073045815856
0.08508493430047971
0.6337048967578969
0.0765335681675976
0.6337512456258257
0.06305763481726953
0.6625802414776019
0.056962758684619155
0.6716182707237376
0.04371856967393575
0.6646195916664736
0.03420546453152895
0.6417232509095966
0.039593520428263584
0.5982943616602165
0.044935227457069314
0.5693263192046535
0.046823943825172104
0.5841116080739729
0.047553938495052295
0.5881903084517162
0.05055502769344862
0.5827674909040348
0.048735834627239266
0.580264652035874
0.056116891844916715
0.5684456907140039
0.07164376260109848
0.5514820050520267
0.08128432713030993
0.5705313897708048
0.09498041760330012
0.5883293550555029
0.1061968436420941
0.6162777224166298
0.1227897383606405
0.6307849180783758
0.14860605779703834
0.6380616903432136
0.18018122407360207
0.6235081458135385
0.2236101133229821
0.6414915065699517
0.26197538875112975
0.6819077194039537
0.30209033394359336
0.7143055780862547
0.33622627517322906
0.7329378229936733
0.3761326504600125
0.7411415726170886
0.41978169683205496
0.7468424833723437
0.46208662603415934
0.8046858705476118
0.4890153183008505
0.8589603948923548
0.517693680331858
0.8837106903663874
0.5696739357141203
0.9015086556510858
0.6160459780769854
0.9131885703691688
0.6712706542142708
0.9329331881068808
0.6958819030845171
0.9393293318810682
0.7555908321939239
0.9483673611272043
0.8298533058330052
0.9624110681096611
0.8968505944242313
0.9750179601863225
0.8412667145604968
0.9792820560357816
0.815137540265579
0.9846585247155337
0.9280781441913281
0.9913791105652241
0.9848786818381963
1.0