0000000010
0.4270751652290801
0.4281953623837794
0.3697350733729135
0.39750196034502067
0.3906407527724879
0.34754116724543516
0.4278733057018035
0.3237369777080764
0.4639436540831185
0.37084126806317896
0.5019463425562897
0.3451887532205668
0.5015542735521451
0.3693850117620699
0.4609891340875993
0.4072476755909039
0.4448442925954968
0.4264030469362607
0.4411196370561217
0.39274112243754894
0.4388652402822897
0.394253388596393
0.41395485605466553
0.38966058026212597
0.4121065307494118
0.3997423546544191
0.40343900526492654
0.4084798924610731
0.37518203203763856
0.5162988686008734
0.3300800940965608
0.7245435196594598
0.29811246779433176
0.559258429483589
0.3387756245099136
0.4357566931779992
0.3897445950487285
0.5070572420746047
0.45772655987453775
0.5080094096560993
0.5590623949815164
0.6031141480900637
0.6139660580262125
0.5839587767447069
0.6115716366080429
0.45810462641424865
0.6110115380306932
0.45048728576229413
0.6328833874761958
0.47922034278032916
0.5890556737985886
0.5617228632239274
0.47833818752100354
0.4797244314999436
0.38572588775624506
0.4306597961241178
0.38938053097345127
0.5557858183040213
0.4283493894925506
0.7160300212837458
0.44522235913520763
0.7820096336955304
0.4623333706732383
0.7566931779993273
0.43642881147081886
0.6807998207684552
0.4166013218326424
0.6319032149658339
0.4591268063179119
0.5314215301893133
0.47021675814943426
0.4890220678839475
0.45148146073708967
0.3281617564691385
0.426599081438333
0.24890780777416827
0.47443149994399
0.23344908703931888
0.45097737201747484
0.22073484933348272
0.37892069004144724
0.18354430379746822
0.3430323736977708
0.1958104626414248
0.3790187072924833
0.19250588103506203
0.4077657667749522
0.23389716590119858
0.41280665397109884
0.20774056233897156
0.4227624061834882
0.2678391396885851
0.41566315671558185
0.32597737201747506
0.43592472275120386
0.40343900526492654
0.44729472387140135
0.44561442813935237
0.41171446174526705
0.39705388148314097
0.38018091184048375
0.4205780217318245
0.35846308950375255
0.4746835443037971
0.3940853590231879
0.48224487509801717
0.4585667077405622
0.4981516746947463
0.4260949927187185
0.5425674918785706
0.4288814831410327
0.5871513386355998
0.4459924946790635
0.6802397221911055
0.4557382099249466
0.7153579029909263
0.42671110115380295
0.7320488405959444
0.4235605466562114
0.736025540495127
0.3556065867592695
0.7805533773944213
0.30942645905679395
0.792203427803293
0.32856782793771694
0.7869385011762067
0.3526240618348828
0.8146073708972777
0.35930323736977693
0.8900526492662708
0.3696230536574437
0.9238265934804523
0.4243446846645009
0.9125126022179902
0.4546180127702475
0.9297076285426236
0.4188137112131734
0.9852694074157048
0.4027948919009744
1.0
0.4582306485941524
0.9724991598521336
0.4872717598297299
0.9279713229528394
0.4827349613531981
0.8787946678615429
0.3908087823456928
0.8012210148986222
0.38964657779769224
0.7880586983309061
0.41875770135543855
0.7920914080878231
0.4103002128374593
0.6235017363055895
0.39828609835331
0.44550240842388256
0.42244034950151205
0.29108323064859387
0.44362607818976124
0.13363952055561773
0.4308558306261901
0.07275680519771481
0.4163352750084014
0.03752660468242409
0.37000112019715453
0.06541951383443483
0.4041811358799148
0.08379074717150208
0.3596392965161867
0.0
0.32377898510137776
0.0012322168701690464
0.347653186960905
0.061050744931107855
0.3270975691721742
0.08575109219222588
0.28240170269967513
0.10249803965497925
0.24281673574549117
0.11795676038982862