0000000010
0.40260594893392987
0.798982188295165
0.37652452399754305
0.7694130034219528
0.3648109151531104
0.8353075370711587
0.3716548214442396
0.9154163376327098
0.39681495130297434
0.9158550495744489
0.41331052031236276
0.9334912696323585
0.4137931034482758
0.9292796349916642
0.40668596999210305
0.7415986663156968
0.3909800824778449
0.48898833026234967
0.3837852066333244
0.45748881284548554
0.3713915942791961
0.6595595332104939
0.3771387207159777
0.7101868912871806
0.3938755812933228
0.722032113714135
0.4007194875844519
0.7524787224708254
0.3889181363516714
0.7839782398876897
0.35809862244450297
0.793454417829253
0.3421733789593752
0.8295165394402034
0.3712161095025005
0.802228656664034
0.3972975344388873
0.7300166710537858
0.4113582521716241
0.7028165306659647
0.43833903658857576
0.714135298762832
0.48122312889356833
0.6839519171711851
0.5148284636307799
0.6569272615600595
0.5408221461788189
0.6442923576379744
0.5573177151882073
0.6912345354040537
0.5989076072650695
0.6777222075984903
0.6150083355268929
0.6437659033078881
0.6173993156093708
0.5674300254452923
0.6049618320610685
0.6530665964727556
0.6883390365885758
0.9365622532245326
0.6704176537685355
1.0
0.7049004123892249
0.9761340703693951
0.6657673071861014
0.8871632885847154
0.6182328682986747
0.8488198648767218
0.6180135123278053
0.8511889093621123
0.5488944459068175
0.7401947881021318
0.5240414144072999
0.6313942265508466
0.4961393349126962
0.61682899008511
0.5145871720628235
0.5558480301833811
0.5226814073879088
0.4616127050978326
0.4902386592963059
0.4351145038167939
0.46172238308326735
0.40712468193384205
0.4273054312538386
0.344037904711766
0.4691585504957444
0.2616478020531718
0.46036237606387637
0.2208475914714399
0.42493638676844764
0.2011932964815302
0.4031104676669297
0.1598666315697112
0.3872949021672367
0.19101517943318416
0.36410897604632775
0.14407300166710527
0.3627050978327629
0.11889093621128365
0.3542160217601122
0.14714398525927866
0.35708958497850307
0.19505132929718338
0.362705097832763
0.1860138632973589
0.35540054400280763
0.1775028516276213
0.3883039396332366
0.3097306308677721
0.408067912608581
0.44722295340879153
0.38755812933228023
0.5955953321049395
0.4161402123365798
0.6574537158901465
0.42892866543827307
0.7153636921997015
0.40988856716679817
0.6918487321224882
0.39872334824953914
0.6295516363955426
0.39076072650697535
0.6217425638325874
0.38323681670615056
0.6363955426866719
0.3983943142932348
0.6399929806089316
0.38626392910415014
0.6468368869000614
0.4348293410546634
0.6555233833464946
0.5031148547863472
0.6248135474247607
0.53757567780995
0.5548828639115555
0.5754145827849431
0.4824953935246117
0.6034702114591557
0.4420461524962709
0.6828551373168376
0.4329209441080982
0.7886943932613846
0.41352987628323207
0.8738045099587609
0.40993243836097204
0.8507282618232866
0.3973852768272351
0.8311836448188116
0.3957181714486264
0.8688031938229354
0.3252610336053345
0.855268930420286
0.27437044836360436
0.909033078880407
0.30648416249890315
0.8553128016144598
0.29692024216899177
0.759585855926998
0.28349565675177674
0.7703562340966921
0.2698078441695182
0.8078441695182942
0.2600684390629112
0.8049925418969901
0.25989295428621556
0.7909976309555142
0.2257611652189172
0.7701807493199961
0.1992629639378782
0.7603097306308677
0.1816267438799684
0.749517416864087
0.13731683776432396
0.7394270422040885
0.08098622444502941
0.7198166184083528
0.017811704834605577
0.6971571466175308
0.0