0000000010
0.879032749274156
0.9098532069112536
0.8679674334558299
0.911883540088929
0.8583436541936532
0.9070919537896169
0.8586482041703042
0.8907680750411143
0.8891235051671977
0.8573893976001462
0.8925547682374682
0.8272592532434573
0.8146305808783222
0.8833776622743793
0.8314011329259132
0.9099344202383606
0.8223052402899316
0.9953708403549025
0.8616530972732626
1.0
0.8114429577893731
0.9342172050433477
0.735143036972367
0.9147260065376723
0.7821249467037542
0.9213042860333378
0.7275089842243112
0.9438003776419708
0.6366312711916025
0.9332426451180633
0.6146021562138344
0.9430694576980083
0.5183440602602889
0.982863987980428
0.4678496741315251
0.9783972549895436
0.4317300469006964
0.9179745396219523
0.3993665360485655
0.8579578908898949
0.38748908695917006
0.850811118104481
0.3718352181592999
0.8266907599537084
0.3418471971250483
0.8302641463464154
0.2972610805433171
0.8422837187582483
0.21807808661401343
0.8591760907964998
0.1731468133920776
0.862911903843421
0.1394635859744584
0.8448013318985643
0.23115343227823676
0.8657543702921651
0.26376058311168865
0.8776115160497839
0.1739995533267008
0.839928532272146
0.04931679288571257
0.8466692384220249
0.013826568939963108
0.8643737437313463
0.0
0.8728199297504716
0.008689826000446738
0.853816011207439
0.0945729194160763
0.7436095263232698
0.18384666923842205
0.7202200881164601
0.14541246218504456
0.7458834994822652
0.11997238746878372
0.7764197104744888
0.0983899457901042
0.7803991635027309
0.10582096522039264
0.7514872190526465
0.12007390412766722
0.7205449414248878
0.11514019450591845
0.6827807443201428
0.1391996426613605
0.6846486508436035
0.1427527257222911
0.7446652995756605
0.09270501289261573
0.8083365480275315
0.055692039063610206
0.7703287109414655
0.09814630580878334
0.7829167766430465
0.13085497330111873
0.6815625444135381
0.14957464519927727
0.5025683714697581
0.17523805656508223
0.35013095648996023
0.20709398412279464
0.25088827076523273
0.24225935476011617
0.3259293850120803
0.24595456114348369
0.3909812600247701
0.25251253730737216
0.20963190059488757
0.2601262867236514
0.17097435689196608
0.29541347735163337
0.3491563965646765
0.3485066899478205
0.4073863521003797
0.41073640184354254
0.552189714332122
0.4351410066391895
0.48234625302012024
0.36779485513572785
0.34233447708769016
0.20951008060422707
0.3391671573305179
0.0987960124256391
0.4976143585162324
0.15412259151726804
0.6229265222422996
0.28002355186486105
0.6900087304326642
0.42090837106369156
0.716484275069539
0.5477432846730149
0.7318335938927574
0.6390270643412584
0.7494568858749722
0.6751466915720868
0.7512435790713252
0.6901508537551012
0.7505938724544701
0.7073274724382275
0.7789373236148054
0.7057844192231947
0.7312651006030091
0.6926887702271941
0.7223316346212415
0.6812986011004405
0.7286662741355856
0.6942318234422269
0.7172964083406088
0.7024749761435853
0.7295596207337626
0.7051550159381154
0.7375997401173534
0.706454429171827
0.7211134347146368
0.7147990985320691
0.7183521815929994
0.7123017887235296
0.7322396605282928
0.7071041357886829
0.7373561001360325
0.7031449860922178
0.7218443546585994
0.6998761496761619
0.7148600085273987
0.7123830020506365
0.7437719529774836
0.7153472884900413
0.7546545388098187
0.7104541855318458
0.7252553143970922
0.7037337827137435
0.7106369155178368
0.7205855480884414
0.7088502223214828
0.7193876515136135
0.6719793718149148
0.7176009583172599
0.6831868109556776
0.696932166568534
0.6900899437597704