0000000010
0.6639425495906202
0.6675713174866973
0.5812432341775048
0.4992452772653119
0.4980407702745973
0.31140317440956294
0.5294951743485754
0.3253083690365468
0.5538445118697305
0.32341775046884286
0.574305883787946
0.3145745345876471
0.5842926189641242
0.30506045405339477
0.5846280512906521
0.2940826688215653
0.6011557168341288
0.28536142833183425
0.614283318340525
0.2864592068550171
0.6273651790751219
0.28566636681049606
0.6359796910973213
0.2857883422019608
0.6361016664887861
0.28975254242456594
0.6402945705703874
0.2837757482427921
0.6650860688856025
0.27511549544879305
0.6781984234680655
0.2690777135712872
0.6851205269336913
0.26797993504810413
0.6942991751414153
0.2677359842651746
0.7046670834159209
0.2834708097641302
0.7261195053897879
0.3179898455486607
0.7328433988442833
0.34525134554103704
0.7158278317349477
0.3668409898303017
0.7240764175827528
0.42313263299129406
0.6949852867184048
0.49168280299449596
0.6523396404775339
0.5529144495098118
0.6297132053608187
0.6574473599951209
0.6167380730937535
0.7730190434079925
0.5758153292573225
0.6301858600027446
0.5731623644929636
0.6192690624666474
0.571149770533795
0.5988991720920305
0.5404882065043378
0.5545001295988534
0.5100858401817435
0.6379922850564901
0.47274612346959016
0.7389269214935886
0.45138518303932196
0.6448838946742498
0.4278286855626879
0.5957887996096789
0.41968682818241426
0.6175614069861408
0.40029274093951556
0.6107307850641135
0.4122768231509295
0.6353698141399972
0.408739536798451
0.5898120054279048
0.36249561650936934
0.6227453611233935
0.35435375912909584
0.6747068778873865
0.3872108802049188
0.54163172579932
0.3740375379267234
0.38044124597862394
0.36989037461692104
0.3451903578453046
0.36313598731455954
0.35909555247228886
0.36432524738134103
0.3595224663424155
0.34358943083232985
0.33470047417933435
0.34520560476923795
0.29841279521856473
0.35496363608641956
0.266699193437724
0.3489411011328467
0.2380349764435026
0.33165108939271504
0.2172991598944914
0.3224114534892586
0.26791894735237176
0.3264213944836631
0.27688413862503247
0.3359202280939822
0.26060042386448534
0.3328251025355636
0.21943372924512491
0.3323981886654369
0.20449174379069018
0.3097717535487216
0.2298016375196304
0.35811974934057067
0.16216628295241445
0.38117309832741275
0.13411194291551692
0.3798923567170324
0.1287450256910668
0.350115114275695
0.14966380532727516
0.32951652004208165
0.18918383216186133
0.3522801774741947
0.22693521582020815
0.3619162333999116
0.24358485675514974
0.3918916858523795
0.2342537393080945
0.42275145989296675
0.20784606705597153
0.4628813636848767
0.18052357936786245
0.5014255873877449
0.17527863753487738
0.5147209050574049
0.1890008690746642
0.5146751642856053
0.19686828182414212
0.5460990745117174
0.18674432433256594
0.5788342201960754
0.1611904798206963
0.6059889917209205
0.13862503239971338
0.6386631497095464
0.12581761629591232
0.6851967615533567
0.12593959168737714
0.7095460990745118
0.121182551420251
0.8069586960830656
0.11014377849268919
0.9255035296628907
0.10008080869684535
0.9510726210986935
0.09105462972845223
1.0
0.08178449997712968
0.9749188101300564
0.07739338588439784
0.8850534404683857
0.07952795523503134
0.7755042920090872
0.09215240825163529
0.6455242654794396
0.09739735008462043
0.6461036485888975
0.0792840044521018
0.7345663012487234
0.05287633219997872
0.8365377285132725
0.03275039260829125
0.9210056871026268
0.0
0.7739338588439784
0.35507036455395147
0.646179883208563
0.683184167594188