0000000010
0.09558203693769647
0.14062380259023685
0.1135527626638056
0.14315273201011577
0.195857920147138
0.1438424400337191
0.20783201777914015
0.1438424400337191
0.1304314506858764
0.14476205073185675
0.1361215418806038
0.1477507855008047
0.20723810253659297
0.15165913096789044
0.17441949574680055
0.1550310368610619
0.153134339796153
0.153804889263545
0.19160472066825043
0.14713771170204604
0.21725802743505246
0.12820905816537645
0.24059314890029868
0.12238485707717046
0.26000076634224867
0.11832324316039523
0.273124377346923
0.11594758219020594
0.2794467008966205
0.11165606559889614
0.28103686106215037
0.10636830408460386
0.2819181546478656
0.1027664955168978
0.2712468388382252
0.10000766342248443
0.26333435512299797
0.10146371369453608
0.2592344240938004
0.10337956931565633
0.2508621350295042
0.1020767874932946
0.2331787876465629
0.16024216415050965
0.21859912636983686
0.23082228523258497
0.20145221856080925
0.19250517281017715
0.18587631236110047
0.2200168595294658
0.21137635067821287
0.1489002988734768
0.2453253122844662
0.08092574143612521
0.25934937543106756
0.11656065598896447
0.2447313970419187
0.09924132117403628
0.22645413441643034
0.0784734462410914
0.20649091884435572
0.07425856387462612
0.1857422024676219
0.12483715227220483
0.16646869491915092
0.37213579584642453
0.17884512223158877
0.4607249597670321
0.19415280864434056
0.39489616062533534
0.20700819986205823
0.17740823051574847
0.2358418269599204
0.21518890336424215
0.19999616828875774
0.24553605640278955
0.19229442869185365
0.21656831941144913
0.19748639742509003
0.18254272358035098
0.2080427618974635
0.1224614913020157
0.2128515595064757
0.1020767874932946
0.21618514828722504
0.13135106138401403
0.1946892482182544
0.14154341328837464
0.1956471760288146
0.13939765499271967
0.1848417503256956
0.14905356732316657
0.14767415127595976
0.18844355889340178
0.12410912713617908
0.2595601195493907
0.10018009042838513
0.3379569315656369
0.07353053873860065
0.36730783968120184
0.0575714614146678
0.43903747413594885
0.10018009042838527
0.5073952026975248
0.10083148133956635
0.49812246149130207
0.08544716070196948
0.5482412445398115
0.07347306306996704
0.6027281784044756
0.09251666794390385
0.7054946739213737
0.1113878458119397
0.726109280404629
0.14345926890949504
0.674381178634378
0.06266763736684804
0.7103992643114415
0.0
0.8028201394742889
0.014426392827036607
0.8228983063836312
0.03613303701433063
0.8214422561115791
0.1266572151122692
0.8370756379799217
0.15321097402099768
0.9025979002222391
0.11217334661659892
0.9462794083837842
0.11031496666411214
0.9606866426546096
0.1371369453597976
0.9670472833167293
0.1811824660893555
0.912330446777531
0.20733389531764884
1.0
0.19650931105831865
0.8997624339029806
0.1909341712008583
0.8974634071576362
0.22164533680741816
0.889186910874396
0.28140087363016314
0.9045137558433592
0.3170741052954248
0.891485937619741
0.36236493217871096
0.9250517281017704
0.38725189669706483
0.8783048509464328
0.3925779753237795
0.8868878841290516
0.42275270135642595
0.8832860755613459
0.4735995095409611
0.9055100007663424
0.4544026362173348
0.9112575676297036
0.473522875316116
0.9819143229366235
0.5373208674994253
0.9227527013564258
0.5830906582879914
0.9163920606943061
0.5927848877308602
0.8532454594221781
0.5867882596367537
0.8212123534370451
0.5820369376963753
0.8626714690780901
0.6075944516821212
0.811096635757529
0.631331902827803
0.7606713158096405
0.6325005747566862
0.7259560119549389
0.6321174036324622
0.7043451605487006