0000000010
0.6350521534320321
0.6167563930013459
0.5138655226558995
0.3034432480933153
0.49749046657694035
0.3462314939434724
0.439126289816061
0.4085352175863617
0.42761608344549135
0.46332436069986555
0.45687528039479575
0.4369672498878421
0.4355232166890981
0.4122364288918798
0.4321024001794527
0.6285890533871688
0.5206791161956034
0.7078286227007624
0.5408535217586361
0.6306078959174518
0.5582940780619111
0.7145020188425301
0.528712427097353
0.7108568864961862
0.5236092418124719
0.5764917003140418
0.5158563257065948
0.6715455361148494
0.5085380215343203
0.7946949304620907
0.5149730820995962
0.975605652759084
0.4955277030058322
1.0
0.4682172498878419
0.7212314939434725
0.42638234634365174
0.5385262449528937
0.44978129205921913
0.5091408703454464
0.4081426648721399
0.513010318528488
0.3726306639748766
0.5531628532974426
0.3769347240915208
0.553667563930013
0.38004710632570665
0.4459398833557647
0.3598446612830867
0.4097128757290265
0.35621354867653654
0.4253028263795423
0.28640926424405566
0.34034320323014805
0.22003981606101394
0.21932480933153875
0.22339053387169136
0.1112045760430686
0.22020805293853749
0.2021646478241364
0.2678891879766711
0.22117541498429794
0.27166049798115743
0.26115971287572903
0.2003981606101391
0.32228577837595307
0.1782609914759982
0.5273665320771646
0.21917059219380883
0.6915657245401519
0.2194650067294752
0.6587595334230597
0.19807088380439666
0.6701996410946612
0.1837987886944817
0.5097577388963662
0.1956875280394796
0.33529609690444123
0.14924013010318526
0.362101839389861
0.11789199192462989
0.4129093764019739
0.13199585015702112
0.5005047106325704
0.14337987886944822
0.5950538358008073
0.16049798115746966
0.4492485419470613
0.1987438313144908
0.2877411395244502
0.23197061462539248
0.3161170928667562
0.2212875729026468
0.4618102288021534
0.19629037685060566
0.4062359802602064
0.20391711529833997
0.3567743382682818
0.19122925078510536
0.4166105877074924
0.1689518842530282
0.5209735307312694
0.19372476446837145
0.5008411843876177
0.2208810004486317
0.44016375056078955
0.20723979362943018
0.3836361597128757
0.1802237550471063
0.39014131897711984
0.12376626289816066
0.31880888290713316
0.1374214894571557
0.29626514131897685
0.17139131897711973
0.34802602063705695
0.19662685060565283
0.38167339614176765
0.2123149394347241
0.41470390309555827
0.18497644683714673
0.4275459847465228
0.2087679452669358
0.4724091520861373
0.23019010767160164
0.4122364288918798
0.26099147599820555
0.35397039030955585
0.2551592642440556
0.29766711529834
0.22976951547779276
0.2280731269627635
0.2867877972184836
0.17462987886944817
0.28052097353073124
0.2423732615522654
0.2612017720951099
0.19958501570210857
0.2667255495737999
0.15847913862718713
0.33068360251233736
0.13543068640646028
0.3998990578734858
0.08602512337371024
0.3803555406011666
0.0
0.3581763122476447
0.10453117990130095
0.3781544414535666
0.20923059668012567
0.4254009645580978
0.19941677882458503
0.41627411395244507
0.15842305966801262
0.3943051816958277
0.17586361597128766
0.42219044414535656
0.3019851951547778
0.457015477792732
0.3462314939434724
0.45439378645132344
0.38901973979362936
0.43309780170480044
0.40068416330192913
0.5040937640197398
0.5104306864064602
0.21657694033198743
0.21607222969941678
0.1436602736653208
0.1377860026917901
0.1514692687303721
0.29480708838043973
0.1514692687303721
0.456987438313145
0.1514692687303721
0.16739569313593544
0.1514692687303721
0.1483288470165994
0.1514692687303721
0.1514692687303721