0000000010
0.7022680977749923
0.8295205264807267
0.6681291131306797
0.8354747727984957
0.6572978690065809
0.8340645565653388
0.6458398621121901
0.8303823252898772
0.6459573801316201
0.8274052021309926
0.673534942024444
0.8261516765904102
0.6752193669696016
0.8266217486681291
0.6555350987151363
0.8214509558132247
0.6302295518646189
0.8211375744280787
0.6067063616421179
0.8106392980256965
0.6152264180507675
0.809307427138828
0.6420205264807269
0.8039015982450642
0.6587472579128796
0.807897210905671
0.6609017549357564
0.7325289877781255
0.6610976183014728
0.5822626136007518
0.6457027577561887
0.55836728298339
0.6250195863365713
0.6340488874960821
0.6111132873707308
0.651833281103101
0.610408179254152
0.6390629896584142
0.5930155123785644
0.5984801002820432
0.5646153243497334
0.5940144155437165
0.5515120651833285
0.6040426198683798
0.5340410529614539
0.649482920714509
0.5103807583829522
0.5788154183641483
0.4863874960827323
0.5995769351300536
0.4724420244437482
0.6667188968975242
0.45730178627389556
0.6830147289251012
0.4386555938577248
0.6952366029457846
0.44267079285490435
0.680899404575367
0.4931839548730807
0.5911156377311182
0.509460200564086
0.447351927295518
0.4922046380445006
0.38702601065496683
0.4628447195236602
0.3879661548104037
0.444472735819492
0.42698213726104667
0.4273346913193356
0.4890316515198996
0.4206557505484171
0.5356471325603257
0.442024443748041
0.590018802883109
0.45314948292071444
0.5681604512691947
0.46065104982764016
0.5694923221560634
0.41842290817925415
0.5881385145722341
0.3663232528987776
0.6099185208398621
0.32213647759323105
0.6307583829520514
0.2802021309934189
0.6641335004700708
0.22136477593230958
0.6870886869319959
0.11346364775932294
0.711767471012222
0.0714705421497962
0.6022406769037916
0.06263710435600116
0.6717329990598548
0.05415622062049506
0.8720620495142581
0.02910529614540892
0.9116264493889061
0.0
0.9583986211219049
0.02969288624255715
0.9670166092134125
0.08533766844249469
0.8422124725791281
0.11922203071137585
0.7890159824506422
0.1666013788780944
0.771153243497336
0.21276637417737385
0.8651676590410529
0.24294891883422148
0.9293324976496398
0.21023973675963675
1.0
0.22071842682544712
0.9583202757756184
0.2646114070824192
0.8214509558132247
0.31490911939830757
0.7264180507677845
0.33715919774365355
0.7820432466311501
0.31204951425885286
0.8291287997492943
0.3165543716703229
0.7437323722970857
0.34573801316201797
0.5708241930429327
0.3869280789721088
0.4576151676590407
0.4086297398934503
0.5214666248824812
0.38479316828580384
0.6954716389846439
0.3482058915700405
0.8290504544030087
0.335318082105923
0.8661861485427759
0.33694374804136645
0.8702601065496702
0.4301355374490752
0.8724537762456906
0.5270879034785332
0.8759793168285797
0.5950720777185833
0.880523346913193
0.641805076778439
0.8828737073017865
0.673534942024444
0.8871043560012526
0.6965097148229393
0.896662488248197
0.7110231902225006
0.9023033531808207
0.7444962394233781
0.9110780319649009
0.7631620181761201
0.9154653713569413
0.7818082105922909
0.9223597618301471
0.7657474146035727
0.9273738639924787
0.7415387026010647
0.93458163585083
0.7134518959573806
0.9425728611720459
0.7245769351300531
0.9502507051081164
0.7380131620181759
0.9515042306486993
0.7434385772485113
0.9568317141961769
0.7537214039486052
0.9583986211219049
0.7998080539015979
0.9621591977436535
0.8573331244124098
0.9627859605139447
0.8958398621121901
0.9646662488248195