0000000010
0.2502113092722509
0.2249175893838221
0.31292790127630815
0.2439354238864002
0.32112670103964175
0.27732228890203703
0.31747105062970143
0.35466148254585406
0.3532034485673232
0.44594708815822853
0.37042515425576866
0.4882934663173018
0.36315611529033903
0.5544755303862734
0.36548051728509867
0.5821993069055869
0.40131856985884545
0.5461076832051392
0.45264559208858096
0.4831375200743811
0.46485926802468075
0.4481447045896369
0.4302890710844393
0.38965429803059765
0.3434409601893329
0.31535795790719306
0.30663088496323215
0.3128222466401827
0.32026033302341317
0.29710083678471794
0.35914123911757256
0.3691995604767135
0.3720522356521003
0.4882934663173021
0.3350942439354237
0.5475445862564451
0.23142591496914905
0.5513481531569605
0.1404150114107007
0.5958921477474431
0.0886442397092385
0.6040909475107772
0.06759783619305208
0.47865776350266215
0.0
0.42337925788183584
0.008769334798410945
0.4507649395655484
0.17143521257712802
0.5187220015214267
0.23309525821993074
0.4446792325247233
0.2547121967711942
0.32634604006423795
0.18284591327867464
0.41086974896458456
0.0977305384160256
0.4711351534105316
0.06466063730876519
0.3833150198630713
0.06117403431662575
0.3646352801960949
0.07545854112078446
0.41492688699180136
0.046128814132364075
0.37207336657932555
0.031971092891556044
0.39954357197193757
0.09508917251288976
0.37460907784633596
0.1426126278421097
0.29693178936691755
0.12220015214267589
0.3229650917082243
0.1087608824275208
0.387034063054687
0.16378581692164665
0.40867213253317575
0.21002028569013617
0.39210548558870767
0.18379680500380352
0.3692840841856138
0.1714140816499026
0.4722339616262358
0.15569267179443816
0.532668413489984
0.14385935254838983
0.535373172174795
0.15163553376722186
0.5390922153664102
0.14975488124418898
0.5134815315696056
0.13050460654213508
0.6121206998563089
0.1503676781337165
0.741864593018342
0.11879807285943694
0.8460823260924691
0.0614909982250022
0.8701715831290675
0.05464457780407414
0.8329811512129154
0.07061955878623931
0.8036514242244952
0.075141577212408
0.81954188149776
0.1317302003211901
0.8640013523793416
0.14694446792325247
0.9103203448567324
0.16572986222635447
0.8918096526075565
0.14126024849970417
0.862226354492435
0.1124799256191362
0.8721156284337752
0.09508917251288991
0.9295072267771114
0.08507311300819871
1.0
0.047903812019271505
0.9757416955456003
0.04858000169047413
0.9038965429803052
0.03438001859521592
0.8683965852421599
0.09593440960189338
0.7864085876088242
0.1615459386357873
0.7105908207252134
0.19918012002366672
0.7373848364466232
0.2404488208942609
0.7815907362015039
0.22979883357281738
0.7344265066351108
0.2457104217733076
0.7443157805764511
0.31366748372918585
0.7711097962978615
0.316562420759023
0.7480348237680663
0.33399543571971946
0.7002789282393705
0.3286915729862226
0.722762234806863
0.2962133378412643
0.7014622601639761
0.28290085368946005
0.6891217986645257
0.24294227030682095
0.6864170399797146
0.231447045896374
0.7344265066351108
0.200469106584397
0.7848026371397182
0.21902206068802277
0.8093990364297184
0.25779731214605717
0.7684895613219508
0.2307708562251709
0.6769503845828755
0.2691868819203787
0.514918434620911
0.36708646775420495
0.36446623277829393
0.4140816499027978
0.21494379173358102
0.33061448736370547
0.19998309525821956
0.29860113261769927
0.21088665370636456
0.35248499704166997
0.19626405206660494
0.396078099907024
0.1916997717859859
0.3977474431578058
0.199560476713718
0.418054264221114
0.18595215958076236