0000000010
0.8349217573093124
0.9936053125096069
0.7880530021213146
1.0
0.7074430473145388
0.9942816736864759
0.6809727303470964
0.9992006640637009
0.6663387339748515
0.9737448888615612
0.652258124020045
0.9824146094014206
0.6512128385648847
0.9714083684323793
0.6423893995757372
0.9567128846804196
0.6356719033418391
0.9247394472284567
0.6641559319949581
0.8964552525594123
0.6604052018323238
0.8782549881636795
0.6605589202816121
0.8684784947889445
0.6766686137670245
0.8871091708426849
0.708765025978418
0.884895625172933
0.7418913518000431
0.8718603006732865
0.7184185445937225
0.8565499431241739
0.7155901251268177
0.8308482184031729
0.7346512128385649
0.8208257755095768
0.7078888308174748
0.8184892550803945
0.6738863098349063
0.8349678728440991
0.6533495250099918
0.823100808559043
0.6399452762320533
0.7564484889476437
0.6472161588833891
0.7313001506440802
0.6447412918498479
0.7712669474590336
0.6259722691917485
0.8305407815045959
0.5751222061671842
0.8483721216220368
0.5055338641743783
0.8939342699910846
0.49912380483905694
0.9119500722476712
0.5197374488886157
0.917791373320626
0.5103452516371015
0.9254158084053247
0.46272327604759134
0.9209272296861067
0.4191594675192918
0.9511790205060414
0.44190979801395774
0.986657238601777
0.4010975497279185
0.9817382482245521
0.36826328895994104
0.9567128846804196
0.3983306176407293
0.8880314815384142
0.3811141513204414
0.855504657669013
0.34847972453653886
0.8035478218095737
0.3272973222246134
0.7917422449042334
0.333968702923725
0.8157838103729209
0.37276723952408763
0.7658560580440862
0.3301564853813754
0.7063362744796631
0.26705506194853523
0.7375718633750419
0.2539275063793155
0.7425523411319824
0.24694868878162754
0.7230608417622286
0.24639530236418972
0.7000030743689853
0.24993082669782024
0.6993882005718325
0.23597319150244422
0.7515909859501333
0.20595197835644224
0.7993051926092165
0.20286223752574786
0.826851538721677
0.15417960463614838
0.851077566329511
0.09808774249085377
0.8304792941248811
0.11811725643311716
0.8515079779875182
0.15153564730839003
0.9110277615519415
0.141682294709011
0.8864328096658164
0.1220524487348972
0.8516924401266643
0.11475082239370374
0.817136532726658
0.12893903526301237
0.8120945675900023
0.10981646017154979
0.7740338795462227
0.10385218433916434
0.7110093153380269
0.10471300765517873
0.6744858117871307
0.03406400836228377
0.6048206105696804
0.0
0.5524948504319487
0.0029667660712638703
0.522181572232299
0.0460079318719834
0.49365142804439394
0.08580563839271997
0.47446736557321617
0.14175915393365504
0.5045961816337193
0.08136317520828848
0.5492360193070372
0.05916623113106034
0.4940203523226855
0.1014388046853384
0.40898330617640744
0.1369323946260031
0.2924032342361732
0.16836781750545707
0.1836320595197836
0.19276293540750764
0.1579918221784977
0.2140529406339349
0.09422940941371791
0.2185568911980816
0.07768930427029855
0.26290466381775146
0.07000338180588432
0.321256187167584
0.10160789497955562
0.4114889168998063
0.15393365511728713
0.4239401112921574
0.22329141943616063
0.4595720478371814
0.34835674977710834
0.5612568020413811
0.41230362468103415
0.6445875734005595
0.43677560180772906
0.650982260890952
0.5147415992867463
0.6319519168690625
0.5383527530974269
0.7129461677990591
0.5403818366280323
0.7964614012973837
0.5852061364404957
0.7931103391028993
0.6487225996864148
0.7508992529283365
0.6679066621575923
0.715482522212316
0.6590524794785869
0.6503366434039415
0.6054354843668339