0000000010
0.363685239944753
0.3106721419367995
0.37068382168911457
0.29847328951881275
0.3779883017083954
0.28634859425838205
0.3836335153273575
0.2751137848886252
0.3859601961456818
0.267178969030117
0.38736918213924854
0.26788346202690033
0.387628732190695
0.2712576126957054
0.3909009167678602
0.2737418774738364
0.3953318069318402
0.2738901917889487
0.39764921810547
0.2761519850944113
0.39946606846559585
0.2851620797374837
0.39902112552025887
0.2942834101168902
0.4005320776054653
0.29780587510080736
0.40119949202347077
0.29962272546093305
0.3877492375717238
0.3020328330815079
0.3833925045653
0.31041259188535286
0.38216891146562354
0.3195339222647594
0.3775618980524475
0.3274687381232677
0.37081359671483793
0.33662714708145225
0.36490883304442934
0.3427451125798348
0.3660211904077717
0.34348668415539624
0.36084872866823003
0.34159567663771445
0.35665884926630764
0.3423372482132759
0.3553518293643805
0.33970466912003244
0.34626757756375187
0.3302125529528451
0.3240853178097683
0.3175316790107435
0.2985289073869798
0.29706430352524577
0.2849396082648153
0.28356770085002647
0.2660758813114693
0.27370479889505833
0.2528944465558635
0.2359217271201995
0.24119615495138072
0.14967695288239602
0.234484932192549
0.0747411451719056
0.2268467449642655
0.07422204506901248
0.18881339278265458
0.08041416772495114
0.21274761538390224
0.08946134094680153
0.21768833600608087
0.08241641097896717
0.21505575691283751
0.07678046700469975
0.19097321999647754
0.08519730438732286
0.17624375457688707
0.09576469933907428
0.16643647049008606
0.09265009872171602
0.16715023313156402
0.08152652508829339
0.16327552164925516
0.08964673384069194
0.1481474615078004
0.08738494053522927
0.12844019688725328
0.0905736983101438
0.09906469285032299
0.10410737956414132
0.08447427210115033
0.09676582096608238
0.062236394478999604
0.10054783600144611
0.03844121654816972
0.09068493404647796
0.01684294440994075
0.09494897060595663
0.0
0.09235347009149145
0.00482948488584432
0.09242762724904749
0.006238470879411186
0.11230174547409598
0.00933453220738048
0.11070736658663874
0.007851389056257482
0.11697364640013341
0.007656726517672603
0.12742980561555084
0.018159233956562493
0.11979161838726714
0.01990192715913202
0.12683654835510155
0.02052299335366475
0.13692192178273818
0.027160058954940277
0.14463426616857783
0.04795187200474609
0.1713679214675701
0.051010854753937275
0.2287284828372528
0.05242911039219866
0.2631003253645287
0.0678445295191835
0.30333058333874063
0.08922959982943852
0.3292485099046154
0.10165092372009382
0.38913041463120723
0.12046830244996708
0.45824488547353986
0.14675701480362258
0.5723727509524557
0.17295303071033297
0.7054477701869687
0.1885445730865135
0.7936206305212318
0.2205155776379091
0.8764541755114525
0.2561851704224176
0.9273630641737498
0.2864412907053273
0.9935483272926148
0.3248732376088024
1.0
0.33904652434672167
0.9692247796141974
0.36879281417143284
0.9160911762252149
0.4197573207018975
0.7549847514344776
0.47453165120180946
0.6246906256083206
0.5191279118271397
0.5222425124444978
0.552758182778854
0.3440799414158456
0.572660109937986
0.2684767192873498
0.5852482874331428
0.26187673226485225
0.583681717479769
0.24233632124880633
0.5847755355537223
0.23154645482438654
0.569248880690403
0.24111272814913012
0.5720205044540644
0.2286543256796968
0.5665884926630763
0.22309253886298536
0.5594230573142129
0.2241307390687714
0.5581809249251476
0.20292179200771226
0.5429416290473585
0.1926510256861853
0.5268773347917574
0.19135327542895272