0000000010
0.0
0.0
0.11513492490875367
0.10716208939149167
0.9731795608209177
0.7886076706755218
0.5423023993298628
0.3292646442888769
0.5642015197750253
0.35888230718602276
0.5617483396158679
0.3699515347334411
0.5542242565667443
0.3789265840962124
0.543050320110094
0.3854484532998266
0.5338209776820438
0.3907736492550709
0.5285406569736133
0.40752707473224425
0.5258930174115958
0.43158020702447186
0.5273140668940346
0.4521629868964279
0.5303805420929815
0.47537844791479694
0.5307844193143062
0.49332854664033965
0.5305750014958416
0.5014659247292524
0.527059773828756
0.5046969424998502
0.5214653263926283
0.49979058218153544
0.519595524442051
0.4855501705259378
0.5150332076826423
0.45892419074971574
0.5112188117034644
0.42314366062346687
0.506596661281637
0.38263627116615795
0.4992819960509783
0.3431460539699635
0.4909052833123916
0.31352839107281744
0.4811673547537844
0.2965954646083887
0.47126488362352653
0.28253455394004656
0.4565458026685813
0.2636271166158079
0.4377131574223658
0.2486687010111888
0.4215131933225632
0.24932687129779213
0.41238855980374556
0.25483156824029185
0.4096960449949141
0.26099443546939494
0.40784120145994135
0.26380661760306345
0.4037874708310895
0.26255011069227546
0.39819302339496193
0.25800275234847125
0.3868844611978699
0.2527972237180637
0.37864237419972474
0.2440016753425477
0.36191886555376057
0.23484712499252075
0.34889008556213713
0.22730808352779275
0.3431310955543589
0.2294022617124394
0.32459761862023573
0.2429845030814336
0.31119487823849695
0.25907975827200375
0.3077095674026208
0.27014898581942187
0.30844252976724706
0.2783461975707532
0.3122569257464249
0.27960270448154134
0.31900317118410815
0.27589301741159566
0.32736492550709023
0.26512295817626985
0.33559205408963083
0.2508825465206725
0.425133129898881
0.23688146951474887
0.4989529109076766
0.22371806378268413
0.5280470292586606
0.20630646801890742
0.5299018727936337
0.19781008795548377
0.5155417938131993
0.2024172799617064
0.5550469694249983
0.21659785795488531
0.5383832944414527
0.2337102854065697
0.5029916831209238
0.25178005145694965
0.5136869502782265
0.2698498175073296
0.49893795249207196
0.2898342607551007
0.506237659307126
0.3808412612936038
0.5209417818464668
0.46544605995332966
0.4979207802309579
0.5502303596003109
0.4368605277329024
0.5190570214802847
0.469439956919763
0.45335966014479745
0.5125201938610662
0.6794710704242206
0.5129091126667863
0.5776341769879735
0.5220487046012087
0.6216717525279722
0.5109794770537904
0.5200741937413988
0.5388320469095913
0.43307604858493376
0.5394902171961945
0.4453419493807215
0.6043798240890325
0.4510859809728954
0.5288248668701011
0.4500089750493628
0.517755639322683
0.445042781068629
0.494031592173757
0.43762340692873797
0.4390145395799676
0.42469933584634717
0.5096033028181655
0.40591156584694543
0.5183539759468677
0.40459522527373876
0.5724735236043799
0.4187758032669179
0.6236013881409682
0.43870041285227057
0.6565697361335486
0.4545563333931669
0.6662927062765511
0.4692155806856937
0.6602195895410757
0.4845928319272422
0.6426434512056481
0.4498294740621073
0.6265781128462872
0.42015197750254285
0.6105576497337402
0.4333752168970262
0.585936097648537
0.5131933225632742
0.5768114641297193
0.5347334410339254
0.5852031352839107
0.5496918566385448
0.5974241608328845
0.5635732663196314
0.5915604619158737
0.5671632860647401
1.0
0.9098306707353557
0.1124274516843176
0.09591336085681806
0.0
0.0