0000000010
0.7400411544346541
0.6707645227668444
0.7434970717036876
0.5880335566928718
0.8036194797657362
0.5642906136231723
0.7708805993774072
0.6221178705218169
0.7829895003429536
0.639318313723421
0.8084472115232416
0.6404790798290507
0.791457816704479
0.5738933150424737
0.8043581491056824
0.5015037197277475
0.8174959109375819
0.4871524296945078
0.7802458713660105
0.533266501345433
0.8523716562021841
0.7968659315147997
0.875771645649765
0.5828628713132483
0.9416187410963961
0.49052920381997567
0.9295098401308497
0.6052339998944756
0.8762201234633037
0.6144146045480926
0.8820767160871628
0.6847992402258211
0.8434020999314091
0.7265868200284907
0.8055716773070225
0.6461773861657786
0.8295520498074178
0.47765525246662793
0.8121405582229725
0.49580541339101963
0.8790428955838123
0.6864876272885552
0.912019205402838
0.6703424260011605
0.9262649712446579
0.6755131113807835
0.9389278742151635
0.5088904131272095
0.841054186672294
0.5467735978473063
0.7085949453912314
0.5495172268242493
0.6178969028649813
0.552788476758297
0.5656888091594998
0.5493061784414072
0.5125046166833748
0.6558856117764998
0.45895108953727637
0.5584867830950242
0.4535165936791009
0.5458238801245188
0.36020682741518484
0.6501873054397721
0.3359362633883819
0.5997467419405896
0.3130638948979053
0.6978842399620117
0.23130902759457594
0.7848361736928186
0.14955416029124696
0.8559594787104942
0.08560650029019161
0.7418878277845199
0.07080673244341275
0.7266923442199128
0.18461457289083535
0.9071387115496221
0.13660106579433356
0.9370020577217328
0.040600432649184774
0.8713660106579435
0.0
1.0
0.05495172268242506
0.9910304437292249
0.12327863662744706
0.9007017358729482
0.1962486149949879
0.7558170210520757
0.23254893684377131
0.8006648024059518
0.17490634728011373
0.7684799240225814
0.22273518704162937
0.7065372236585237
0.23653247506990985
0.8009813749802137
0.1673877486413762
0.7340790376193742
0.2267187252677677
0.6311929509840128
0.3722629662850207
0.5197594048435604
0.3707592465572733
0.685115812800084
0.376694982324698
0.8943702843876953
0.4254207777132908
0.7742837545507307
0.45093125098928927
0.6524033134596109
0.5541602912467684
0.8776974621431953
0.5140610985068326
0.9152640742890301
0.535403366221706
0.8756925025061993
0.5510209465519971
0.7905344800295458
0.5401519548356459
0.7634147628343789
0.6110378304226242
0.7525457711180291
0.6631140188888299
0.7391441988075766
0.6998628185511528
0.839181132274573
0.6581543818920484
0.9383738722102039
0.6319843824196696
0.9275048804938533
0.6581016197963379
0.9221231467313883
0.6967234738563816
0.8770643169946716
0.6933203186830581
0.7584551258375974
0.7007597741782304
0.5333720255368541
0.7032923547723312
0.5520498074183503
0.7286973038569092
0.5612304120719673
0.7441829789479234
0.7014720624703209
0.688650873212684
0.645544241017253
0.7206774653089221
0.6186355722049279
0.8096343586767265
0.6910251675196531
0.8147786630084946
0.6687595631298476
0.7811692080409429
0.5973196855379094
0.818287342373239
0.5117395662955734
0.8883026433809945
0.5107898485727849
0.9029177438927871
0.5579591621379203
0.8785944177702736
0.6191631931620323
0.8961378145939954
0.5581702105207619
0.9225188624492158
0.43934997098084755
0.9087215744209357
0.48979053448002907
0.9434654144462615
0.567983960322904
0.9113596792064582
0.653669603756661
0.8440616261277892
0.6006964596633781
0.8751121194533841
0.4505355352714611
0.8856645385954728
0.4916899699256054