0000000010
0.630765015344147
0.5541867601928979
0.6328912757562472
0.5092503288031561
0.6297676457693995
0.4605436212187634
0.6307321350284961
0.41459886014905767
0.6373301183691363
0.3676896098202542
0.647797018851381
0.3233669443226655
0.6545046032441911
0.2822446295484437
0.6592941692240245
0.24217448487505464
0.6708461201227531
0.2016659359929855
0.6718982902235862
0.15892152564664622
0.6725887768522578
0.11538798772468213
0.6775975449364314
0.07562472599736958
0.6887768522577816
0.04064007014467335
0.692327926348093
0.01648399824638315
0.6851271372205174
0.004910127137220553
0.6967558088557652
0.001183691363437008
0.7004603244191145
0.0
0.6967010083296797
0.0006576063130206044
0.702060499780798
0.0028057869355545785
0.711935554581324
0.006619903551074164
0.7186869793950021
0.009206488382288382
0.7323761508110479
0.010390179745725588
0.730381411661552
0.013108285839544008
0.7362560280578693
0.011530030688294517
0.7446953090749674
0.011486190267426557
0.736924594476107
0.010784743533537871
0.7447610697062693
0.014028934677772893
0.6940048224462955
0.019245944761069687
0.6190048224462954
0.024375274002630364
0.5910017536168349
0.02867163524769823
0.50307978956598
0.03625602805786924
0.3525208241999125
0.02533976326172717
0.3171854449802719
0.0720736519070584
0.25911880754055244
0.14493643138974135
0.1596558526961859
0.10635686102586582
0.12022139412538357
0.09359929855326603
0.14034414730381414
0.08846996931170546
0.13927005699254708
0.12586584831214384
0.11473038141166152
0.07970188513809717
0.10191801841297683
0.08123629986847866
0.10108505041648398
0.23638754932047365
0.0903331871985971
0.264313897413415
0.08714379658044717
0.25501972818939067
0.12480271810609386
0.21214379658044705
0.12227093380096453
0.189171416045594
0.10060280578693553
0.21468654099079346
0.09947391494958342
0.295703638754932
0.0989039894782989
0.3949583516001754
0.10122753178430512
0.45436212187637004
0.11593599298553271
0.5102586584831212
0.12607409031126704
0.5360368259535293
0.1302718106093818
0.5853134590092064
0.1236519070583078
0.6520385795703637
0.1427005699254713
0.6606313020604999
0.14572555896536618
0.6676896098202544
0.1525865848312144
0.687680841736081
0.17290661990355108
0.7247698377904426
0.18877685225778174
0.7283209118807542
0.20489916703200348
0.7571679088119245
0.2282003507233669
0.7956159579131957
0.250010960105217
0.8142481367821132
0.26703200350723366
0.823279263480929
0.2937637001315212
0.8641385357299431
0.32012275317843053
0.8801841297676459
0.3429855326611135
0.8900482244629546
0.37501096010521695
0.9263042525208242
0.4207803594914512
0.976983779044279
0.46239587900043827
0.9889960543621222
0.4749451994739151
0.9930293730819818
0.5039456378781237
0.9877246821569485
0.5505808855765016
1.0
0.5453419552827709
0.9965366067514252
0.5757562472599737
0.9822446295484438
0.5919443226654978
0.9773783428320912
0.62595352915388
0.9923717667689613
0.6493204734765452
0.9737395879000439
0.6615081104778606
0.9747040771591409
0.6655523893029374
0.9718982902235862
0.6645002192021043
0.9674265672950462
0.675164401578255
0.9475230162209561
0.6864642700569927
0.9656729504603244
0.6792196405085489
0.9791319596668127
0.6706378781236302
0.973958790004384
0.6691801841297678
0.9416922402455062
0.6751972818939062
0.9524769837790444
0.5919333625602806
0.575800087680842
0.5250548005260852
0.31017097764138524
0.559612012275318
0.5387987724682158
0.655491012713722
0.9526961858833846
0.6568939061814993
0.9569048662867166