0000000010
0.3427162098298681
0.47837901701323265
0.275785680529301
0.4964555765595464
0.3452268431001895
0.5219754253308136
0.4595640359168243
0.5642722117202271
0.5269966918714561
0.5700614366729688
0.5779182419659742
0.6622164461247644
0.5468159262759932
0.8692107750472595
0.5312500000000008
0.7235349716446131
0.5021857277882805
0.5099243856332708
0.42391304347826125
0.4762523629489606
0.4809782608695656
0.45380434782608686
0.468927221172023
0.4142249527410207
0.48877599243856407
0.32242438563327075
0.5281486294896035
0.31616257088846944
0.5455753780718343
0.30541115311909306
0.46951795841209887
0.1459120982986773
0.5211188563327037
0.0
0.44630198487712747
0.15028355387523684
0.4516481568998115
0.39709357277882834
0.48594045368620115
0.5405245746691877
0.5759392722117207
0.5867202268431007
0.577947778827978
0.625354442344046
0.4444706994328928
0.6698960302457471
0.41954158790170193
0.6164933837429114
0.43513705103969813
0.5060255198487712
0.4259806238185261
0.46172022684310055
0.43309900756143727
0.5251654064272213
0.3663752362948962
0.5931001890359171
0.22613421550094567
0.7189272211720239
0.2305352079395088
0.8108459357277891
0.2549917296786392
0.6827741020793959
0.231450850661626
0.5458412098298682
0.17627599243856365
0.3636578449905486
0.11351016068052966
0.4198960302457473
0.11123582230623875
0.45108695652173947
0.15908553875236328
0.5373345935727791
0.2140241020793956
0.47199905482041643
0.23856923440453734
0.3584593572778834
0.3008034026465035
0.3310491493383749
0.2580340264650288
0.356332703213611
0.24223180529300617
0.4240311909262764
0.3239603024574676
0.4855860113421551
0.3020144139886583
0.4766068052930058
0.25883152173913115
0.47849716446124774
0.2437086483931952
0.4541587901701329
0.25138823251417797
0.4936200378071839
0.28757088846880974
0.5825850661625718
0.38858695652173997
0.5978260869565216
0.43176984877126734
0.5139413988657848
0.41552457466918774
0.47377126654064305
0.3781309073724012
0.598416824196598
0.40051984877126695
0.7264886578449912
0.3923381379962199
0.8220699432892259
0.4411330340264656
0.8599952741020799
0.5053461720226846
0.894258034026466
0.5048735822306244
0.9487240075614372
0.48676748582230656
0.9132797731569006
0.4897211720226853
0.8439272211720237
0.4696065689981102
0.7062854442344054
0.467479914933838
0.5395793950850662
0.5100425330812862
0.3750000000000006
0.5249586483931951
0.28721644612476416
0.5650697069943292
0.21124763705104022
0.5645085066162576
0.1537098298676754
0.5106923440453691
0.16930529300567096
0.5106628071833655
0.2901701323251422
0.48283908317580415
0.43041115311909256
0.42952504725897955
0.5297731568998117
0.3816753308128548
0.5649810964083176
0.3892072306238191
0.5137051039697552
0.40438917769376265
0.4284026465028361
0.40125827032136163
0.36188563327032175
0.43909499054820494
0.3573960302457471
0.4715264650283557
0.40583648393194743
0.4927634688090743
0.4703449905482047
0.5282963137996225
0.5466682419659743
0.5630316635160684
0.6283081285444233
0.6371987240075618
0.7316871455576561
0.6589969281663518
0.8139177693761822
0.6521739130434789
0.8302221172022688
0.6504903119092634
0.7683128544423451
0.6229914933837438
0.6388232514177701
0.589939744801513
0.5630907372400756
0.5705044896030248
0.5816398865784508
0.5767663043478268
0.591682419659736
0.57523038752363
0.6364603024574675
0.6086070415879021
0.7458648393194716
0.6229028827977322
0.8985113421550102
0.5646857277882803
1.0
0.5241906899810972
0.9958648393194711