0000000010
0.2471753918958891
0.7461697722567292
0.2669328601005623
0.7443951493640941
0.2658237207926651
0.7848565513161793
0.23803608399881715
0.8031351671103226
0.22509612540668464
0.7799467613132214
0.23670511682934064
0.7762200532386874
0.2617125110913934
0.8264418811002668
0.2932416444838808
0.8708074534161496
0.38682342502218303
0.8543034605146417
0.4063442768411715
0.8049097900029587
0.36447796509908337
0.7328601005619642
0.28664596273291953
0.6476190476190481
0.25019225081336915
0.5840283939662825
0.2306713989943808
0.5181898846495125
0.252307009760426
0.3914226560189299
0.2712215320910976
0.18479739721975771
0.2527210884353745
0.07666370896184557
0.22920733510795646
0.05365276545400767
0.26492162082224213
0.007098491570541418
0.3758947057083707
0.00017746228926363903
0.42590949423247576
0.0022478556640047314
0.40051759834368567
0.006388642413487347
0.44479443951493663
0.0
0.5503401360544223
0.02289263531499577
0.5775362318840582
0.05004436557231586
0.5315291333924878
0.13753327417923727
0.5333481218574392
0.14463176574977832
0.5248299319727894
0.12286305826678504
0.5816918071576459
0.1540372670807457
0.6100561963916004
0.15161194912747733
0.5903726708074541
0.1426205264714582
0.5597604259094947
0.15285418515232205
0.5201123927832006
0.20402247855664019
0.4770629991126889
0.26435965690624097
0.42582076308784406
0.32091097308488664
0.33117420881396065
0.42259686483289005
0.28899733806566136
0.5966282165039932
0.29779650990831136
0.7510795622596869
0.27355811889973414
0.8388050872522922
0.267125110913931
0.8893818396923993
0.24683525584146734
0.9245193729665789
0.24266489204377426
0.9573498964803321
0.27212363206152057
0.9758651286601597
0.30556048506359107
0.9703637976929906
0.3196539485359364
0.9750369713102637
0.3474563738538898
0.9973972197574682
0.25585625554569674
1.0
0.14149659863945593
0.9637385388938188
0.10072463768115959
0.9064773735581195
0.16762792073351104
0.8433007985803023
0.24318249038745965
0.7843241644483887
0.2545252883762203
0.7213250517598349
0.2348121857438631
0.6628808044957119
0.2234102336586811
0.6041999408459041
0.27994676131322127
0.5507837917775809
0.31947648624667285
0.5320319432120673
0.3389086069210297
0.5185448092280396
0.3767672286305827
0.5361135758651288
0.449068322981367
0.5713694173321505
0.5908163265306128
0.5743271221532094
0.5955190771960963
0.6077491866311749
0.6275510204081638
0.652647145814848
0.6363797692990242
0.6753623188405806
0.6643448683821359
0.706299911268856
0.619225081336883
0.7325051759834375
0.5644040224785569
0.7162377994676131
0.5061520260278028
0.6976634131913637
0.4655279503105593
0.748358473824313
0.474548950014789
0.8336586808636505
0.5912747707778768
0.9028098195800065
0.7021295474711629
0.9312037858621713
0.7223602484472056
0.8976634131913643
0.6895445134575574
0.8231292517006811
0.6914522330671401
0.7138124815143455
0.7369860987873417
0.7325643300798587
0.7554273883466437
0.8053830227743279
0.7219018041999415
0.7982845312037867
0.689219165927241
0.8366755397811306
0.5970127181307313
0.8112392783200238
0.5153061224489799
0.7830227743271228
0.5022034900916893
0.7149955634427688
0.4638124815143451
0.6919846199349312
0.4612540668441294
0.6959479443951496
0.48603963324460275
0.7409050576752443
0.47409050576752476
0.7451641526175694
0.4372670807453419
0.7282460810411128
0.43280094646554307
0.6740017746228933
0.4763383614315296
0.5963916001183083
0.4828896776101749
0.5778763679384796
0.45780834072759574
0.5780538302277431