0000000010
0.3635184406114151
0.3155237694572991
0.3874631888935634
0.3634833824148086
0.36695414387883885
0.335717290702566
0.34844341607067747
0.26938718272332046
0.34683073902678446
0.2316645631748698
0.33564717430935354
0.20165474687982005
0.34626980788108247
0.22857944187350993
0.38237975038563976
0.30136025802832705
0.42287196746599365
0.33824148085822464
0.4027836208105455
0.32702285794418734
0.3633431496283831
0.274575795821063
0.36705931846865797
0.37119618566820883
0.3769457299116532
0.4122843920908707
0.3966834946010376
0.47861450007011636
0.46504697798345235
0.5069415229280605
0.4947412705090451
0.46024400504838037
0.4917613237975039
0.5419997195344268
0.5579862571869305
0.5948674800168279
0.5960244005048382
0.6516617585191422
0.5716238956668068
0.6712943486187066
0.5649628383115974
0.6877015846304865
0.5613518440611417
0.7022857944187347
0.5478894965642966
0.7449165614920764
0.5049081475248913
0.7443556303463749
0.5303954564577198
0.7516477352404995
0.566645631748703
0.8083017809563877
0.5598793998036743
0.8127892301220031
0.5331299957930166
0.7966624596830737
0.48510026644229415
0.815313420277661
0.48762445659795267
0.853456738185388
0.5992497545926242
0.8559809283410464
0.6791473846585333
0.9691487869863982
0.7152573271630909
1.0
0.6619338101248073
0.9000140232786429
0.6076286635815452
0.7101388304585611
0.617339784041509
0.7111204599635398
0.5292034777731033
0.7747861450007015
0.4216799887813772
0.7565558827653907
0.33841677184125646
0.8327022857944191
0.41512410601598665
0.9000140232786429
0.4866077688963679
0.8822044594026088
0.46925396157621657
0.9495161968868326
0.4122843920908707
0.9580703968587861
0.41221427569765823
0.7217781517318753
0.3777170102369934
0.7273874631888937
0.3121231243864813
0.746038423783481
0.3115972514373859
0.7531902958911797
0.3016757817977842
0.8272332071238251
0.27029869583508626
0.8261113448324224
0.2875473285654186
0.8161548169962141
0.33133501612677047
0.7268265320431913
0.37554340204739856
0.6851773944748278
0.3863062684055533
0.6694713223951758
0.4101107839012762
0.610152853737204
0.4264829617164494
0.504277099985977
0.4415229280605805
0.46445098864114437
0.47198850091151306
0.3728789791053149
0.4367550133221148
0.3177674940401062
0.4537231804795962
0.2756976581124667
0.467571168139111
0.22493338942644756
0.46743093535268554
0.21918384518300357
0.45835086243163686
0.11134483242181967
0.4752839713925118
0.029729350722198712
0.4873790492217081
0.012761183564717043
0.5098864114429953
0.0
0.5201584630486611
0.07390267844622045
0.5241901556583929
0.24751086804094802
0.5333052867760484
0.2932267564156496
0.5665053989622776
0.31482260552517194
0.5867339784041505
0.3397840415089048
0.5743584350021034
0.3458140513251997
0.5398261113448326
0.3662880381433178
0.5061351844061145
0.3869022577478612
0.44769317066330105
0.4180339363343149
0.4309002944888513
0.3940541298555601
0.42749964941803403
0.39195063805917807
0.35864535128312985
0.36488571027906325
0.3569625578460244
0.37904922170803546
0.10534988080213124
0.38507923152433
0.02843219744776302
0.3974197167297714
0.07341186369373144
0.41677184125648586
0.09164212592904204
0.4240639461506101
0.12109101107838996
0.4226616182863552
0.1405132519983169
0.44341607067732447
0.1939068854298134
0.4682372738746318
0.21788669190856788
0.47370635254522525
0.2143458140513251
0.4758098443416073
0.21315383536670865
0.4971252278782781
0.18612396578319965
0.5087645491515915
0.16330107979245528
0.5180199130556725