0000000010
0.11827613334644506
0.10463172386665356
0.1411151538991051
0.16097944733995473
0.13678827810010805
0.22381748451175126
0.1285032943258924
0.2838037171796637
0.14074638607532694
0.37466810895859953
0.14954764480283203
0.494050545776379
0.14625331891041396
0.6094011210541842
0.15675090962729868
0.7140328449208379
0.19298849444389796
0.7893598190579209
0.19797915232569568
0.8287933916805974
0.22834103648343002
0.8308584914937552
0.19033336611269538
0.810207493362179
0.18035205034910015
0.789753171403284
0.1965532500737535
0.7734290490707049
0.21398367587766737
0.7757891631428849
0.21988396105811775
0.7717573016029103
0.2704051529157241
0.7541547841479003
0.2894827416658472
0.7283902055266
0.34020060969613514
0.6866948569180842
0.39408988101091547
0.650604779230996
0.46474579604680877
0.6232667912282426
0.5193480184875601
0.5887501229226079
0.5515537417641851
0.5443013078965482
0.6058855344674993
0.4906087127544497
0.6218654734978855
0.4099714819549612
0.5744665158816008
0.36522765266987883
0.5502507621201691
0.4347526797128524
0.5466614219687285
0.5189300816206114
0.5238961549808239
0.6392958993017993
0.561387550398269
0.7980135706559146
0.4581079752188021
0.9213295309273274
0.4714573704395711
0.9882977677254398
0.47022814436031063
1.0
0.4127003638509193
0.9748254498967449
0.39227062641360977
0.9168059789556494
0.463467400924378
0.8652768217130493
0.4856426393942374
0.8193529353918769
0.4816599468974333
0.7828695053594256
0.4942472219490608
0.8271216442128034
0.49161667813944343
0.9847575966171693
0.4985986822696429
0.8940898810109151
0.4258284983774215
0.7055757694955251
0.36031074835283705
0.6533582456485394
0.39254105615104723
0.6012390598878944
0.4843396597502212
0.5779329334251154
0.5049906578817976
0.5249287048874026
0.4278198446258235
0.31684531419018563
0.41955944537319295
0.1778935981905792
0.47497295702625614
0.08732422067066577
0.5041793686694857
0.03795850132756407
0.47900481856623056
0.0
0.4588455108663584
0.034811682564657206
0.4627298652768217
0.05683941390500538
0.47485003441833007
0.057232766250368744
0.5099321467204248
0.04710394335726226
0.5514308191562589
0.036385091946110684
0.5080145540367783
0.056249385386960386
0.5058265316156945
0.08988101091552755
0.49643524437014436
0.1499655816697806
0.5467597600550693
0.31271511456387036
0.51642246041892
0.5509882977677253
0.4942963909922311
0.5052610876192347
0.4811436719441439
0.5295505949454223
0.4580588061756317
0.6624053495918967
0.4278444291474088
0.9946897433375943
0.31959878060772934
0.8626216933818468
0.30824073163536236
0.8514111515389908
0.30297964401612726
0.847477628085357
0.2952846887599566
0.8015537417641851
0.2908348903530337
0.792309961648146
0.29162159504376034
0.8539679417838527
0.29088405939620415
0.9355885534467496
0.2814927721506539
0.8865178483626704
0.2684138066673221
0.7985052610876191
0.24486183498869107
0.7440259612547938
0.216048775690825
0.8139443406431311
0.18519520110138657
0.7815911102369943
0.1668305634772347
0.737437309469957
0.1465975022126068
0.7749041203658176
0.13499360802438787
0.8212213590323527
0.15311240043268756
0.8280066869898707
0.18298259415871762
0.7845412528272195
0.21204149867243582
0.6817779526010425
0.22802143770282224
0.6181532107385189
0.24102664962139825
0.514406529648933
0.2518684236404759
0.4609106106795162
0.2595633788966467
0.40987314386862006
0.2657340938145343
0.26728291867440235
0.2880814239354902
0.11348215163732912
0.3001524240338282
0.03707345855049665