0000000010
0.2275355871886122
0.27606761565836296
0.2254670818505339
0.2641459074733097
0.2206628113879004
0.25080071174377233
0.2104092526690391
0.23861209964412797
0.20191281138790032
0.22339857651245545
0.1917927046263345
0.2167259786476867
0.1773576512455515
0.21734875444839852
0.16425711743772234
0.2232206405693948
0.15805160142348748
0.2330071174377225
0.15126779359430606
0.2396797153024911
0.14083629893238436
0.23896797153024904
0.1247998220640569
0.22588967971530252
0.10827402135231315
0.2062277580071174
0.1195507117437722
0.18816725978647691
0.1326734875444841
0.16476868327402144
0.14310498220640563
0.14323843416370116
0.13211743772241988
0.12500000000000003
0.1338745551601423
0.10649466192170833
0.11385676156583635
0.08380782918149467
0.16029804270462641
0.05951957295373651
0.21436832740213527
0.039412811387900315
0.2405249110320284
0.02197508896797151
0.22729092526690386
0.003380782918149463
0.2144128113879004
0.0
0.21599199288256232
0.0071174377224199215
0.1977535587188612
0.01912811387900354
0.19659697508896795
0.043416370106761526
0.20302491103202835
0.07357651245551594
0.18616548042704625
0.09804270462633459
0.168394128113879
0.1220640569395015
0.16354537366548036
0.14377224199288227
0.13334074733096096
0.17526690391459082
0.14713078291814932
0.21156583629893225
0.18936832740213522
0.250355871886121
0.18863434163701065
0.2885231316725976
0.1912588967971529
0.32437722419928794
0.1999999999999999
0.3621886120996441
0.1786032028469751
0.39581850533807805
0.18578736654804268
0.43016014234875405
0.21189946619217084
0.46290035587188616
0.16794928825622776
0.4927935943060495
0.13411921708185048
0.5271352313167261
0.10920818505338076
0.561832740213523
0.09646352313167258
0.6074733096085406
0.09975533807829189
0.645462633451957
0.0998220640569394
0.675355871886121
0.11027580071174382
0.6991992882562276
0.11970640569395015
0.7184163701067616
0.11209964412811393
0.7263345195729535
0.10382562277580061
0.7247330960854094
0.09343861209964403
0.7198398576512451
0.08956850533807836
0.7170818505338082
0.09897686832740211
0.7105871886120998
0.11470195729537372
0.7153914590747329
0.12246441281138787
0.7193060498220641
0.10680604982206388
0.7238434163701069
0.12230871886121
0.7310498220640572
0.1343416370106761
0.7673487544483981
0.14793149466192174
0.8288256227758009
0.1640791814946619
0.871797153024911
0.18347419928825612
0.9016014234875445
0.1763567615658362
0.8701067615658364
0.21561387900355852
0.7646797153024907
0.30102313167259775
0.6822064056939503
0.3594750889679715
0.6233985765124554
0.37713523131672594
0.5659252669039146
0.36261120996441276
0.5300711743772242
0.3303380782918151
0.5493772241992886
0.2715747330960853
0.575
0.23138345195729532
0.6113879003558716
0.3137900355871885
0.6056049822064056
0.4336076512455515
0.6004448398576515
0.5482873665480427
0.6096975088967971
0.5926601423487543
0.6444839857651246
0.6348309608540924
0.6640569395017792
0.7292259786476866
0.6861209964412808
0.6651690391459076
0.7199288256227763
0.6744439501779358
0.7579181494661917
0.7225978647686833
0.792437722419929
0.8586076512455516
0.821174377224199
0.983229537366548
0.8445729537366543
0.9594973309608543
0.8727758007117439
0.8969973309608542
0.8677046263345195
0.8646574733096085
0.8443950177935943
0.9153024911032026
0.8608540925266907
0.8748220640569396
0.888790035587189
0.7909919928825623
0.9188612099644127
0.7663478647686836
0.9543594306049824
0.7374999999999999
1.0
0.864123665480427
0.9838967971530249