0000000010
0.28486621956512626
0.7326911499096934
0.2910967055430325
0.7230023941867469
0.2966831412850203
0.7186900578245109
0.2993433487812051
0.7106814331517864
0.3054198227461744
0.7019447516906323
0.29760721336264245
0.6975204065917145
0.302479593408286
0.6945521750696558
0.316508687677639
0.7011606905338617
0.3250773560337706
0.7135936603055043
0.3351441412430171
0.7174019573526735
0.32359324027274156
0.6976324153283958
0.3136244627080915
0.6922559959676859
0.33448608991501355
0.6950562143847224
0.351455413522255
0.6953922405947668
0.3732971171751399
0.6940481357545892
0.35446564832056904
0.7000406031670474
0.34994329557705517
0.706537109894572
0.3702308780084849
0.7165618918275631
0.4101339904512554
0.7175699704576961
0.4034834717107936
0.7233944247651323
0.4099799784383185
0.7129776122537562
0.38900634249471483
0.7189140752978737
0.4171905408621874
0.7235624378701543
0.4423225011550903
0.7180740097727627
0.4269353009534746
0.73089901012279
0.3938647214482731
0.7191380927712365
0.38609411534099686
0.7440600366828617
0.39422874984248785
0.7447320891029504
0.41268218921075867
0.7291068703358866
0.42150287722442387
0.7519006482505639
0.4203967909496943
0.8011844923904068
0.3948587989863212
0.6792069781442956
0.34248071349565296
0.7275947523906865
0.31303641684051375
0.7544208448258967
0.3341920669812247
0.6747266286770368
0.3488512103944109
0.7204261932430733
0.30060344706887143
0.7311790319644939
0.2581241336824274
0.7632135306553915
0.19493720510199788
0.8644694286154324
0.15042773336320236
0.8881032720552209
0.14559735659381437
0.9130812203351869
0.14864959466838418
0.9340268540946198
0.1331643868221722
0.8880472676868797
0.12157148257564085
0.9190736877476448
0.13054618260224302
0.8114332917967607
0.12837601332903972
0.8638533805636843
0.09841367626674877
0.9095529451297208
0.021729694916203454
0.8440278341710661
0.0
0.9408033826638482
0.057936519048485756
1.0
0.1003178247903337
0.9948475981126528
0.07253965809333125
0.9481959592848247
0.07619394312756392
0.87505425423183
0.09953376363356348
0.7894795794071946
0.13028016185262456
0.7794547974742035
0.1311482295619059
0.838483401705333
0.09320527001106092
0.7976562171849411
0.1302521596684543
0.7217702980832509
0.2225613597860633
0.8348991221315273
0.30350167313050436
0.9480839505481435
0.30319364910463026
0.9611889727398741
0.29122271537179917
0.8678296907158768
0.2856082774456408
0.7339792503815302
0.3085280651890848
0.7037928958458765
0.20723016395278854
0.682847262086443
0.19404113520854638
0.6756226985704885
0.18853870601906952
0.6862075241868868
0.15884238970639725
0.720090167033029
0.17182140206936145
0.7759825266370785
0.1890427453341362
0.8338350391330529
0.1706313092421208
0.7714461728014791
0.17236744466068357
0.656805230808003
0.1808101031880487
0.6153059938675219
0.18802066561191785
0.6123377623454634
0.17877994483569742
0.6212424569116398
0.17204541954272437
0.6055612337762346
0.14500931072623668
0.5623258614171909
0.13933886843173762
0.5537571930610593
0.11224675524690932
0.5228987861053159
0.10608627472942896
0.553197149377652
0.11536899878190504
0.5459725858616973
0.11328283606121294
0.5295633059378636
0.10656231186032517
0.5136020609607552
0.1126667880094647
0.5390280441874467
0.1276619576326954
0.5620458395754869
0.13441048401775343
0.4879520602607004
0.119359310026182
0.5382439830306764
0.127087912857203
0.5769430015541215
0.14215308794085943
0.5614297915237393
0.16980524480909526
0.5464766251767637