0000000010
0.7232369391216585
0.07468565581238874
0.6789413925062028
0.03672605447230833
0.5992794964885964
0.02242812486858523
0.5465874206254645
0.008074124952690715
0.5890466645173046
0.0034763593546306517
0.7072428825747487
0.008578757762233779
0.7278066695636327
0.009980515566520404
0.6990846521538008
0.014073648355037098
0.7236995191970731
0.01631646084189582
0.760888153744796
0.01783035927052527
0.8096973604900544
0.018895695201783115
0.8493110360391929
0.028707999831789132
0.8569646336505976
0.03268899199596295
0.8240233252498633
0.03212828887424827
0.8035576613072791
0.03610928103842219
0.8156548311582725
0.03874458571048095
0.8461991337136769
0.03784746071573744
0.8583383562987983
0.043678773181569736
0.8525350789890522
0.06935897615609972
0.8402276454674159
0.09907624160697498
0.8073704425349386
0.09156281977599905
0.7999971964843915
0.08623614011970995
0.8148838643659144
0.10406649939023523
0.7987496320385764
0.11814014774527258
0.7700696673628731
0.11258918684029774
0.7579444623557943
0.07956377297130607
0.7560661068980499
0.0787787886009055
0.7476695776503732
0.09845946817308909
0.7417261245601982
0.09526346037931549
0.7062476345337052
0.05085577313951694
0.5480873014760507
0.09201138227337075
0.4451001555951162
0.13176523360293813
0.37883906418648966
0.1679866552657032
0.337683455052636
0.38374521650149274
0.3172458262661376
0.40241663045459003
0.27247368199722444
0.36058817757467865
0.24534966848427925
0.37185831032114264
0.2599419672269025
0.3205539746842541
0.27083362536620903
0.3920436227028691
0.25540027194101406
0.3953517711209859
0.25639551998205756
0.13524159295756877
0.2651284711027629
0.25994196722690255
0.2525547035983121
0.4892134736960148
0.21829574286154838
0.4452543489535876
0.19834872930655031
0.44626361457267416
0.20382960232131092
0.41598564600008375
0.19576949494666307
0.20779657690744172
0.17569632318927936
0.20628267847881232
0.17206577047617708
0.1695566240065042
0.16850530565328922
0.09873981973394635
0.15671652251923904
0.14886667881523433
0.17458893452389296
0.13911044449739957
0.1962320750220777
0.1150002102636707
0.19206885434334658
0.09156281977599905
0.17866804973436687
0.05921024965306492
0.16061340921515582
0.054163921557633256
0.18079872159688248
0.13479303046019708
0.1943677371423765
0.14185788979380132
0.18892891686174454
0.12240149147030371
0.17144899704229102
0.06240625744683826
0.17045374900124746
0.08175051514599303
0.1936948933963189
0.1756122177210222
0.21665568623053308
0.09694556974445964
0.22477186391735243
0.019176046762640224
0.2082591569828564
0.009139460883948358
0.22979015685669818
0.002971726545087587
0.25851217426653017
0.0
0.26923562146932245
0.007961984328347688
0.2558908871725142
0.006111664026689461
0.25611516842120025
0.006504156211889804
0.2923646252400508
0.00874696869874827
0.3505656092740296
0.012223328053378871
0.43455893690688113
0.01446614054023749
0.48528855184401243
0.011382273370806927
0.5028525771317232
0.010933710873435223
0.5953405570585513
0.012279398365550436
0.6129045823462623
0.007849843704004864
0.7232649742777444
0.007849843704004711
0.8965362564656076
0.007681632767490475
0.9440978987650512
0.005214539031945901
0.9471677483564388
0.0038688515398309434
0.970759332202582
0.0031960077937734387
0.957372545171645
0.0035884999789735266
0.9275851918305554
0.005438820280631906
0.9269403832405836
0.005775242153660734
0.9613955900699476
0.014073648355037098
1.0
0.03577285916539341
0.9964956054892836
0.05640673404449177
0.9864870547666774
0.06459299962152541
0.9838096973604898
0.07109715583341507