0000000001
0.46722541906429854
0.6909348678175308
0.45938620632140803
0.6869318655658414
0.4509215244766915
0.6892669502126604
0.44229005087148726
0.6857643232424327
0.43782837127845947
0.6800934033858737
0.4404553415061299
0.6672504378283719
0.47773329997498126
0.6408973396714208
0.4728129430406141
0.6162121591193405
0.4783587690768079
0.5953631890584609
0.4950379451255111
0.5858560587107003
0.5062546910182643
0.5811858894170634
0.5144274872821286
0.5701776332249184
0.5387373863731137
0.5546659994996256
0.539738136936036
0.5493286631640406
0.5300642148277878
0.5508297890084239
0.5286881828037698
0.5616712534400806
0.5157618213660248
0.5615044616795937
0.4950379451255111
0.5595029605537493
0.47990159286131295
0.5600033358352103
0.47101993161537853
0.5509965807689103
0.4626803435910266
0.5341506129597204
0.5264781919773166
0.516470686348095
0.5062963889583858
0.505796013676925
0.48882495204736914
0.4992911350179307
0.5783921274289057
0.48794929530481257
0.599282795429906
0.4792761237594863
0.5529146860145112
0.46860145108831686
0.5814360770577937
0.45125510799766494
0.6752564423317494
0.4215661746309729
0.5303561004086405
0.5176382286715039
0.5955299808189481
0.5298140271870576
0.6171295138020182
0.5374864481694608
0.6780502043199075
0.7861729630556257
0.7256692519389552
0.6717538153615218
0.5592110749728969
0.3868734884496712
0.5319823200733886
0.37569844049703915
0.6169627220415315
0.47610708031023297
0.6202985572512724
1.0
0.5678842465182223
0.757151196730882
0.6205904428321244
0.4324076390626303
0.612334250688017
0.4962888833291638
0.6360186806771752
0.5114669335334837
0.6016178800767248
0.4704361604536736
0.6142106579934957
0.35168042698690744
0.619506296388959
0.3410057543157371
0.7044450004169797
0.3336669168543077
0.7073221582853814
0.3348344591777169
0.7425152197481454
0.3218247018597281
0.8254107247101999
0.3101492786256359
0.7459344508381291
0.29480443666082956
0.7087398882495214
0.26228004336585714
0.8031857226253032
0.22992244183137353
0.7446835126344765
0.20974063881244298
0.6440663831206744
0.199399549662247
0.6104995413226593
0.18088566424818614
0.5773079809857399
0.17104495037945125
0.5890668001000756
0.16720873988824966
0.5294387457259617
0.17554832791260128
0.5373196564089741
0.16820949045117187
0.6484029688933373
0.16737553164873656
0.636560753898758
0.17588191143357518
0.5588774914519229
0.1872237511466932
0.4828621466099581
0.1977316320573765
0.3513468434659331
0.2112417646568261
0.32520223500959083
0.2179134350763074
0.2928863314152284
0.23409223584354963
0.29718121924776947
0.24660161788007673
0.2945959469602202
0.26177966808439723
0.24580935701776394
0.27128679843215775
0.22946376449003433
0.2812943040613797
0.1613710282712034
0.2991410224334921
0.11212576098740722
0.31481944791927247
0.0736385622550246
0.32832958051872296
0.0347343841214244
0.3440080060045037
0.03189892419314501
0.361354349095155
0.021265949462096572
0.3730297723292472
0.0
0.3686931865565841
0.030731381869735636
0.3656909348678181
0.07505629221916438
0.35701776332249247
0.13097322992244154
0.35651738804103106
0.19097656575765173
0.35534984571762185
0.21628721541155882
0.3451755483279129
0.23642732049036808
0.33116504044700223
0.24434992911350195
0.312651155032942
0.2802518555583354
0.2876323909598866
0.2899257776665833
0.2657826703360854
0.2919689767325494
0.24259861562838797
0.3285797681594532
0.2237511466933535
0.3484696855975318
0.2015678425485778
0.3852055708448003
0.1790509548828291