0000000001
0.1813641201997871
0.15270613280930156
0.18242855973143376
0.17628756243347257
0.18283795955129792
0.2059281093916318
0.189183656759191
0.23663309588143785
0.2046589699500533
0.27331531974125955
0.21620404487022027
0.3129452223041023
0.23088102841234748
0.3587161221649064
0.25008187996397285
0.40055678375501497
0.2734176696962255
0.4360108081552442
0.2989232784737576
0.4641775157618928
0.3225865880619013
0.4806353885204289
0.33581020224351105
0.4749856710063046
0.34803078686645383
0.4590190780316057
0.36903299762548103
0.45173176123802483
0.37582903463522477
0.4590190780316057
0.40372963235896187
0.4814541881601572
0.42608286252354044
0.5181364120199788
0.4247523131089823
0.5558011954474741
0.39724064521411606
0.5870793416850896
0.41138540899042
0.6122164906247438
0.43840579710144933
0.6388274789159094
0.41515188733316966
0.6767379022353232
0.4015802833046755
0.7320887578809467
0.3850814705641531
0.779824776877098
0.3407434700728732
0.824531237206255
0.3501801359207402
0.8496683861459102
0.39564398591664635
0.8621141406697779
0.40702530090886774
0.8629329403095062
0.4052034717104724
0.848440186686318
0.42804798165888813
0.838205191189716
0.4466756734627036
0.8796364529599607
0.42800704167690173
0.9842790469172189
0.43488495865061827
1.0
0.4489887824449358
0.9151723573241629
0.4522639810038484
0.7659051830017193
0.4980962908376322
0.683124539425203
0.5049946778023421
0.6913944157864568
0.520879390813068
0.6879554572995988
0.5091705559649555
0.670105625153525
0.5066118070908049
0.6444771964300335
0.5083108163432408
0.6009170555964956
0.5172562024072709
0.5391795627609924
0.5084336362892
0.46761647424875136
0.5228035699664293
0.3876197494473102
0.532813395562106
0.31302710226807506
0.5151273233439778
0.25186276918038175
0.5348399246704333
0.2002783918775076
0.5558626054204538
0.15033161385409
0.5490256284287236
0.10865471219192661
0.5094776058298532
0.07344632768361592
0.5089863260460166
0.02530090886760018
0.5299885368050438
0.0
0.519753541308442
0.04830917874396141
0.5070416769016621
0.12437566527470732
0.48229345779087857
0.15999344960288217
0.4694178334561533
0.1773520019651192
0.4495005322197659
0.17153852452304935
0.4095226398100386
0.17538688282977147
0.4670023745189554
0.24621305166625732
0.5342667649226233
0.3227708179808402
0.49885368050438056
0.3697699173012364
0.5226193400474906
0.3981003848358305
0.5480430688610497
0.41660525669368714
0.5740808974044052
0.41914353557684414
0.5593015639073117
0.3952345860967821
0.5141652337672973
0.36092688119217214
0.5068165070007371
0.3351346925407353
0.517071972488332
0.2919839515270613
0.4833578973225252
0.2146073855727505
0.4696839433390648
0.177433881929092
0.4496028821747319
0.1742405633341522
0.5287193973634651
0.1799721608122493
0.5274297879308935
0.18717759764185715
0.4484360926881193
0.2047817898960124
0.33615819209039555
0.22566118070908062
0.30121591746499643
0.25399164824367465
0.291349381806272
0.2791287971833294
0.2973470891672809
0.3020551870957175
0.2953000900679606
0.3203962990256284
0.2859453041840662
0.3357078522885452
0.2785965774175059
0.3402112503070499
0.27857610742651273
0.34422336854171787
0.2810325063456972
0.3473348071726849
0.2717186604437894
0.3438139687218535
0.2569597969376894
0.3447965282895276
0.2363874559895195
0.3463522476050111
0.22083026283468435
0.34774420699254893
0.21775976418570384
0.352165725047081
0.21376811594202907
0.3574060427413412
0.21088184721198716
0.3600262015884713