0000000001
0.42053754016944184
0.5690914402570848
0.43867465186483606
0.5320868633752065
0.46654981010809243
0.581945661700263
0.47012854221443173
0.6635504917713505
0.44838835329632876
0.6495277047424286
0.4223877690135359
0.6911091635018014
0.40084234102639016
0.6826370630051608
0.3990408024150354
0.5977212971078003
0.42134092900964065
0.4831044892394585
0.45055506865322814
0.4005258545135844
0.4396241114032527
0.38212094653812395
0.41963677086376494
0.3865030674846626
0.42820625182588357
0.3613789073911774
0.43487681371116954
0.3014899211218231
0.445539974681079
0.28775927548933683
0.44315415327685265
0.2540656344337325
0.4546450482033304
0.13818288051416905
0.4697877105852567
0.04012075177719371
0.4766530334014996
0.0
0.4862936994838836
0.05774661602882481
0.5071818093290487
0.15931444152303054
0.5229087545038464
0.5876911091635016
0.5014850520985491
0.5872042068361086
0.4068068945369559
0.4565196221637939
0.34153763754990757
0.5389034959587109
0.3258106923751097
0.40169442009932793
0.3374720031161748
0.37345408511052675
0.40687992988606486
0.4354854416204113
0.4602200798519815
0.5684097769987339
0.4263560229817902
0.4395754211705132
0.35283377154542805
0.29457590807284023
0.3158535397799201
0.38582140422631245
0.2825007303534911
0.3570941669101179
0.31429545233226214
0.35105657805044316
0.3538319213165838
0.32729574447365817
0.3318239361184146
0.09738046547862478
0.29313954620703087
0.1571720712825008
0.3168760346674455
0.2601032232934072
0.38265653909825675
0.3069432271886261
0.398797351251339
0.22348816827344406
0.41218716525464993
0.28318239361184144
0.3488655175771741
0.2649722465673388
0.38769597818677576
0.16330704060765425
0.40544356802025516
0.16077514850521002
0.469885091050735
0.17070795598402938
0.5439185899308597
0.16243061641834672
0.5977212971078
0.17041581458759386
0.5812639984419126
0.12328366929593944
0.572353685850618
0.002629272567923137
0.5833089882169636
0.301782062518259
0.5668760346674457
0.6392053754016943
0.5165546791313663
0.7578147823546594
0.5178693154153275
0.9147920927062031
0.5124646995812643
0.9707858603564118
0.5113448242282599
0.9908462362450092
0.5228600642711071
1.0
0.5531453890349596
0.9402083941961241
0.5734735612036226
0.7639497516798132
0.5408267601519136
0.4490213263219398
0.49783328464310067
0.09533547570357383
0.458710682637063
0.11490894926477752
0.41121336059986385
0.17294770669003776
0.38832895121238664
0.2332262148213071
0.4065147531405202
0.26691985587691114
0.380855000486902
0.26185607167202263
0.3700457688187748
0.23916642321550322
0.3692423799785762
0.22972051806407623
0.37026487486610177
0.215502970104197
0.3573376180738143
0.17879053461875524
0.27602492939916273
0.1615541922290389
0.24610478138085487
0.17177914110429443
0.2479793553413184
0.2574739507254841
0.26390106144707376
0.3636186580971858
0.2675528289025222
0.3922485149479017
0.306091148115688
0.4425942156003507
0.3889619242379979
0.48407829389424495
0.31614568117635616
0.4990748855779528
0.29009640666082404
0.5377349303729668
0.32434998539293014
0.5288733080144123
0.38117148699970793
0.4987827441815171
0.42764631414938165
0.5280942642905836
0.4314684974194177
0.5657805044308117
0.40417762196903306
0.5923653715064754
0.31018112766579037
0.6013243743305089
0.2492453013925407
0.5826273249586128
0.26212386795208886
0.559645535105658
0.403471613594313
0.5638328951212385
0.46272762683805607
0.5440646606290773
0.4627276268380564
0.5571136430032138
0.39268672704255514
0.5772713993572888