0000000001
0.9526613698914677
0.8623980890065944
0.9600768551695484
0.8289557044191718
0.9710339097471048
0.7712935555901749
0.9913901438437966
0.7123851067144413
1.0
0.6227761333541044
0.9868307628394868
0.48589084488757306
0.9479150438801469
0.3624240535909018
0.8879887832995794
0.2674975333644908
0.7873812120267953
0.19176403385781776
0.6640805940696887
0.12259438126395589
0.5426494261826864
0.06705094251441027
0.4346367554655447
0.02002388741756236
0.3672846237731733
0.0048605701822713185
0.33151581243184275
0.0010801267071713222
0.31928130030638197
0.0
0.303058628031365
0.0035311834657526706
0.2853611673677103
0.004528223503141652
0.26767409253777835
0.00581606688476911
0.2330373370722333
0.0007893233629329394
0.21436360803863516
0.010095030378563588
0.1991587474684529
0.010095030378563588
0.1965726748714752
0.0037804434750999018
0.20433089266240842
0.012463000467362463
0.20507867269045002
0.02205951082723157
0.2131796229942358
0.02866490107493377
0.23108480033234652
0.04627927506880603
0.24906267850651692
0.04378667497533357
0.26328088487303297
0.049685828529885075
0.2764293503661004
0.0722023160409201
0.2886119333229473
0.0874071766111024
0.292984369320247
0.09480189022173743
0.2507244119021653
0.09970400373890013
0.2686503609077217
0.10763878070312086
0.31455574596250696
0.11939554447733289
0.2901801942150905
0.12438074466427788
0.2249675442696161
0.1654255595367917
0.20940956535285857
0.14839279223139626
0.2224230150075295
0.1470634055148776
0.23235187204652838
0.11623825102560105
0.2511606169185229
0.11715220439320756
0.25923040972114014
0.08508074985719473
0.2837721348081216
0.06705094251441027
0.29863426286545136
0.14232746533727994
0.2886534766578385
0.18299839019577288
0.3033598172093263
0.16197746274082148
0.31612400685465014
0.09405411019369572
0.33661525678973864
0.06144259230409718
0.35217323570649617
0.0824219764241574
0.36702497793010314
0.12400685465025693
0.3524328815495663
0.11266552422495694
0.35234979487978363
0.14934828893389407
0.3857714077997609
0.14157968530923815
0.3879005037129354
0.1452770421145557
0.35842550760762293
0.18607259697772222
0.3479565872150385
0.19010230046216933
0.3465960429973514
0.19741392740302224
0.3464298696577866
0.20580568105104602
0.36136469855117603
0.21274341797787805
0.38028768759412135
0.21627460144363075
0.41233837046268873
0.22109362829101076
0.4008620241989923
0.2279898218829515
0.3748766682245415
0.2318948953627251
0.3733499506672897
0.2373786155683645
0.3870177078464973
0.24759827595160183
0.4057745235498778
0.25428675286908636
0.44201069740873433
0.262553876512437
0.4656488549618318
0.27086254349067856
0.484488757334995
0.28423949732564774
0.4892143116788698
0.2979903411746374
0.48541309653632425
0.3229994287791451
0.4790361946305237
0.3512073531702755
0.4795554863166638
0.3713143272576205
0.4865970815807237
0.3701095705457753
0.48755257828322146
0.36890481383393026
0.5020719738276987
0.36337955029339947
0.539689463571688
0.33957521940073726
0.5587786259541981
0.29828114451887605
0.5816482318118082
0.2592304097211403
0.6529158228176765
0.25200186945006997
0.7087916082463518
0.26118294646102713
0.7149919509788646
0.27023939346731046
0.6743937269564312
0.2903879108895466
0.6337851171002752
0.3060082048086408
0.62931920859947
0.3091239549254815
0.6273874435270287
0.30571740146440224
0.5997403541569296
0.30671444150179145
0.5743573765384015
0.3090824115905902
0.5640234719842133
0.3011476346263695
0.5194059303110554
0.2961208911045333
0.4889858233369681
0.29229890429454214