0000000001
0.2776176526176529
0.42921942921942907
0.2671517671517673
0.256000756000756
0.2365101115101117
0.2285012285012285
0.19878094878094882
0.31071631071631084
0.22233509733509751
0.33424683424683455
0.3341050841050844
0.37507087507087533
0.5564638064638066
0.5132300132300137
0.8227886977886981
0.6253071253071255
0.9899829899829903
0.6283311283311288
1.0
0.6109431109431114
0.8419958419958421
0.6220941220941227
0.6399546399546404
0.6111321111321115
0.5439897939897943
0.5587790587790585
0.5294367794367796
0.4784539784539788
0.5072765072765076
0.4096579096579099
0.49279436779436797
0.44112644112644084
0.4633103383103385
0.6008316008316011
0.6784398034398037
0.7402192402192403
0.8577537327537332
0.7555282555282564
0.825907200907201
0.7027027027027027
0.8257890757890762
0.7219807219807224
0.8108816858816862
0.797864297864298
0.7617888867888869
0.8724248724248722
0.7564023814023816
0.8655263655263653
0.8484927234927236
0.7171612171612177
0.9066339066339071
0.6078246078246076
0.8907815157815159
0.6529011529011534
0.7840909090909091
0.6942921942921945
0.7147278397278403
0.7061992061992066
0.7114912114912116
0.7114912114912116
0.6892364392364394
0.6443016443016447
0.6120771120771121
0.5641655641655641
0.612785862785863
0.4465129465129464
0.5944764694764697
0.28699678699678716
0.5928699678699682
0.2175392175392174
0.572717822717823
0.23152523152523155
0.5024570024570026
0.24475524475524493
0.555589680589681
0.21621621621621642
0.5175297675297679
0.18455868455868477
0.499621999622
0.16764316764316786
0.47339822339822357
0.1710451710451711
0.47951710451710455
0.16613116613116635
0.46966546966546985
0.16017766017766025
0.4451899451899454
0.18134568134568158
0.419651294651295
0.1815346815346814
0.45300982800982836
0.1961821961821962
0.4851634851634855
0.2736722736722735
0.5096862596862598
0.2646002646002646
0.4970941220941223
0.12228312228312203
0.4670667170667171
0.2267057267057269
0.4792808542808545
0.3742203742203743
0.4296210546210548
0.3054243054243057
0.3713853713853715
0.32073332073332084
0.4729493479493483
0.448402948402949
0.6024144774144777
0.5237195237195242
0.5364770364770369
0.4102249102249103
0.5052683802683804
0.3397278397278398
0.5341854091854094
0.3702513702513705
0.5470137970137975
0.325080325080325
0.41565866565866555
0.29493479493479524
0.3672273672273675
0.2942732942732944
0.3690464940464943
0.28378378378378394
0.39411264411264435
0.3086373086373091
0.3530759780759782
0.30514080514080527
0.33282933282933314
0.2449442449442453
0.23365148365148367
0.25845775845775865
0.2020175770175769
0.27452277452277485
0.2682148932148934
0.23313173313173333
0.33476658476658505
0.29550179550179584
0.26816764316764335
0.3012663012663014
0.21090058590058594
0.22547722547722532
0.2097665847665848
0.2340767340767339
0.22075222075222078
0.31090531090531104
0.1966546966546967
0.2960687960687964
0.1623747873747876
0.32489132489132516
0.16216216216216223
0.47391797391797463
0.18434605934605938
0.5344925344925349
0.17541580041580063
0.5153090153090153
0.18793706293706297
0.35361935361935387
0.20336420336420338
0.17132867132867138
0.21534209034209054
0.08731808731808725
0.20851445851445854
0.09695709695709671
0.1922840672840675
0.028066528066528047
0.185952560952561
0.0
0.14678227178227185
0.06237006237006216
0.13565488565488573
0.08637308637308666
0.1612407862407863
0.29465129465129497
0.19143356643356646
0.41665091665091636
0.2404791154791155
0.34114534114534145
0.2692307692307694
0.2246267246267248