0000000001
0.9777646595828414
0.9199134199134203
0.9935556867375046
0.900334513970877
0.9807900432900429
0.8780991735537192
0.9661304604486424
0.8625541125541124
0.9604732388823298
0.8414994096812282
0.9444116489571033
0.7814836678473046
0.929407713498622
0.8060802833530106
0.9152646595828412
0.7840417158598969
0.9328020464384101
0.8111963793781979
0.9376967729240454
0.9033844942935847
0.9208480913026366
0.978551751279024
0.9478305785123968
0.8276269185360101
0.9757477371113732
0.8658992522628881
0.9394431326249505
0.9156828020464381
0.9204299488390395
0.916371507280598
0.8873966942148759
0.9808146399055486
0.9306621408894133
0.9178473042109403
0.9235291223927589
0.9314246359700906
0.9404761904761902
0.9647776465958278
0.94219795356159
0.9407713498622583
0.9551849665486026
0.9036796536796542
0.9396890987800076
0.5403384494293587
0.8590613931523021
0.39964580873671735
0.7800570641479733
0.4992129083038175
0.7285517512790237
0.23002754820936674
0.6666420700511609
0.14305391578118865
0.6289600550964188
0.4144037780401417
0.6261806375442738
0.3506493506493501
0.5955578512396693
0.17571822117276706
0.6112012987012988
0.09897678079496246
0.6066017316017319
0.060802833530106695
0.6174488390397483
0.07782369146005533
0.6204988193624557
0.19303423848878434
0.6083726879181424
0.2917158598976778
0.5631149153876427
0.16105863833136588
0.5674685163321527
0.1144234553325466
0.47596910665092496
0.1834907516725701
0.3812475403384497
0.0
0.33653089334907516
0.07743014561196421
0.3780253837072022
0.37770562770562766
0.4009002361275093
0.38557654466745384
0.34268004722550227
0.36963793781975646
0.29626623376623384
0.3394332939787487
0.25383707201889066
0.2584612357339633
0.24911452184179506
0.3365800865800871
0.2696772924045652
0.4059425423061791
0.29963597009051596
0.4245375836284929
0.29643841007477395
0.28778040141676514
0.21123573396300688
0.20975993703266396
0.19910960251869364
0.3465171192443923
0.24316214088941376
0.5425029515938609
0.23312672176308555
0.5765446674537587
0.24916371507280613
0.5551948051948056
0.2801062573789851
0.6097992916174735
0.2741784730421097
0.6956906729633997
0.18676210153482922
0.737603305785124
0.09174537583628532
0.7391774891774885
0.1421192443919718
0.8327430145611959
0.20971074380165328
0.8760330578512399
0.2512052341597799
0.8772136953955137
0.28165584415584444
0.9152892561983466
0.2842138921684377
0.9269972451790635
0.3195346320346322
0.9081070444706806
0.29078118850846146
0.9128295946477762
0.2594451003541914
0.9519874065328612
0.2337416371507284
0.8501574183392356
0.28925619834710786
0.8805588351042899
0.3309474616292798
0.8734750098386465
0.31877213695395534
0.8894136166863438
0.3247983077528534
0.9015151515151517
0.3494933097205824
0.9197166469893737
0.37172865013774115
0.8371704053522231
0.41396103896103903
0.8582251082251078
0.4343762298307755
0.9372294372294373
0.4614325068870527
0.8668831168831171
0.561663715072806
0.8564541519086976
0.6070690672963399
0.9436245572609203
0.6428325462416372
0.9631050767414397
0.6804899645808742
0.9264069264069261
0.7134002361275089
0.9634002361275089
0.8409336875245965
0.9363439590712311
0.8967188114915385
0.9842581660763483
0.8890446674537582
1.0
0.9147727272727267
0.9679260133805585
0.8848632428177877
0.8830184966548594
0.8908894136166858
0.8826249508067688
0.9027695789059423
0.9551357733175916
0.9203807556080281
0.9670405352223523
0.8824281778827232
0.8872491145218416
0.8756149153876425
0.9439197166469891