0000000001
0.0900900900900901
0.0
0.12921012298605658
0.009644499271055311
0.13237822885125788
0.006167993719860942
0.13828455011027624
0.007962319165638701
0.14170498299129006
0.01641060147284215
0.14548988822847744
0.02605510074389742
0.1476299951403686
0.03962468692759152
0.14941497514111624
0.056259579081155885
0.15165788194833837
0.0699786923853314
0.15310642592800272
0.07730552128892375
0.15729318530148403
0.08085679040035888
0.17102164405068968
0.07973533699674784
0.19148816866659196
0.07296923479496094
0.17933909012747185
0.06205375499981309
0.19088071473963594
0.049044895517924576
0.20724458898732762
0.0355874546745916
0.21350603715748945
0.0247841202198049
0.19446936563119135
0.023550521475832698
0.1987589249000037
0.031961422002915775
0.19913274270120743
0.043960973421554354
0.22733729580202605
0.06104444693656312
0.23104743747897274
0.07573548652386827
0.20003925086912644
0.09207132443646966
0.19710478112967736
0.11177152255990425
0.18859108070726333
0.13113528466225563
0.1991701244813278
0.14507868864715345
0.21293596501065382
0.1530783895929124
0.22984187507009082
0.15610631378266232
0.23401928899854205
0.15457366079772722
0.24446749654218536
0.15094762812605136
0.2614855519419835
0.1488168666591903
0.2516354528802662
0.14231243691824602
0.28221374901872825
0.13259317408694998
0.32653919479645627
0.11988336884602438
0.30282045531008184
0.10818287166834879
0.32860453814810664
0.1036222944936638
0.3652106463309783
0.0986131359575343
0.31330604463384537
0.09308063249971965
0.29511980860528586
0.08635191207805316
0.3205020373070165
0.08537998579492354
0.2883910881836193
0.08758551082202536
0.27273746775821467
0.09532353930694182
0.308801540129341
0.10160367836716386
0.2991757317483459
0.10822025344846926
0.27132630555867066
0.11509850099061715
0.28388658367911473
0.12014504130686697
0.2873817801203693
0.12758401555082055
0.26058838921909466
0.13954618518933873
0.24129939067698397
0.15038690142424582
0.24820567455422224
0.15954543755373632
0.24262644387125715
0.1693768457253935
0.2112911666853576
0.17408695002056002
0.19453478374640198
0.17662891106874504
0.1792549811222011
0.1816754513849949
0.13309782811857498
0.1821240327464394
0.10434189376098092
0.1867967552614855
0.11277148517812416
0.19176853201749455
0.12611678068109602
0.19816081641807778
0.14620948749579452
0.2103472767373182
0.14803184927666252
0.2899704683937049
0.15642405891368544
0.3827520466524616
0.15623715001308366
0.4604313857425891
0.15993794624500018
0.5269335725767259
0.1746850585024859
0.5902956898807522
0.17795596426301818
0.6434525812119174
0.18971253411087438
0.6971701992448879
0.1994598332772606
0.7552241037718216
0.22496355276438262
0.8043063810698666
0.25348585099622445
0.8528279316661057
0.28400807446450593
0.9017233000635487
0.32531494149751417
0.9564876079398902
0.3695843146050615
0.9958506224066387
0.41478823221561806
1.0
0.458609023961721
0.9961870584277221
0.497859893088109
0.9833651078464354
0.5354472729991402
0.9724870098314079
0.5623528092407761
0.9638144368434821
0.5944263765840528
0.9454599828043809
0.6252476542932975
0.9136480879219465
0.6509756644611415
0.8783970692684389
0.6707786624799071
0.8603790512504205
0.6835165040559231
0.8669956263317257
0.697058053904527
0.8851631714702252
0.7083566969459085
0.9056110051960674
0.7161507981010056
0.9244514223767333
0.721272101977496
0.9395162797652422
0.7248140256439011
0.9376098089791038
0.7301035475309333
0.9302829800755112
0.7464300399985048
0.9306567978767148
0.5916414339650855
0.7180666143321746