0000000001
0.82660166021382
0.6721157369787931
0.8568264741965805
0.6839698548507878
0.8955594856842406
0.7155808358427733
0.8652231410225767
0.5475200356898172
0.787103866927967
0.26480569762439654
0.761547408505011
0.16194254576741066
0.7993244427449296
0.2251645077513819
0.8433631279575543
0.30126029667160575
0.840606726893233
0.1958478721539757
0.8407023246180072
0.12051686503194547
0.8691426477383166
0.20381434921848834
0.8369262144894285
0.07896372066344823
0.8495769800678741
0.0
0.9278077848413873
0.06507018466293839
0.9991236875229034
0.22382613960454392
1.0
0.29711772859805935
0.9177859566942306
0.2456224208530504
0.8642830967289642
0.3704730494080907
0.8381849178656212
0.47021334225578737
0.7897328043592559
0.4604623743288243
0.7215078947787706
0.35747175883880633
0.6586205248315089
0.23822953013718243
0.6453005751796439
0.27258097923936075
0.6889090706307854
0.38003282188550563
0.7832321590746139
0.4082660166021381
0.8156397877730508
0.41980147539155216
0.804295524433185
0.39730414416136917
0.7374727148160539
0.3905485716106624
0.6933862307410414
0.5046285231744817
0.6565970396571226
0.5639628443509711
0.5910170004620555
0.5948727753612798
0.5356021860013063
0.5903478163886365
0.47647499322849435
0.5595653490113601
0.40893520067555694
0.5059668913213197
0.3688000892245429
0.4013829804183992
0.3805586093717636
0.3122859009288912
0.3525325430588083
0.23395949843060407
0.32955722320475433
0.19871580389720056
0.35621305546261334
0.23536159839395793
0.35258034192119553
0.24396539362363168
0.28561413571690325
0.23434188932970032
0.25814572279846376
0.16417315934547422
0.2909357423959975
0.15397606870289807
0.34983987381100334
0.1938721858419766
0.33854340933352445
0.20961394452145346
0.36908688239886545
0.21216321718209757
0.3948186033172411
0.21394770804454827
0.4136832210060067
0.1718209773274064
0.39614103850994997
0.14110224176664596
0.38925800232621116
0.11452607427943212
0.3974794066567882
0.16461928206108697
0.4114844733362011
0.18514092697927123
0.3981804566384652
0.1817631407039179
0.39005465003266243
0.124595701288976
0.3974953396109171
0.08361614326912348
0.4123767187674267
0.11873237416949461
0.4384908305848988
0.17768430444688738
0.4524640313560536
0.185778245144432
0.44828959737424906
0.15180918694135065
0.47636346254959117
0.1541672641524463
0.4994025142201613
0.16092283670315305
0.5349170689737582
0.18921976323630174
0.5530328378184597
0.24587734811911469
0.5434252664786576
0.2540987524496916
0.5408122620014976
0.2528241161193694
0.5337061644599523
0.28156716536813087
0.5133279161289294
0.2934212832401254
0.5094243423673183
0.30667750107547403
0.511288498000414
0.39826012140911043
0.5215652534136351
0.43866609308031795
0.5363032359829835
0.448799451906378
0.5439988528273026
0.47282634673294727
0.56528527954368
0.5215811863677644
0.5609196501123271
0.5890731800583143
0.5288625464047289
0.5535745582588467
0.5023819766422891
0.48461673278842615
0.5009320778165478
0.4583592243837928
0.5198126284594424
0.43509711135541634
0.5624492137087137
0.458805347099405
0.5834169813425107
0.42674824339180734
0.5922438379299902
0.4077561620700096
0.5935503401685703
0.40329493491388224
0.5950799037649569
0.4097318483820081
0.609817886334305
0.4187817663272946
0.6347210936379714
0.4316555932635467
0.6514347625193184
0.4463139110622497
0.6687698166116978
0.46020744706275946
0.6929241750712999
0.4725076876503669
0.7222248777145767
0.48455300097191006
0.753421601899208
0.49328425983461577