0000000001
0.7770099252054712
0.8034297414896338
0.7905753206495464
0.7959218496715292
0.8259534169439464
0.8712282797258483
0.8336888206353268
0.8499559195745525
0.8173932827119412
0.7588374143275594
0.7237437078747543
0.7050308562978123
0.7323607200750787
0.695134089810312
0.7547990785769129
0.7662315502090254
0.714813866848676
0.7573585871512669
0.7133350396723828
0.8193555726189451
0.7506469868896283
0.8221994710348943
0.850524699257742
0.6922901913943629
0.9058385234479422
0.7481443562835933
0.8607627335551573
0.6782982111878962
0.8718823763615162
0.8037710092995469
0.871142962773369
0.7872763984870456
0.8677871626425503
0.7624776042999741
0.8226829337656058
0.844381878679293
0.8517760145607598
0.8439268549327412
0.8731905696328526
0.8482495805249836
0.8200949862070928
0.8866990871086083
0.7934192190654947
0.8773711003042965
0.7658902823991125
0.8913630805107637
0.7750476352984667
0.8766885646844691
0.7785456303500834
0.8459744617922247
0.7362284219207684
0.8919318601939537
0.7886983476950203
0.7723743707874751
0.8297926798054772
0.7416602678952304
0.7996757955805818
0.7567898074680772
0.7759008048232515
0.6887637573585872
0.7490259647925374
0.6203964394391832
0.6918636066319708
0.6542957085572898
0.7171458635497534
0.5874072178141797
0.7728578335181865
0.6124335238745272
0.6476409862639704
0.6613485766288423
0.43594118818075794
0.9275374683616299
0.2413332195773967
1.0
0.1628985012655347
0.8727071069021413
0.18476808008417905
0.7824986491482517
0.09524215795011791
0.7178852771379003
0.14100048346273064
0.5471376162443472
0.11893183175496956
0.5092568893439126
0.050507635867246964
0.4162045331740748
0.0
0.4405483036145946
0.037966043852913425
0.42849017433097225
0.15342831954042593
0.4709211386969257
0.2069220487444185
0.29164178255552664
0.20276995705713377
0.3360065978443249
0.15214856525324885
0.3141654580098398
0.126269089668117
0.1502431533145633
0.21681881523191976
0.42393993686545495
0.21221169979808305
0.7168614737081588
0.19119529050422285
0.8254983931973949
0.15044222620367992
0.855757472343088
0.15871797059409049
0.7540596649887668
0.19275943463299477
0.6837584961465171
0.25376105565509177
0.5740977732275401
0.31345448340585247
0.7392713932258334
0.2721042004379599
0.7073059750305709
0.3233796888775132
0.6573671188465146
0.2941159741774021
0.689105025168501
0.28982168756931975
0.7842049881978209
0.3213320820180302
0.8897704973978328
0.29986064897761827
0.7711230554844578
0.28467423143645304
0.7523533259391965
0.3458180473793475
0.7026419816284163
0.4212097943861443
0.7842049881978209
0.510764155504365
0.7704405198646298
0.4791115661348578
0.7462105053607478
0.4254472030259077
0.5709126070016775
0.42974148963399006
0.5839945397150413
0.511787958934107
0.6991155475926398
0.5682393424906863
0.723231806159884
0.5224241390097545
0.7319910132810056
0.5130108352529646
0.6569120950999621
0.5103944487102917
0.5876347296874558
0.5577737963199955
0.6529306373176343
0.5871228279725844
0.5511190740266749
0.6709040753064297
0.5573756505417623
0.6328527145010377
0.5902511162301278
0.659386286721838
0.6392799249210811
0.7585245855018057
0.6943377982538462
0.7311378437562208
0.6257429684611657
0.7732844182805786
0.5899098484202147
0.7867076188038559
0.5546455080624512
0.7507891818104253
0.4896908682421861
0.737110030429713
0.49799505161675617
0.7332707675681821
0.6083383101555604
0.7870773255979298
0.5406535278559849
0.8899126923186302
0.45613286693399285