0000000001
0.40833838077932616
0.15303856248738154
0.4237330910559256
0.2116898849182315
0.44336765596608146
0.30304865737936637
0.4605794467999197
0.3835049464970724
0.45719765798506
0.4335756107409646
0.4358974358974362
0.40954976781748426
0.4210327074500304
0.33000201897839704
0.40841409246921123
0.2865939834443775
0.37363718958207176
0.2482333939026852
0.3499899051080155
0.23016353725015137
0.3551383000201899
0.26569755703614
0.3498637189582073
0.2536846355743993
0.33911265899454907
0.17908338380779323
0.34471532404603267
0.15515848980415906
0.36069049061175057
0.17857863920856062
0.36811023622047256
0.1431455683424189
0.352538865334141
0.0730870179689079
0.3006763577629721
0.05622854835453278
0.2635019180294772
0.06087219866747443
0.2268574601251768
0.08509993943064807
0.2591358772461134
0.11124570967090669
0.30567332929537666
0.10367454068241468
0.24661821118514027
0.07712497476276985
0.20853523117302658
0.022107813446395935
0.2071976579850595
0.0
0.22264284272158283
0.004441752473248352
0.279123763375732
0.008176862507571075
0.366116495053503
0.032404603270745
0.410281647486372
0.08974358974358973
0.29552796285079763
0.16020593579648676
0.18768927922471226
0.19563900666262848
0.15303856248738118
0.18312134060165572
0.16219967696345663
0.1543508984453866
0.1946295174641633
0.17100747022006843
0.2531041792852818
0.24671916010498682
0.3714920250353324
0.29335756107409683
0.39584595194831446
0.30335150413890605
0.3805774278215226
0.33504946497072513
0.3778013325257419
0.3766404199475067
0.34850090854027893
0.33323238441348707
0.34292348071875645
0.26095295780335126
0.3149858671512218
0.24742580254391275
0.2946951342620635
0.2784171209368061
0.28634161114476087
0.2813446396123561
0.2662527760952959
0.2668079951544514
0.3285130224106605
0.256713103169796
0.35120129214617396
0.24934383202099752
0.3700535029275188
0.2281445588532204
0.39667878053704836
0.19644659802140096
0.4290581465778319
0.18231374924288307
0.4080607712497477
0.19281243690692507
0.3831768625075715
0.20169594185342232
0.3719210579446803
0.2012921461740359
0.38976377952755936
0.19432667070462378
0.37245103977387456
0.21098324247930525
0.3916565717746825
0.22339995962043221
0.35435594589137925
0.18574601251766604
0.34201494044013725
0.12295578437310682
0.36732788209166173
0.10327074500302827
0.35059559862709483
0.1461740359378156
0.291515243286897
0.19846557641833248
0.28311124570967106
0.20714718352513606
0.31306783767413704
0.17615586513224324
0.30988794669897046
0.16807995154451863
0.32571168988491817
0.1619220674338786
0.28881485968100157
0.14869775893397918
0.291439531597012
0.1436503129416515
0.2919695134262063
0.17928528164748653
0.28492832626690906
0.22663032505552205
0.2994144962648901
0.2786190187764994
0.3171562689279226
0.34151019584090464
0.25509792045225127
0.39693115283666475
0.22680698566525315
0.4362002826569753
0.22637795275590566
0.4542701393095093
0.2139612356147789
0.49364021804966696
0.21502119927316773
0.6218453462547955
0.2498485766202303
0.7334948516050884
0.2769533615990312
0.7657985059559869
0.3517312739753686
0.846759539672926
0.3825711689884923
0.9822329901070063
0.3623813850191806
1.0
0.3335604684029882
0.884312537855845
0.3182667070462347
0.770845951948315
0.3114526549565919
0.8090046436503135
0.3097112860892388
0.8749242883101158
0.3710125176660611
0.9007672117908342
0.41840803553401973
0.8991520290732893
0.4150767211790837
0.9171209368059773
0.4084393296991725
0.9048051685846973
0.36286089238845154
0.8315162527760959