0000000001
0.004295211106952518
0.017376891407795532
0.0028694148888770044
0.019693810262168276
0.0023703862125505526
0.023935554010942984
0.0015683758398830749
0.028284232476073336
0.0004812062236004752
0.02928228982872619
0.00010693471635565665
0.027250530217968593
0.00046338377087453916
0.024684097025432637
0.0
0.022402823076511775
0.001434707444438494
0.021048316669340005
0.005970521663191274
0.021083961574791917
0.014828280667985513
0.020549287993013594
0.01358962020353238
0.019978969505783373
0.015122351137963591
0.01933736120764939
0.015826338020638382
0.022759272131030673
0.017599672066869833
0.027500044556131777
0.04840578160366427
0.0313853392503876
0.03380028159475306
0.03452209093015378
0.014266873407118272
0.036696430162718965
0.014970860289793074
0.03683900978452652
0.016307544244238883
0.03655385054091144
0.014917392931615233
0.036803364879074645
0.037988557985349926
0.039548022598870025
0.08135949669393504
0.04193623126414657
0.09242723983674633
0.04364718672583721
0.05148015469888965
0.04407492559125986
0.021235452422962434
0.04660571387834393
0.029300112281452167
0.047710705947352466
0.04200752107505035
0.046106685202017446
0.05837744390383001
0.04603539539111372
0.0697481687429824
0.04692651802741094
0.0598299738009945
0.050134559518080865
0.06244096312534532
0.05252276818335738
0.07340177155180092
0.05459017269956688
0.06872337771124061
0.055196136092249014
0.062209271239908014
0.055837744390382985
0.09319360530396194
0.057263540608458535
0.1666399329875777
0.060008198328253895
0.21951023899909103
0.06439252169883618
0.24921135646687698
0.075620666916181
0.27381525245504285
0.08453189327915302
0.2949170364825607
0.07127198845105058
0.3212675328378692
0.07380277673813465
0.3456397369405978
0.10278208487051983
0.3613680514712434
0.10705947352474646
0.3797251777789659
0.09019943324600328
0.4127323602274146
0.09907501470352342
0.46014008447842597
0.12466805681797923
0.4988860967046286
0.11771730025486105
0.5119053984209306
0.09968097809620556
0.5192215152649307
0.11276265839704858
0.5250405460799515
0.13792796164608173
0.5337379030102122
0.11686182252401577
0.5418916751323317
0.10991106596089752
0.5487622306581832
0.12381257908713397
0.536402359692741
0.13464863034450802
0.5162095207542462
0.1571405656846495
0.5012921278226309
0.18843679267140745
0.4861608654583044
0.29048815698016356
0.4678661177351226
0.4065836140369637
0.4534655759325598
0.4820438788786113
0.4496159261437558
0.5171184658432693
0.4525744532962626
0.5582883316402001
0.4435919371223867
0.6222352920208879
0.4343866402894367
0.6860753176852199
0.4320073428505231
0.7500579229713594
0.4449197098504697
0.8280133311946388
0.4628758309718583
0.8496497888039353
0.45263683188080334
0.8329323281469998
0.40219037944001856
0.8285836496818694
0.36396121834286826
0.8227735300932113
0.3711704004705128
0.8388493824520128
0.3639344846637794
0.8718209199950099
0.35428362651268064
0.9128838510755851
0.3495428540875796
0.9539467821561602
0.35816000998057346
0.9787199914452227
0.37678447307918517
0.9831756046267088
0.425929886470976
0.9870608993209644
0.5070933361849258
0.9910174838261242
0.5974086153736476
0.9920511860842292
0.6514195583596214
0.9908749042043165
0.700039209395997
0.9980395302001462
0.7141278582758558
1.0
0.7270580477285284
0.9950810030476389
0.7442388921563386
0.9923719902332959
0.7631663369512912
0.9932631128695931
0.7852661783314622
0.9923363453278442
0.8116434083658594
0.9925502147605554
0.8351868684168319
0.9929066638150744
0.8577946496996915
0.9874886381863872
0.8869343599066105
0.9877381525245506