0000000001
0.5011117699377406
0.3991995256448265
0.4896975985769343
0.37333234509338836
0.4936073228579896
0.35117106433441997
0.4794137266528313
0.3347168692558552
0.4722613400533645
0.3228579899199522
0.4638489475244585
0.31737325822709717
0.4522124221761041
0.31492736436406726
0.4498962348058106
0.29795434331455656
0.44659798399051265
0.26371182923213754
0.4342017491847018
0.2167210198636228
0.43798176697302094
0.17276904832493326
0.462811295582567
0.15142306552030818
0.4764119478209309
0.14519715386895926
0.47780166024310683
0.150088941595019
0.4756892973613989
0.15698191520901275
0.46825896827749763
0.16053957900978355
0.4569189149125406
0.16935962051586123
0.44641268900088915
0.18114438185591472
0.4466165134894751
0.19063148532463678
0.4265305366142897
0.19359620515861245
0.4053883782982505
0.22939519715386886
0.40194189149125403
0.31744737622294683
0.3951600948710342
0.4594574562703823
0.33019567150904217
0.6102875778238956
0.3167061962644529
0.7423658464275127
0.3364215831603912
0.850874592351023
0.3760376519418912
0.9228431663207828
0.38202268010672974
0.9662763118885264
0.4039060183812628
0.9944411503112951
0.4782834272161279
1.0
0.5117662318410909
0.9909576045063742
0.486806996738808
0.9690927957308026
0.476912244292914
0.9455973910465462
0.4941632078268599
0.908390157130151
0.4762266528313073
0.8549510821227391
0.4958308627334714
0.7651941891491252
0.5028720723391638
0.6664690186777346
0.45202712718648075
0.5795286095463977
0.4064075007411796
0.5189742069374442
0.4091498665876071
0.512600059294396
0.362826119181737
0.5474355173436107
0.33768158908983087
0.5704862140527716
0.3888971242217607
0.5751556477912833
0.40911280758968244
0.55973910465461
0.3771864808775569
0.5309072042691965
0.3319930329083899
0.5006670619626442
0.26741772902460714
0.4705751556477911
0.26447153868959355
0.4372961755114142
0.27230951675066706
0.40335013341239256
0.2572450340942778
0.38823006225911644
0.23197079750963523
0.3815594426326708
0.20454713904536
0.37414764304773185
0.1822005632967683
0.3536169581974503
0.20406537207233896
0.3092202786836643
0.2741995256448264
0.2805366142899496
0.3309368514675362
0.32352505188259645
0.33032537800177875
0.47272457752742325
0.28696635042988433
0.4609398161873703
0.2537985472872811
0.33723688111473443
0.21344129854728705
0.20715979839905135
0.2359731692855024
0.20434331455677432
0.26089534538986076
0.22279869552327294
0.2143307144974799
0.20701156240735244
0.15792691965609235
0.2278387192410316
0.17793877853542822
0.24799881411206642
0.23953083308627324
0.29610139341832176
0.22880225318707373
0.3060332048621402
0.19626445300919043
0.3249332938037353
0.2639527127186478
0.31255558849688697
0.2780536614289948
0.3117402905425434
0.3138897124221757
0.3608805217906905
0.3387933590275718
0.39912540764897725
0.36239994070560316
0.4173584346279273
0.42297287281351903
0.4175066706196261
0.4041654313667358
0.4078713311592048
0.35786021345982777
0.3796323747405871
0.3230803439075006
0.33538393121849946
0.34418544322561506
0.2779424844352207
0.35671138452416234
0.20730803439074985
0.30043729617551124
0.13949006818855605
0.25088941595019243
0.09657574859175802
0.23725170471390442
0.06996738808182625
0.26593536910761933
0.036688407945448906
0.26550919063148515
0.013489475244589233
0.24523791876667655
0.0020753038837829797
0.21703602134598257
0.0
0.19533797806107317
0.015120071153275995
0.16011340053364942
0.027571894455973942
0.17291728431663206
0.04558256744737616
0.18251556477912834
0.06937444411503096