0000000001
0.16225685403584028
0.7449839179047317
0.23721090519221927
0.7341093582478175
0.32614106294991585
0.8167406953591668
0.3343544187471281
0.8873487517230815
0.34122759993873497
0.9056517077653544
0.34115101853270036
0.8347373257773006
0.3352351049165261
0.8333588604686781
0.3116288865063564
0.7317353346607445
0.335311686322561
0.8286873947005666
0.3776420585081941
0.8784653086230663
0.39261372338796113
0.892020217491193
0.39426022361770563
0.8911012406187776
0.40352657374789414
0.9185939653852043
0.4351164037371726
0.9766426711594425
0.48663654464695943
1.0
0.4846837187930771
0.9674529024352885
0.5536644202787563
0.795374483075509
0.5913424720477868
0.7421504058814512
0.6316242916219942
0.7900903660591209
0.5704166028488279
0.6893858171236023
0.5779215806402203
0.7840404349823855
0.659385051309542
0.901822637463624
0.6341323326696275
0.8996783580946542
0.4883021902282125
0.9494562720171538
0.437873334354419
0.8589370500842395
0.3642020217491191
0.8865063562567005
0.30341553070914395
0.8590902128963087
0.35572063103078577
0.8513554908868126
0.35478250880686163
0.8064787869505284
0.2761334048093122
0.8527339561954353
0.2888459182110585
0.8943176596722314
0.3264090978710369
0.9801654158370345
0.3325739010568235
0.9712819727370194
0.26246362383213345
0.9202021749119312
0.19863302190228227
0.8139837647419207
0.14782125899831527
0.6299586460407407
0.1471511716955124
0.5870730586613565
0.1145466380762752
0.534155307091438
0.1169015163118396
0.5013018839025885
0.13901439730433446
0.32684944095573565
0.17514167560116392
0.4990810231275846
0.20267269107060792
0.5672384744983916
0.28350436514014415
0.5796446622759994
0.3508194210445706
0.5221320263440037
0.3901439730433451
0.5207535610353806
0.41981926788175844
0.5078113034155308
0.41036146423648334
0.6536223005054372
0.4166602848828306
0.5611885434216574
0.38662122836575297
0.3521978863531932
0.39322637463623833
0.17935365293306801
0.3914075662429164
0.3895696124980852
0.37482769183642217
0.4713585541430541
0.3513172001837953
0.24965538367284446
0.35956884668402533
0.12743145964159913
0.3727599938734877
0.23816817276765181
0.349287792923878
0.2811303415530708
0.3252795221320263
0.3537295144738854
0.3424146117322715
0.11173227140450324
0.3967491193138309
0.0
0.4165454127737782
0.10560575892173393
0.46364297748506683
0.2619849900444173
0.48943176596722315
0.4652320416602849
0.5753369581865524
0.4544340634094043
0.5698613876550774
0.45228978404043507
0.5210215959565015
0.45374483075509275
0.559542043191913
0.43620768877316557
0.6278718027262981
0.4849900444172155
0.6891369275539898
0.4971664879767194
0.7199035074283963
0.41254403430846975
0.7120156226068309
0.45213662122836584
0.7141790473273087
0.5082707918517383
0.754594884362077
0.5821718486751412
0.8118011946699336
0.572139684484607
0.8059044264052688
0.5493184254862918
0.8241499463930158
0.4208914075662429
0.8510300199111652
0.5054372798284578
0.8532317353346603
0.47457497319650793
0.8315591974268647
0.4326849440955733
0.8304679123908711
0.3426252105988668
0.8291851738397916
0.41108898759381246
0.8331099708990654
0.4794761831827233
0.7933067851125747
0.5204472354112419
0.7395657834277836
0.5119466993413998
0.7124751110430388
0.3949303109205086
0.7158064022055444
0.2719405728289169
0.696182416909174
0.353882677285955
0.6551156379231122
0.39929545106448155
0.6526458875784956
0.43322101393781587
0.676079797825088
0.5536069842242303
0.6460215959565014
0.5873028028794606