0000000001
0.5446129840512522
0.42404465049286605
0.583907218196276
0.39517786679869743
0.6402604612083841
0.43052617365080803
0.6799297834991221
0.48579916280325885
0.7099818457337475
0.5345906287977674
0.6873565287842643
0.4244647492160658
0.6479272629067832
0.4252449325591515
0.6111086105234729
0.6532385110500969
0.6006661565467887
0.6262921786619859
0.5960750776432461
0.5800213050066765
0.6335988957404991
0.7490210199396858
0.6831555415522649
0.8918545858276701
0.7025851075002628
0.8520652353303023
0.6751136517081515
0.8558461238391025
0.72579556195706
0.9094987322020676
0.7560126629757993
0.9803153741129168
0.751181527659
1.0
0.7872800108025387
0.9672923136937176
0.7936565092796807
0.9139397758473244
0.7254354773371745
0.8862132601161272
0.7041304706606055
0.8814721459542996
0.7981725705540804
0.948087800633149
0.8135361810025358
0.9049976744534969
0.7276559991598028
0.8442634018994463
0.6812650972978649
0.8370617095017333
0.6916775442228926
0.6751436587598084
0.6590748825974104
0.7111521207483759
0.6802898681190078
0.8484043750281319
0.7205593314428891
0.7954719359049374
0.7420593839552297
0.6630208098903245
0.7172735592864325
0.7790880857001398
0.6814601431336365
0.8720499317339576
0.7066810700514623
0.8594469700379586
0.6850609893324934
0.7177536721129468
0.6515881232089544
0.757543022610313
0.7030052062234627
0.9397458402724643
0.6813401149270079
0.9206613554185237
0.6253019459572998
0.8367616389851619
0.49715683185548604
0.9000165038784113
0.3063119833160793
0.8730701714903005
0.21711602226523236
0.9302636119488082
0.1545963301375823
0.8363415402619617
0.10745525198421631
0.5211474696553687
0.07533270318524853
0.47121573569788877
0.058858831825478936
0.39499782448875487
0.03189749591153924
0.23716073277220143
0.03153741129165351
0.3226808299950487
0.0883707671302756
0.3324631288352763
0.12086840407495762
0.2590658804819134
0.1098858231684446
0.3352837916910475
0.06181452641370728
0.34656644311413193
0.03798892739793848
0.390736823153441
0.0
0.4014793476466971
0.0008852080238855578
0.4790775832320594
0.04044950563382397
0.586322785854676
0.047216095782508904
0.6420758878336408
0.058693793041364725
0.6163298375118154
0.09449220566833202
0.540952123749081
0.1192180162338149
0.5408320955424527
0.1092856821353018
0.48201827429445926
0.10691512505438774
0.5358509249673671
0.1115212074837587
0.592144153876161
0.12786004711107116
0.5282291338464539
0.14683950728421172
0.59058378718999
0.16872965146809502
0.5497741969362802
0.2162308142413468
0.5106450015753702
0.23354488304751622
0.5511545213125086
0.28404675098648186
0.4895200372087441
0.2721189479527689
0.4374277955319501
0.3630553179997301
0.3870759628512701
0.33904967667401836
0.4440293468965207
0.30418148264842226
0.5260086120238258
0.4785824668797169
0.5382514890999385
0.5310047861247396
0.5203672863122836
0.5668782163808495
0.4537516316334342
0.6120838397023302
0.529489430016054
0.645841772816612
0.4864593179397157
0.5821368021485048
0.45207123674063404
0.590748825974104
0.39499782448875487
0.6213860257160432
0.48933999489880137
0.5985206523533032
0.5853025460983332
0.6392552249778699
0.5137057208443987
0.6981290603291774
0.7477607237700857
0.6153546083329582
0.7714062804759121
0.7308517501612879
0.6291128415177568
0.8722749846213863
0.591964111566218
0.6871014688451786
0.7226748285847174
0.6057673553285023
0.7642646021815124
0.5828569713882764
0.653058468740154
0.5970202997704462
0.6346341390226704