0000000001
0.28336549881235135
0.11586995249406176
0.2546021377672209
0.08669833729216156
0.2016033254156768
0.08506532066508304
0.15109115201900233
0.12017517814726834
0.12423916270783841
0.17139251781472659
0.12663301662707838
0.23515439429928736
0.11160184085510684
0.29527909738717356
0.07517443586698343
0.33729216152019
0.04308937054631824
0.34857482185273153
0.012191953681710133
0.3185124703087882
0.0
0.27568289786223266
0.12711549881235154
0.27694477434679304
0.24530507719714964
0.3107927553444178
0.3600244952494061
0.33157660332541566
0.4716820071258908
0.3236342042755344
0.45830240498812347
0.3027019002375297
0.417124406175772
0.261356888361045
0.41278206650831356
0.2335213776722089
0.35046763657957253
0.24279988123515453
0.31005047505938244
0.2658105700712589
0.33931487529691207
0.3081947743467932
0.3671503859857482
0.3715855106888359
0.3896043646080759
0.4220605700712588
0.4341226247030879
0.4521229216152019
0.5347572743467934
0.45538895486935865
0.5220457244655582
0.4109263657957241
0.5068104216152018
0.3816805225653205
0.529709768408551
0.3862084323040378
0.47802850356294546
0.4151573634204277
0.3960807600950118
0.45383016627078343
0.39504156769596205
0.47825118764845603
0.5002969121140143
0.5199673396674586
0.6243690617577193
0.60354809976247
0.657808788598575
0.7065023752969122
0.6445961995249405
0.806561757719715
0.6429075118764846
0.885317695961995
0.675233818289786
0.9383907363420425
0.7264882719714965
0.9778800475059385
0.8013657957244655
1.0
0.8622698931116392
0.990869952494061
0.8954498218527317
0.9843378859857477
0.8686349465558193
0.9774346793349169
0.8858187351543941
0.934456650831354
0.8958209619952495
0.8726989311163894
0.904524198337292
0.8139103325415676
0.8376447446555818
0.7537856294536817
0.760002226840855
0.7072446555819478
0.7617651425178147
0.6811163895486934
0.80739682304038
0.639697149643705
0.7902872624703088
0.6456353919239901
0.7591671615201897
0.6629305225653208
0.7682415380047508
0.5886282660332542
0.8166196555819477
0.4351989311163896
0.8211104513064135
0.4149346793349169
0.8465892220902612
0.413153206650831
0.8862826603325411
0.4167903800475057
0.9455351840855105
0.5544091448931111
0.950471347980998
0.7897862232779097
0.9212997327790972
0.8752226840855103
0.9036705760095011
0.7886728028503562
0.8866723574821851
0.5703681710213775
0.8323188836104509
0.34857482185273153
0.842024198337292
0.2892666270783847
0.8494470011876484
0.516107482185273
0.8793052256532068
0.6164637767220902
0.9051736935866982
0.6410332541567697
0.9570776425178148
0.5629453681710214
0.9395783847980999
0.48181413301662673
0.8924250296912113
0.5725950118764844
0.8633090855106887
0.5311015439429928
0.8906250000000001
0.7022713776722088
0.8436572149643704
0.6578087885985744
0.7517443586698337
0.6238123515439425
0.7818067102137767
0.5641330166270779
0.7512433194774347
0.28221496437054633
0.710733372921615
0.1846793349168646
0.6690357779097388
0.19418052256532065
0.5556339073634204
0.1734709026128264
0.5359820368171022
0.13479809976247037
0.4221719121140143
0.08090855106888359
0.3567213479809976
0.06732482185273159
0.31335362232779096
0.1094121140142518
0.3488717339667458
0.1401425178147267
0.4630529988123515
0.11921021377672196
0.29305225653206646
0.11312351543943001
0.29240276128266035
0.13657957244655575
0.25048248218527314
0.21296021377672206
0.24597312945368166
0.3228176959619954
0.27449524940617576
0.4735005938242279
0.28381086698337277
0.6333135391923989