0000000001
0.9817083497995818
0.9817083497995818
0.9954496697340934
0.9949415683396375
0.8620335346920339
0.8595381922881498
0.2664144978264551
0.25460396319087664
0.24755829052108624
0.2480551007734432
0.25880426805171347
0.2669338903630101
0.25821712866256424
0.28509004685823947
0.2451306949697961
0.3046011404053519
0.23231524868740472
0.32777056399254795
0.21193473719866765
0.3560887483768982
0.19057189634731556
0.3761418167447639
0.17039462541636075
0.38485857844520954
0.14192965618472306
0.3861683509286962
0.1150567379890476
0.3788968554169255
0.09573759385761857
0.36074069892169586
0.08265116016485063
0.333596793315644
0.07778467792017159
0.2974199740303729
0.07621520916840743
0.2549201151696495
0.08120589397617574
0.2154011178230677
0.08818381979337206
0.1768305764128041
0.08945971885056177
0.15131259526901153
0.09245187150680295
0.1514932535425958
0.09506012533167725
0.16296505391520358
0.09958787331338559
0.17303675266753243
0.09789420199853217
0.17357872748828532
0.09091627618133569
0.15921639473832783
0.08895161745610572
0.1346920340992492
0.0853949076949133
0.1103934963021509
0.07785242477276581
0.09688929035171918
0.07549257607406994
0.08803703494608475
0.07591034833173373
0.07566194320555504
0.07451024671145483
0.0637836617173826
0.08385931236944613
0.06409981369615526
0.11241461073787615
0.08139784339185913
0.15432733020945066
0.16712019420764415
0.1893863264269181
0.15731948286569183
0.190300908936939
0.11608423192005855
0.2074521537853554
0.125026816462485
0.1872974651385988
0.1355049963303788
0.1765370067182295
0.1906960989104049
0.18559250268164626
0.13776322475018354
0.19509964432902382
0.14462823914638964
0.1907412634788009
0.15953254671710057
0.14398464404674538
0.15768079941286067
0.1353017557725964
0.1328402867950094
0.1541466719358663
0.1527126968892904
0.1772822220967651
0.1455315305143115
0.1782080957488851
0.16779766273358554
0.1903912380737311
0.1635070287359566
0.19665782193868903
0.1384858578445208
0.15843730593349514
0.13505335064641788
0.13172246372720608
0.12895613391294522
0.12784960198724094
0.12114266358042108
0.1429232766894372
0.11418732004742273
0.14237001072658498
0.10659967255687906
0.12768023485575558
0.0997346581606729
0.12994975441765935
0.0922373398069215
0.13201603342178062
0.08437870490600129
0.10842883757692084
0.07507480381640608
0.11856828318184386
0.0670355106419014
0.12928357703381688
0.06319652232823364
0.06946310619319142
0.06531925704284985
0.04763732851577936
0.11766499181392173
0.0657709027268108
0.1762886015920509
0.08084457742900682
0.18956698470050223
0.06957601761418165
0.19074126347880074
0.06478857336419576
0.19164455484672252
0.09021622537119625
0.22068537232541072
0.11042736972844805
0.23820922486309495
0.09214701067012923
0.22443403150228644
0.06892113137243822
0.2013097724834869
0.07647490543668489
0.19435442895048835
0.09437136566363682
0.16070682549539883
0.08925647829277919
0.15704849545531527
0.06281262349686668
0.18965731383729442
0.05734771072093949
0.22095635973578726
0.03575904702760685
0.28233500818607776
0.01158471179359787
0.3130920792638173
0.01362840851352113
0.30437531756337155
0.025156664596623964
0.27985095692429285
0.0026421272511714124
0.25279738045503297
0.0035228363348952713
0.24877773386778085
0.00037260768926772797
0.23152486874047307
0.0088861288319313
0.20835544515327734
0.05905267317789201
0.18107604584203696
0.04811155648393834
0.22262744876644247
0.0
0.2644950036696212
0.8121605600406482
0.8441370744650818
1.0
0.9967481510754811
0.9817083497995818
0.9817083497995818