0000000001
0.3125971370143147
0.24302658486707548
0.3330879345603269
0.22298568507157449
0.3099795501022492
0.4048261758691204
0.27456032719836393
0.694314928425358
0.26529652351738237
0.8098977505112468
0.2734560327198363
0.8541513292433534
0.3207975460122698
0.916728016359918
0.37885480572597113
0.9577914110429445
0.3935173824130877
0.9953374233128831
0.4068507157464212
1.0
0.4445194274028628
0.9748057259713702
0.41846625766871126
0.9546012269938642
0.3745603271983638
0.9570552147239255
0.337566462167689
0.9359509202453983
0.29889570552147227
0.9684253578732104
0.2824948875255621
0.934969325153374
0.24858895705521453
0.8634764826175862
0.21983640081799577
0.766952965235173
0.2157055214723925
0.6591411042944787
0.26038854805725964
0.5602453987730062
0.25335378323108365
0.5934560327198362
0.2713701431492843
0.6256850715746416
0.2745807770961143
0.5526380368098158
0.2999591002044989
0.3702249488752554
0.2973210633946828
0.22102249488752557
0.2770961145194272
0.11541922290388518
0.29067484662576676
0.000654396728016359
0.2902249488752554
0.0
0.24640081799590985
0.11869120654396711
0.15421267893660526
0.15975460122699395
0.12820040899795485
0.3551738241308787
0.143087934560327
0.5820040899795501
0.22732106339468286
0.7385685071574634
0.32627811860940664
0.589366053169734
0.35552147239263787
0.5725971370143146
0.3160327198364007
0.6835991820040892
0.3116155419222903
0.6892433537832307
0.2896114519427401
0.6266666666666666
0.2996728016359916
0.6210224948875254
0.35568507157464196
0.5770961145194269
0.42200408997954997
0.5573006134969324
0.43703476482617587
0.5403680981595089
0.4681799591002043
0.4545603271983637
0.49756646216768896
0.3981186094069529
0.4306543967280161
0.3381595092024537
0.39781186094069493
0.408261758691206
0.41775051124744367
0.6424539877300612
0.3857259713701429
0.625357873210634
0.32654396728016344
0.5687525562372182
0.33094069529652337
0.6608588957055211
0.4300613496932517
0.5833946830265845
0.45034764826175866
0.4024539877300614
0.43877300613496933
0.4665030674846621
0.43768916155419196
0.2904703476482617
0.3597137014314925
0.6409815950920241
0.3378527607361962
0.6346830265848671
0.36875255623721864
0.3820858895705516
0.4292638036809815
0.537177914110429
0.5030674846625764
0.817505112474437
0.47691206543967263
0.14233128834355824
0.3425357873210634
0.16351738241308802
0.2605112474437626
0.20948875255623695
0.28730061349693226
0.33529652351738226
0.38271983640081764
0.4302658486707567
0.4216768916155415
0.611124744376278
0.4414723926380364
0.5482208588957054
0.4191820040899793
0.4988957055214719
0.4339672801635989
0.5815132924335378
0.4606134969325152
0.6759918200408995
0.5030061349693249
0.7330879345603261
0.41560327198363983
0.7714519427402857
0.47171779141104275
0.6614314928425353
0.377689161554192
0.19010224948875246
0.3101431492842533
0.08867075664621665
0.2763803680981594
0.5619631901840489
0.21163599182004061
0.47648261758691157
0.11965235173824115
0.18822085889570542
0.0742740286298566
0.5244989775051123
0.1146421267893659
0.6901431492842531
0.31494887525562376
0.6229856850715741
0.5810020449897747
0.5729243353783228
0.7623926380368092
0.4810633946830262
0.7151329243353781
0.32948875255623694
0.7620654396728014
0.32801635991820044
0.7826993865030671
0.5396319018404908
0.8490388548057256
0.7136196319018405
0.8969120654396724
0.7855214723926377
0.8866871165644168
0.8768098159509192
0.8742944785276069
0.8833537832310837
0.7784253578732103
0.9179550102249487