0000000001
0.4131804507010273
0.24902083215076337
0.43950445592325593
0.2384628483850824
0.4798773911562692
0.2361355508883465
0.44513821876596477
0.23954135210308217
0.41688425952205266
0.23602202418118853
0.412825679741159
0.23136742918771644
0.38180450701027413
0.220468865300562
0.36119940966112274
0.20315604245898852
0.3263892830788443
0.19061134131804508
0.32878753476755396
0.1856729295566782
0.336053244025657
0.20298575239825165
0.37568825566214437
0.2436850769143439
0.4046233751490036
0.29136629392064467
0.38589146846795713
0.3640801498552535
0.3492223420559685
0.4173809388658681
0.35338025770562514
0.3795765453823009
0.40340296304705675
0.25498098427655114
0.3769228586024862
0.19980700459783166
0.350258273258784
0.15859680989952893
0.41383322926718513
0.13776465913606165
0.42309984673894535
0.09076460237270807
0.40340296304705675
0.0
0.3726797979224612
0.032071294772095145
0.3200317874780041
0.14565476528353302
0.32877334392915936
0.1210762331838565
0.35177669296702047
0.10654481466765064
0.33244877107339493
0.14503036839416475
0.30723165124595553
0.1835159221206789
0.2989158199466424
0.08979962536186632
0.2810637452460691
0.1738093886586819
0.2676392121246522
0.31157404779474374
0.2604870295737071
0.290458080263382
0.2606147471192598
0.23193506272350553
0.24508996991542262
0.19577680649372778
0.22144803314979852
0.19191689845036047
0.25376057217460407
0.1683033433615257
0.2857609127547255
0.17534199920531304
0.2982630413804847
0.316853039677584
0.30127149912016793
0.48799455071805653
0.2970000567633535
0.564454787988874
0.32787932111029133
0.5807458704660271
0.3669183175341999
0.4771527501844807
0.38975137651132424
0.4763580632343759
0.37072146222398816
0.5647386047567692
0.3412754725549184
0.6504512686609524
0.29623375149003806
0.7034682409036723
0.2649287619912584
0.6366577737412725
0.26251631946415394
0.5240392802406763
0.279261508769938
0.5591190327524551
0.30981438383379695
0.6155985695634898
0.3355139921666572
0.7009138899926209
0.36690412669580513
0.6217290117500143
0.38357836180961563
0.6350116364874836
0.36168189816654367
0.6106033944485438
0.3569137764659135
0.5422035533859337
0.29942669012885287
0.5423738434466707
0.2649145711528638
0.5605381165919282
0.2772464097178861
0.6513027189646362
0.31817278764829415
0.6864392348299935
0.36050405857978074
0.7149344383266163
0.41075381733552807
0.656524947493898
0.42311403757734006
0.7659646931940738
0.39918828404382145
1.0
0.3551257308281773
0.887949140035193
0.30645115513424526
0.6238292558324345
0.30626667423511383
0.5407277061928819
0.31314923085655894
0.4560367826531191
0.30603962082079794
0.34216949537378666
0.3302350002838167
0.4113640233865017
0.3354146562978941
0.5941420219106546
0.31783220752682073
0.6768462280751546
0.31022591814724415
0.6720781063745245
0.3529687233921781
0.7043764545609354
0.33948742691718226
0.7060793551683033
0.30886359766134974
0.5928364647783391
0.2833342793892263
0.46443775898280043
0.282340920701595
0.48050178804563776
0.3012147357665889
0.4971334506442642
0.2543140148719986
0.6096951807912807
0.2355679173525571
0.7409320542657655
0.28801725605948797
0.6704319691207355
0.29349491967985475
0.6695805188170517
0.31255321564398014
0.7168076289947205
0.2809927910540954
0.6636203666912641
0.16685587784526315
0.5623545439064535
0.12012544701140938
0.47102230799795636
0.11987001192030426
0.651359482318215
0.12825679741159107
0.5749560084009763
0.14801044445705844
0.5788726797979222
0.18741840267923032
0.6199693477890672