0000000001
0.0
0.0
0.0
0.0
0.0
0.0
0.0
0.0
0.0
0.0
5.101650383899188e-05
0.0
0.0003316072749534473
0.0
0.000510165038389919
0.0
0.013085733234701429
0.001020330076779838
0.06723975205979134
0.008060607606560724
0.09677830778256766
0.19845419993367852
0.1469785475601357
0.4707802974262175
0.21888630972119488
0.5508762084534348
0.22016172231716963
0.6840292834732038
0.25268474351452697
0.6372981659566871
0.22625819452592916
0.5285309797719564
0.22748259061806497
0.7788179476060507
0.4046118919470449
0.6025049103384945
0.5630691528709538
0.47618804683315064
0.5741652424559345
0.6010764482310024
0.5780424967476979
0.5947504017549677
0.5808228962069227
0.46986200035711556
0.49761497844552716
0.7216794633063797
0.40519858174119333
0.8657500701476927
0.35652883707879496
0.821161645792414
0.3985919444940439
0.606178098614902
0.5554932020508634
0.33415810014539704
0.734765196541081
0.40588730454301974
0.8146825498048619
0.43802770196158464
0.786189832410785
0.379256689539066
0.7258373083692574
0.2969160523429328
0.7531056296711987
0.25038900084177235
0.7880774430528276
0.3166084228247837
0.8215697778231259
0.35987041808024905
0.8194525929138077
0.37282861005535295
0.7700176006938245
0.3866030660918808
0.8113664770553275
0.3429329388057036
0.889523760936663
0.27885620998392985
0.9509986480626483
0.26528581996275785
0.96204372114379
0.26906104124684327
0.9252353136239574
0.3170165548554956
0.8537101752416908
0.2939570951202714
0.8545264393031147
0.27120373440808093
0.9626304109379387
0.1909037573655077
1.0
0.1566206667857051
0.8464403234446347
0.14162181465704157
0.6918348085605694
0.025100119888784026
0.6377318062393186
0.0026528581996275785
0.6498992424049179
0.000408132030711935
0.637400198964365
0.0
0.6394663673698443
0.0
0.6920643828278448
0.0
0.7612427620335179
0.0
0.7826186771420557
0.0
0.7908578425120527
0.0
0.8463382904369563
0.0
0.9183480856056935
0.0
0.9014616228349874
0.0
0.8636328852383746
0.0
0.8385072570976713
0.0
0.8260847384128768
0.000408132030711935
0.8119276585975564
0.0002040660153559675
0.8013417340509654
0.0
0.8267479529627835
0.00010203300767798375
0.8347575440655052
0.00010203300767798375
0.8099125066959161
0.00010203300767798375
0.7937912914827946
0.0
0.8127694309108997
0.0
0.8127184144070607
0.0
0.7823635946228606
0.0
0.7665229701808536
0.0
0.7574165242455935
0.0
0.7421880978496544
0.0
0.656480371400148
0.0
0.6089840063260465
0.0
0.5536055914088208
0.0
0.5125373058184323
0.0
0.46190342575823284
0.0
0.37775170267581565
0.0
0.36650256357931793
0.0
0.2957171645027166
0.0
0.45682728362625324
0.0
0.4023671657781293
0.0
0.043517077774660094
0.0
0.013162257990459914
0.0
0.08519756141111649
0.0
0.05326123000790754
0.0
0.0
0.0
0.0
0.0
0.0006121980460679025
0.0