0000000001
0.4277851299326274
0.775384985563041
0.4575012030798839
0.8090712223291616
0.44288378248315674
0.8735563041385936
0.4606592877767082
0.9273339749759376
0.5199410490856593
0.9384023099133775
0.5183770452358032
0.9550048123195364
0.5206929740134745
0.9594562078922028
0.4069116939364771
0.9629451395572662
0.24248075072184783
0.9870067372473519
0.1748676612127043
1.0
0.2248857074109718
0.9929018286814244
0.23565327237728512
0.945500481231953
0.31695139557266605
0.8700673724735324
0.3536152550529353
0.8170115495668906
0.2917468719923003
0.7841674687199226
0.3215832531280075
0.749759384023099
0.35021655437921057
0.6982675649663135
0.33887752646775743
0.6432868142444659
0.24109720885466743
0.6086381135707405
0.291355871029836
0.5908325312800762
0.3273580365736285
0.5685755534167468
0.3903693455245428
0.5571462945139557
0.3799627045235801
0.5590712223291622
0.3406520692974009
0.5743503368623669
0.23014918190567846
0.599494706448508
0.18202598652550506
0.6247593840230989
0.17567974013474472
0.645692974013474
0.16343840230991316
0.6470163618864291
0.09068214629451361
0.6529114533205
0.16343840230991294
0.6749278152069295
0.27803176130895035
0.6886429258902786
0.29610803657362855
0.6826275264677573
0.2552634744947059
0.6726419634263713
0.26696342637151094
0.6580846968238685
0.23204403272377255
0.65555822906641
0.23805943214629421
0.664461020211742
0.27141482194417693
0.6744465832531278
0.27691891241578404
0.6819056785370542
0.2339689605389797
0.6793792107795953
0.27616698748796925
0.6809432146294514
0.27944538017324333
0.6923724735322421
0.23535250240615946
0.7163137632338784
0.23820981713185724
0.7323147256977862
0.2567372473532239
0.726179018286814
0.25556424446583265
0.7056063522617899
0.21814846005774777
0.6927333974975938
0.1905678537054858
0.6924927815206927
0.2150806063522615
0.6896053897978821
0.2223291626564001
0.6844321462945138
0.21814846005774777
0.6696342637151098
0.2490375360923962
0.6358277189605388
0.27496390760346473
0.6262030798845044
0.3307266602502406
0.6295717035611165
0.332982435033686
0.6253609239653511
0.36916506256015374
0.61946583253128
0.37860923965351273
0.6085178055822905
0.35406641000962463
0.6194658325312795
0.38489533205004806
0.6343840230991336
0.3450132338787293
0.6403994225216553
0.31908686236766104
0.6630173243503364
0.25694778633301263
0.6837102983638107
0.2581207892204039
0.6695139557266601
0.3799927815206927
0.6754090471607315
0.44150024061597676
0.6859961501443693
0.3289220404234839
0.6361886429258898
0.11775144369586125
0.49290182868142446
0.07071102021174197
0.5280317613089507
0.08875721847930669
0.668070259865255
0.10069778633301238
0.7034408084696817
0.14400866217516847
0.67781520692974
0.1996811838306061
0.6574831568816165
0.33890760346486987
0.645332050048123
0.4767504812319536
0.6152550529355145
0.45644850818094285
0.5943214629451392
0.35842757459095237
0.58337343599615
0.30028873917228066
0.6157362848893165
0.3439003849855628
0.5887872954764195
0.3560214148219444
0.5635226179018286
0.35096847930702596
0.5794032723772855
0.4359059191530316
0.525745909528392
0.4580726660250239
0.43407122232916273
0.4246270452358031
0.2974013474494703
0.42573989412896984
0.1595283926852743
0.4375300769971127
0.053416746871992014
0.4347629932627523
0.05582290664100089
0.4409889316650622
0.019489894128970137
0.425589509143407
0.0
0.40294153031761276
0.002526467757459092
0.3799627045235801
0.04956689124157794
0.3461260827718958
0.12620307988450416