0000000001
0.35744287036377864
0.45091478607531854
0.3716985833274009
0.4096960205025984
0.35007474905673813
0.41517761799672526
0.3496654089841246
0.42336441944899306
0.37324695664554725
0.40143802947248514
0.36895778458033746
0.3736029045347763
0.35356303837118264
0.4073467644336865
0.3513027692745781
0.4193778030896277
0.34978999074535483
0.40179397736171424
0.35892005410407923
0.37851498540613604
0.35744287036377864
0.38413896205595505
0.31933864882181257
0.4057094041432333
0.306293158681569
0.42877482736527345
0.30741439453264036
0.4072755748558411
0.30474478536342287
0.4312664625898771
0.3155300064070618
0.42727984623051174
0.3116857692033886
0.4301986189221894
0.2916992952231793
0.4124012244607387
0.28726774400227806
0.3998718587598772
0.2849718801167509
0.40528226667615824
0.28422438954936996
0.3860610806577916
0.2873923257635082
0.34356090268384715
0.2801131914287748
0.31451555492275923
0.2676728127002207
0.29792838328468707
0.24523029828433118
0.27080515412543604
0.2156510286893999
0.24802448921477896
0.21945967110415038
0.24709902470278353
0.2248344842315084
0.24346835623264743
0.20041645903039798
0.2062362070192924
0.21118388267957575
0.1705702285185447
0.28114544030753896
0.15554922759308032
0.508969886808571
0.14743361571865873
0.6576137253506089
0.1311312023919698
0.6792019648323485
0.1167509076671175
0.7065031679362144
0.09667544671460097
0.7123941055029546
0.0856410621485012
0.7014131131202391
0.07745426069623394
0.7360646401366842
0.11717804513419207
0.8206734534064214
0.23029828433117394
0.8707375240264826
0.26724567523314596
0.8579945895920839
0.25784865095749954
0.8455008186801454
0.3424930590161601
0.799850501886524
0.3935359863316011
0.7832811276429132
0.4514131131202393
0.8005801950594437
0.579269594931302
0.8658610379440448
0.6522389122232505
0.929611304904962
0.6185662419021858
0.9417313305332102
0.5107852210436394
0.9401651598206023
0.35473766640563814
0.9210151633800815
0.32391257919840527
0.9154979710970315
0.35110699793550215
0.8858831067131773
0.44564675731472925
0.8973624261408133
0.5129209083790127
0.9015270164447926
0.6101658717163805
0.9214778956360792
0.59678223108137
0.9328148359080234
0.49142165586958053
0.8898341282836194
0.33366555136328035
0.8675161956289603
0.3453406421299922
0.912401224460739
0.40919769345767754
0.9402541467929095
0.48366199188438835
0.9881825300775969
0.5389762938705773
1.0
0.4038584751192423
0.9462874635153417
0.20317505517192286
0.9169751548373318
0.10571652310101792
0.8952801309888235
0.12095109276001964
0.8704883605040223
0.12016800740371594
0.815209653306756
0.10585890225670966
0.7816615647469212
0.1092760019933083
0.815209653306756
0.1320566669039651
0.8133231294938422
0.10037730476258261
0.7263828575496549
0.08215277283405703
0.6880116750907667
0.06549441161813911
0.6684701359720934
0.07339645475902316
0.7084786787214357
0.07083362995657418
0.6862497330390835
0.08101373958852418
0.6496404926318787
0.09952302982843304
0.6185128497188012
0.08549868299280979
0.5916031892930879
0.0428561258631736
0.6265928668042999
0.045917277710543075
0.6022638285754967
0.05090054815974937
0.5618281483590803
0.03829999288104206
0.5125649604897842
0.03936783654872911
0.5245248095678794
0.012458176123015387
0.4775040934007261
0.010749626254715913
0.45737524026482534
0.009610593009183448
0.4532818395386915
0.019363565174058437
0.45847867872143516
0.014736242614081027
0.47401580408628174
0.01587527585961388
0.4720758880899837
0.0011390332455327883
0.4720224959065992
0.0