0000000001
0.9979474505450775
0.9954760134462933
1.0
1.0
0.707406980762584
0.731074132640772
0.3125949042318125
0.3659716622508928
0.2970541726445424
0.3467028306332533
0.16723041962069732
0.22132975882543907
0.16293682127111456
0.1914211810537117
0.19146306981809824
0.21052245761380672
0.19593469541632208
0.2185651003759517
0.18615366893215066
0.21672199474296017
0.15853850101056638
0.21638688462787073
0.13692389858730136
0.23913248368956222
0.11557110094145003
0.28223602224293404
0.13035783476976898
0.3147417034066038
0.15163732707794453
0.3656365521358031
0.1769905017226755
0.38880103884135664
0.1880596077117215
0.3655527746070308
0.16795300080635872
0.35034715313485015
0.16512550921029215
0.3077043909897269
0.16403640133625158
0.24629546239959788
0.1525798242766334
0.23088039710548638
0.14233802138421417
0.2874302290268192
0.15070530207035218
0.301672408918118
0.18228943041752615
0.2860478998020756
0.19002837963787161
0.2806442491962593
0.18830046810694206
0.23519493983726225
0.18140976636541678
0.23833659716622518
0.17098993622435607
0.21651255092102895
0.17822622027206753
0.1768020022829375
0.14780450513660975
0.1965734990732109
0.14857944727775402
0.20884690703835937
0.15303012849378478
0.16972280110167473
0.1277083704223435
0.13462001654606182
0.13204385753631234
0.11719429056141406
0.13696578735168755
0.13160402551025768
0.16538731398770573
0.09641746342587258
0.20340136766815725
0.07714863180823309
0.2071818286540094
0.06608999801028378
0.19975704516656018
0.0733786430134778
0.19619650019373566
0.10600999047030608
0.2371741839545089
0.1513336335361448
0.22623074425862125
0.17571289440889692
0.2032861735660952
0.17688577981171
0.17886502392895665
0.16758647411797964
0.1562032023960374
0.17504267417871855
0.15535495491721735
0.17190101684975548
0.15224471416154411
0.1520038537663236
0.11785403860049642
0.1484433087934988
0.07051973484412145
0.16155449204637087
0.09215528164957953
0.19577761254987386
0.10287880533243976
0.23058717575478327
0.12000083777528776
0.21567477563330556
0.1411127750259187
0.17060246515378388
0.14110230283482214
0.15204574253070988
0.11252369333235598
0.17106324156203187
0.12274455184258207
0.17399545506906378
0.1334366589521526
0.1477730885633202
0.11051303264181955
0.1600883852928549
0.12119466756029368
0.20918201715344897
0.15001413745798028
0.20972657109046913
0.1349341822789581
0.17688577981171008
0.12911164402928027
0.1272057052497092
0.15797300269135311
0.09264747463111705
0.16644500528845652
0.1013184488590547
0.1385051994428794
0.10504654888942419
0.10431349551266601
0.10224000167555056
0.11101569781445376
0.13529023677624058
0.11114136410761222
0.17872888544470167
0.08659454817731514
0.1828758731189328
0.058015938674848964
0.18756741473018382
0.03685164046873532
0.2082185755725668
0.034013676681572055
0.21588421945523634
0.009875276204040162
0.20214470473657214
0.007424783487448996
0.18513786639578605
0.0
0.16335570891497614
0.022598988386340054
0.14316532448084093
0.027196280277722484
0.11107853096103303
0.06034076509828146
0.09759034882868549
0.09568441004911457
0.1360442345351916
0.11650312594904236
0.19426961703197157
0.10906787027049675
0.25551099056455573
0.10714098710873267
0.3255490046182362
0.1471447570975277
0.3897644804222385
0.1681310280550001
0.481626540721115
0.16682200416793214
0.46143615628697987
0.3064163114848521
0.37778429380779316
0.3335288142338022
0.35047281942800884
0.3851148275753732
0.3965504602527983
0.6527002544742432
0.650815260076866
0.9131645914274644
0.913038925134306