0000000001
0.11530284713827171
0.19563133102672056
0.11340614448288792
0.20471882946350392
0.11461503188961616
0.22331068406352908
0.11836675142773764
0.23614990203843392
0.12912168077035316
0.24123556630122103
0.14577514694234855
0.2390679061236401
0.16257451331860423
0.2343157280420192
0.17612238942848785
0.22589520196756843
0.18718996206594682
0.21614073116845173
0.19413064321147191
0.21088832381508174
0.1988828212930925
0.21047146608862394
0.209637750635708
0.2075534620034179
0.21766226187002372
0.20530243028054507
0.22147651006711405
0.20105048147067403
0.2369002459460587
0.1942140147567632
0.2615156946934012
0.18896160740339316
0.2726457959898284
0.18671057568052024
0.25080245112343147
0.18362582850473128
0.24623785901871684
0.17320438534328242
0.2813164367001541
0.18754429113343607
0.2720621951727874
0.230647380049189
0.24650881654091453
0.2895076910250532
0.21070073783817564
0.33986410438117437
0.175726374588353
0.3927216640960439
0.2442160990453956
0.4512484888907416
0.27164533744632946
0.4873483680020009
0.2245821001292257
0.4944349493517859
0.236608445537538
0.4809287590145481
0.2317103672516571
0.46091958814456624
0.25484597107007384
0.4260702822126807
0.2792113051815414
0.39430572345658416
0.3007003209804494
0.36454208178748587
0.28448455542123463
0.3558714410771602
0.3030764100212596
0.3627912793363621
0.35024386176997785
0.3888032014673388
0.3391137604735502
0.43015548793196884
0.3616449205886029
0.4818458460127558
0.3607278335903957
0.5113593730459793
0.4112926758097459
0.5117762307724372
0.4212764183584143
0.4865146525490851
0.4357413814665053
0.43082246029430143
0.4480803701696608
0.3386969027470925
0.39757805660927914
0.22122639543123912
0.3945558380924589
0.125682604527075
0.437846512985118
0.07324190253866346
0.39955813080995445
0.06023594147317498
0.3355704697986575
0.06565509191712861
0.2762099295510441
0.12659969152528228
0.258868648130393
0.12601609070824135
0.21907957813998077
0.09258410104631286
0.24184001000458538
0.08016174079786537
0.2551794572512399
0.11759556463379034
0.2615573804660469
0.16470048772353976
0.23464921422318558
0.15936470882487797
0.1586143649172537
0.1382717078661053
0.09623160615281992
0.14744257784818046
0.0859977489682771
0.1595314519154612
0.11663679186293711
0.1811246821459835
0.13893868022843794
0.25349118345908517
0.12186835632998451
0.3236900245946057
0.044416190754095496
0.4038934511651172
0.0
0.389470173829672
0.013485347450914911
0.3968068698153319
0.05986076951936297
0.31718704406186166
0.11011296844386997
0.26324565425820157
0.14244028513068488
0.22080953770478132
0.17508024511234324
0.22697903205635941
0.1759973321105506
0.213722956354996
0.14842219350535643
0.23314852640793676
0.14202342740422685
0.31710367251657007
0.17566384592938425
0.43699195464587937
0.23008462211847075
0.49210054608362114
0.21818333402809617
0.4844303639167953
0.20401017132852556
0.4796781858351744
0.222539497269582
0.5222810454791775
0.245154028929926
0.55121097169536
0.30295135270332224
0.6422526991537786
0.3202092625786817
0.7889866188669801
0.31966734753428655
0.7447163283171451
0.25557547209137516
0.6393346950685729
0.1464421193046812
0.5225311601150527
0.1282671224311141
0.4743424069365127
0.14621284755512934
0.5547959481428988
0.1806452957605567
0.5317854016424193
0.27281253908041175
0.5129434324065194
0.28579765725957734
0.5014381591562793
0.44120221768310447
0.6782692067197464
0.4796990287214973
0.976655967318354
0.5079411396890242
1.0
0.37473425319938297
0.5370378089957895