0000000001
0.28999044687400427
0.28999044687400427
0.28999044687400427
0.28956586349644386
0.28999044687400427
0.2992251353359512
0.28999044687400427
0.32289565863496444
0.28953932703534613
0.20581679227258268
0.3034178961893638
0.148073452924318
0.28839825920815165
0.2838339878993738
0.27513002865937775
0.5497293280968046
0.2991985988748537
0.4718182783144039
0.3316526907971551
0.13257615964335007
0.3062838339878992
0.30421399002229066
0.19790892686551298
0.26440929837596816
0.23633372253476248
0.0
0.3098131833138732
0.002016771043413648
0.40375225559919314
0.19647595796624576
0.5590966988642391
0.18671054028234801
0.698386583165269
0.01517885574779746
0.6180872518840885
0.2293811697272049
0.41227045961150616
0.6746629869440609
0.3280968050100837
0.7354845557796414
0.2932013586668081
0.6213777730601845
0.2148922619679439
0.3928457700881009
0.1484449633796837
0.14403991083749043
0.1650833244878463
0.18066022715210697
0.4218766585288187
0.2906273219403458
0.6869228319711285
0.29773909351448896
0.8382868060715423
0.2736439868379151
0.8572073028340937
0.3011357605349748
0.7437639316420762
0.314403991083749
0.6206878250716484
0.42171743976223314
0.6394225666065173
0.4704383823373316
0.6438010826876127
0.49665640590170906
0.6457647808088315
0.5243604712875486
0.6258358985245728
0.49931005201146367
0.5247585182040122
0.45589640165587514
0.527942893535718
0.4263878569154019
0.6975904893323426
0.48720942575098136
0.7866203163146162
0.4299968156246683
0.8031259951172908
0.41237660545589633
0.7941301348052224
0.46481265258465126
0.7981636768920497
0.5030251565651201
0.7279216643668399
0.4132257722110177
0.5783887060821571
0.38170045642713063
0.580272794820083
0.3974100413968792
0.6046332661076319
0.3719350387432332
0.722640908608428
0.3044262817110709
0.6112143084598238
0.28945971765205347
0.5192123978346247
0.28977815518522426
0.5016187241269503
0.28988430102961454
0.5416887803842478
0.32576159643349945
0.5233786222269399
0.40951066765736094
0.5562042246046067
0.43222587835686205
0.729858826026961
0.5808300605031311
0.8973038955524892
0.5449527650992461
0.8513427449315357
0.3327672221632522
0.7713353147224287
0.258783568623288
0.7827194565332768
0.289565863496444
0.9393641863921028
0.41757775183101564
1.0
0.48232671690903256
0.8743763931642078
0.3831864982485935
0.8068145632098503
0.2985882602696104
0.8643986837915295
0.300817323001804
0.8605243604712877
0.3306443052754483
0.8402770406538582
0.4852988005519583
0.8271414924105719
0.428829211336376
0.8271680288716696
0.3173760747266743
0.8494055832714149
0.2997558645579022
0.8754378516081095
0.31281180341789605
0.8882284258571278
0.38530941513639727
0.8113257615964337
0.36216962105933553
0.780118883345717
0.30983971977497077
0.7626844284046278
0.2859569047871773
0.6619520220783356
0.2681244029296252
0.6130187878144573
0.2679121112408444
0.6471446767859036
0.2908396136291261
0.644066447298588
0.3175883664154547
0.5451915932491239
0.2893535718076635
0.5068994798853622
0.28999044687400427
0.5437055514276613
0.28999044687400427
0.5886052436047127
0.28999044687400427
0.424477231716378
0.28999044687400427
0.3435940982910517
0.28999044687400427
0.35404946396348563
0.28999044687400427
0.37692389342957194
0.28999044687400427
0.3440717545908076
0.28999044687400427
0.31222800127375
0.28999044687400427
0.2928563846725398
0.28999044687400427
0.2898046916463216
0.28999044687400427
0.28999044687400427
0.28999044687400427
0.28999044687400427
0.28999044687400427