0000000001
0.012865238330241823
0.010414716743529093
0.6564675050627097
0.7034358354747036
0.8341983901434576
0.8704797236356212
0.8199887684427278
0.801524768987288
0.8000102105066114
0.7730714905637902
0.776372887701445
0.7758623623708797
0.7723907901230366
0.8407331143746917
0.7590150264622298
0.8610179875091468
0.7653795755832753
0.7369262971597775
0.7550839814168779
0.7832819971750934
0.7512550414376394
0.777496043428688
0.759100114017324
0.796964076034239
0.7491278525602845
0.8625835985228802
0.6834742950496061
0.8610179875091468
0.6505283937171351
0.8323604989534229
0.658424518829876
0.735088405969743
0.6806664057314977
0.7521739870326568
0.7282814015622076
0.7981893368275957
0.8028861698687951
0.7609550227183774
0.8224222725184215
0.723924918741385
0.7363647192961558
0.7298470125759409
0.6918809454929123
0.7572792403383083
0.6906216496775183
0.7784490240457432
0.7254054422000239
0.789952861494478
0.752139952010619
0.8086040535711249
0.7555434542143867
0.8341983901434579
0.8566785221993432
0.8591800963191121
0.9254973367595257
0.8778993584398349
1.0
0.853258002484557
0.9354185456835087
0.8611541275972977
0.8475911713152836
0.8670762214318537
0.831322430781274
0.865850960638497
0.863417456562803
0.8589758861868861
0.9547334206898901
0.8565253646001736
0.9087180708949513
0.8559127342034952
0.9605023569252764
0.8591800963191121
0.919251910215612
0.864149209536613
0.8038051154638124
0.8465871381651722
0.8502629205452413
0.8470636284736991
0.7489746949611152
0.8595204465394888
0.7273454384561716
0.8842298725388426
0.7732076306519409
0.8557085240712696
0.8049112536800368
0.7580280108231372
0.7918928577506256
0.6959481306264147
0.7657369433146708
0.6857376240151117
0.7454180351581778
0.6918639279818932
0.7475792590575702
0.6783860592549733
0.7147014277691743
0.6607559178394568
0.741946462910335
0.652859792726716
0.7960791654612598
0.6154212684852715
0.7696850058710414
0.5079386688902883
0.7459796130217994
0.4329254803192486
0.7324336742508041
0.43449109133298175
0.7143100250157414
0.48343345302316104
0.761108180317547
0.5696781988666338
0.7397001514558482
0.5831560675935539
0.7402957643415076
0.5759406429215664
0.7306978881268826
0.6002416486564676
0.7476303115906269
0.6203223116586968
0.7350203359256676
0.6188928407331145
0.7147865153242688
0.6002416486564676
0.6949440974763033
0.5684529380732775
0.6626278440515292
0.5514354270544392
0.6686180079301601
0.5444242125146775
0.7051035515545497
0.5784592345523545
0.7406361145618843
0.6090226843421883
0.7173561594881135
0.5875806204584518
0.7270050882357948
0.6039174310365367
0.7538417031125029
0.6284907169477394
0.7203172064053913
0.6659292411891836
0.6620152136548508
0.6731446658611713
0.5963786736551913
0.6645678403076767
0.5880400932559605
0.6822660517672685
0.6087163691438491
0.6458485781869544
0.6408624474584348
0.5912564028385208
0.6541361060531289
0.5039225362898423
0.6727192280857002
0.40828412436397044
0.6190800333543217
0.41597603934448557
0.6027432227762369
0.4107346459506832
0.5930942940285555
0.38711434065653566
0.5798036179228427
0.3786736551911918
0.6342936882051633
0.40998587546585435
0.6819767540799483
0.4540271939826082
0.6477375219100455
0.5067814781410073
0.6950802375644539
0.7075881081633002
0.6534213705903376
0.7255585997991935
0.5755832751901708
0.399707298810476
0.622517570580127
0.40174940013273663
0.46062998825791757
0.367918588227286
0.0001531575991695463
0.0