0000000001
1.0
0.9998271779893887
0.963275322745105
0.9648134386395452
0.8766050844235524
0.8804071686570003
0.3733473895235298
0.3960562017178508
0.19928106043585717
0.21756562915852967
0.11899659540639095
0.17436012650571184
0.10197362736118076
0.17487859253754565
0.0931078582168225
0.12317024696265312
0.050127024177799316
0.09797279781552974
0.039584881530511734
0.09842213504311904
0.11479702054853706
0.10142923802775522
0.15380294834350094
0.1117985586644315
0.15689646233344282
0.1262119143494116
0.17036793806059142
0.149784836596789
0.1951074088795949
0.1757427025906019
0.1933014188687071
0.20287575825657148
0.15702607884140127
0.2295249122928297
0.16667818813404078
0.2463577761263674
0.13264953424468146
0.2526484973126178
0.12277275633824726
0.250920277206505
0.10530909216597832
0.2485007690579473
0.12647114736532844
0.23750928918307038
0.11475381504588421
0.24048182776558416
0.11955826694087758
0.2341219777750895
0.17165546203964538
0.22596477887423744
0.19479632926049462
0.21898276964554214
0.1562829441957728
0.20612481205606345
0.17308988472771888
0.19337054767295156
0.19763061023451947
0.1854207351848332
0.22621537078962373
0.18358882187235373
0.2296026821976047
0.18455662513177679
0.22331196101135437
0.19513333218118648
0.25272626721739283
0.21127490797227927
0.25819608385323956
0.22185161502168912
0.24372224046454552
0.24096572939529579
0.252147313481845
0.27397473342204864
0.24960682992585936
0.29951782659039455
0.31106233689922747
0.35036206211223075
0.344909527677445
0.35748232894941506
0.3670134628346266
0.3533691650968666
0.3334341461728566
0.3127559926032179
0.26352764288059727
0.30477161571297723
0.28201095691547273
0.3699946425176711
0.30423586748008236
0.3772186025612222
0.260365000086411
0.37459170799993086
0.2441802187926655
0.3792924666885576
0.2568480721704717
0.31800978172580063
0.2116119108929713
0.24231374107806372
0.22662150251456029
0.19741458272125537
0.25472236143995297
0.1885315313758359
0.26775314104004283
0.2364377927172805
0.2670877762991895
0.32851735997096604
0.23326650882256367
0.40245061611046795
0.23840796363824898
0.44703869484817593
0.21553497053384715
0.48077355131949606
0.22521300312807835
0.5070770613345316
0.2115773464908491
0.5272626721739282
0.24334203204120072
0.5281959110312289
0.2760226742477922
0.5263294333166271
0.2401534659454228
0.5490036811088258
0.26271537943072426
0.5658019805402417
0.21643364498902584
0.5907920432746315
0.22862623783765101
0.6216234899676822
0.24284084821042803
0.6492750116654858
0.24863038556590575
0.6524203722586109
0.1650795845358865
0.5946286919102018
0.17963119782935555
0.5088398458427666
0.2739142457183348
0.41050412180495316
0.27591033994089487
0.27124414565439053
0.19276567063581224
0.18227537459170806
0.11988662876103906
0.14283739177021576
0.09690994245027047
0.12189136408412977
0.14243126004527942
0.11204050947928727
0.1351900178006671
0.10851494046281729
0.1228418851424917
0.10751257280127197
0.11525499887665695
0.10713236437792714
0.10649292293866554
0.1144945820299673
0.10478198503361388
0.12863142249796933
0.09226967146535785
0.13758360264763314
0.07680210151564909
0.13087810863591584
0.06374539861396748
0.12064704560772858
0.05262430223113218
0.12223700810535232
0.03938613621830874
0.12503672467725502
0.026381279919810607
0.129944869778615
0.02454072550680057
0.14460017627845081
0.0
0.12959922575739247
0.04025024627136513
0.15607555778303928
0.9153949847052522
0.9200525378912255
0.9231374107806373
0.9252026338074416
0.9935191746020773
0.9940203584328499