0000000001
0.2625409734035933
0.532965437118792
0.2383407327496786
0.5359528650263475
0.23591344757478944
0.5648728268536577
0.24128666860296255
0.5010995394381976
0.2504149205427161
0.4296087299282189
0.27185593958756904
0.4047964814737979
0.300371353885731
0.4221401601593297
0.3321646404713499
0.44081158458155273
0.3577963569976352
0.45002282062984955
0.3751192896560311
0.4576573586158254
0.38715198539479695
0.4220986681050581
0.39213103190739
0.39641508651093316
0.3914152939712047
0.39985892701547665
0.38877017551138965
0.40865524252105734
0.38739056470685873
0.409526575660761
0.3889880087963156
0.41487905066179837
0.385907223766649
0.41790797062362556
0.37628106717563603
0.38558566034604386
0.3761877100535249
0.33189494211858456
0.3879610804530933
0.2914816812580389
0.3750570515746236
0.254761213227667
0.37283722667109265
0.21961744325961596
0.3504211443508569
0.23521845566574
0.3518733662503632
0.2626032114850007
0.3855441682917723
0.2847184764117671
0.37286834571179633
0.26388946516742057
0.3686361561760925
0.2782457159453966
0.35087755694784456
0.23239699597527058
0.3176527944898553
0.17136218414173676
0.31169868470187984
0.21160947678519573
0.32956101406580657
0.18053192813576188
0.3577444919297957
0.18924525953279944
0.3644350856810922
0.1920667192232687
0.32954026803867076
0.2603211485000623
0.29799593377868155
0.3039707895937929
0.31918800049790486
0.20517820837309658
0.3182025642089541
0.13269158956059918
0.3299966806356584
0.17937015061615705
0.28153396124642144
0.13584498568524134
0.2789199618273102
0.09153147172316503
0.2948425376540394
0.06232106551595366
0.29522633915605173
0.07095141280444786
0.3259926973984484
0.02448031202024811
0.30399153562092873
0.0
0.2898738641550144
0.012738060661383376
0.3121654703124353
0.04045475291481682
0.2829965561594954
0.06962366706775656
0.28374341313638435
0.09439442346790596
0.30064105223849646
0.14829260196672328
0.3182233102360899
0.21173395294801048
0.3238766026305964
0.26766524210613674
0.3239492137255717
0.3416870669266837
0.3155989378034107
0.45620513671631907
0.3485021368407952
0.5600182565038798
0.4098792581220698
0.6586863615617612
0.4304281980000832
0.7243682834737153
0.437730799551886
0.7630388780548526
0.45430687523339286
0.8262312767105103
0.4777706319239867
0.7911289987967308
0.4943881996597652
0.715488983859591
0.4972511514045061
0.5954524708518321
0.5168976391021122
0.5097713787809633
0.5241276295589397
0.3999834031782916
0.5284531762167546
0.2692834322227295
0.5307663582423966
0.22596572756317174
0.5771233558773496
0.28231193726401416
0.6373179536118836
0.2717314634247543
0.649506244554168
0.2723538442388283
0.619548981370068
0.18750259325339208
0.5999336127131656
0.2124393178706278
0.583015227583918
0.14982780797477288
0.5273328907514213
0.11431060951827729
0.46158873075806006
0.09613708974731333
0.4108958134517242
0.1390398738641551
0.3775258288037842
0.19111240197502175
0.37802373345504353
0.12733911455956187
0.4154080743537613
0.19824903530973806
0.4065702667939091
0.36309696693083265
0.40586490187129176
0.4012281648064394
0.3989668478486372
0.4808929090079252
0.4404589021202441
0.5557445749139042
0.503381602423136
0.671922326874404
0.5352060080494587
0.8105472801958429
0.5367827061117798
0.8968922451350567
0.5506825442927681
0.9011659267250325
0.5587216298078919
0.8981784988174765
0.5865835442512762
0.890129040288785
0.6489875938757731
0.9491307414630105
0.6944213933031826
0.9797518775154558
0.6755632546367374
1.0