0000000001
0.1732414644179351
0.0
0.1727272727272728
0.0023035787741670644
0.1848210612916496
0.007486631016042833
0.18601398601398617
0.010859728506787344
0.1835252982311808
0.01390374331550807
0.19023035787741677
0.012093788564376888
0.2032702591526123
0.015631427396133327
0.2263677498971617
0.024516659810777466
0.2522830111065406
0.031427396133278565
0.2780748663101606
0.04088852324146449
0.2943233237350887
0.04689428218839991
0.3078157136980668
0.049197860962566994
0.33525298231180606
0.06013986013986017
0.38778280542986454
0.08276429452900039
0.43414232825997556
0.0919786096256685
0.4818181818181822
0.10909090909090917
0.5280131633072812
0.18313451254627738
0.5728095433977789
0.26334841628959293
0.6236528177704651
0.3538461538461539
0.6896955985191283
0.47642945290004146
0.6336281365693135
0.5975318798848216
0.5890991361579601
0.6996297819827237
0.5570135746606337
0.7712875359934187
0.5347799259563968
0.8245989304812835
0.5125874125874128
0.8639243109831348
0.5186960098724809
0.8953517071164138
0.5538872891814072
0.9112299465240646
0.5718222953517075
0.9528589058000826
0.5967091731797618
0.9781982723159203
0.6335458658988076
0.9039901275195397
0.6589675030851504
0.7387906211435629
0.6501439736733859
0.5808309337721105
0.6946935417523658
0.5351707116413
0.7055532702591532
0.5880707527766355
0.677540106951872
0.6247634718222955
0.6793089263677503
0.6714109419991776
0.704504319210202
0.6524064171123001
0.7047922665569727
0.597531879884821
0.710530645824764
0.678157136980667
0.7581653640477175
0.7516248457424936
0.767194570135747
0.6679555738379273
0.6618675442204859
0.6456602221308106
0.6672357054710001
0.4978198272315924
0.6837721102426988
0.447141094199918
0.8280954339777873
0.5468531468531469
0.9266145619086802
0.505470999588647
0.8679144385026744
0.7678321678321683
0.7707527766351301
0.8336487042369395
0.7219045660222135
0.598930481283423
0.7605923488276434
0.47190456602221337
0.7528794734677093
0.5851090086384209
0.724228712464007
0.7107363225010289
0.6669066227889762
0.7643767996709178
0.6445495680789803
0.704977375565611
0.6706499382969976
0.5532702591526123
0.6835458658988075
0.4058412176059235
0.7272315919374747
0.502838338132456
0.7853969559851918
0.5972027972027973
0.8029000411353356
0.6073220896750313
0.8173591114767589
0.5945701357466068
0.8153434800493627
0.5275195392842456
0.8076306046894287
0.5062937062937064
0.7715343480049368
0.5279308926367751
0.710283833813246
0.602550390785685
0.6586589880707531
0.619086795557384
0.6713286713286716
0.6084738790621146
0.6834430275606749
0.5985191279308931
0.7043192102015636
0.5917729329494039
0.6763677498971621
0.5187165775401074
0.6352324146441798
0.46499382969971237
0.5743726861373922
0.5302344714109424
0.5893459481694779
0.6302756067461954
0.6312628547922668
0.6976552858905806
0.6397573015220077
0.7441382147264505
0.6111888111888115
0.8119292472233649
0.5329699712052656
0.9097490744549576
0.47830111065405206
0.9703002879473476
0.5169477581242289
1.0
0.5918963389551629
0.9684080625257101
0.684286301933361
0.921596051007816
0.7246194981489101
0.94027149321267
0.7445495680789802
0.9581242287124649
0.7737967914438507
0.9120526532291244
0.7865898807075283
0.8746194981489107
0.7980049362402307
0.8880296174413823
0.7542780748663104
0.9145207733443034
0.7561908679555742
0.8842451665981079
0.7576511723570551
0.8870423693953112
0.7599753187988486
0.8729740847387908
0.750020567667627
0.8455779514603046