0000000001
0.5392600232730351
0.6435523114355232
0.5822886914207132
0.6770337459007725
0.5996641277901198
0.6981381571987733
0.61057336295356
0.6387919179096584
0.6936951232412994
0.5827250608272507
0.7143896117634617
0.5815085158150853
0.8013329101872425
0.598487252724003
0.8686395853168309
0.5899185443774464
0.8803157727705492
0.6487887443139747
0.9037739342007831
0.7052787474875704
0.9163889770443246
0.6334496985084103
0.9234370041256749
0.5654289643499419
0.9253808314820694
0.5278747487570087
0.9239659367396597
0.595736803131281
0.9260948905109494
0.7059134666243526
0.9356156775626787
0.7206706865545334
0.944422405585529
0.6688352903840054
0.9428091611128745
0.6308050354384852
0.9358272506082728
0.6619062731408017
0.8878001692584365
0.6728551782502912
0.8079710144927538
0.6812652068126519
0.7634613350259181
0.689992594943404
0.7920898127578548
0.7222574843964883
0.8115413096371525
0.678726330265524
0.7556728022849891
0.6592616100708772
0.7282079763038191
0.6332381254628161
0.7548926266793612
0.646249867766847
0.8252406643393635
0.7036919496456153
0.8456045699777851
0.7863112239500687
0.8701470432666883
0.830953136570401
0.8723817835607744
0.8774992066010795
0.8632841426002328
0.9418174124616526
0.8582725060827253
0.9087591240875911
0.839230931979266
0.8708346556648686
0.8255844705384537
0.8206389505976942
0.7983047709721783
0.766317571141437
0.7638448111710572
0.7079763038188936
0.7027927642018409
0.6099650904474775
0.6630963715222683
0.47804929651962363
0.60318152967312
0.5482915476568286
0.5794192319898448
0.44604887337353244
0.5623876018195283
0.3285200465460701
0.5588569766211788
0.3120173489897388
0.5609065905003706
0.34978313762826624
0.5677430445361262
0.1999365280863217
0.5559875171903101
0.1733312176028775
0.5406616947000954
0.3325928276737544
0.5293293134454672
0.41108642758912517
0.5113588278853276
0.40373426425473424
0.4854146831693644
0.3054056913149267
0.47769226700518375
0.3116999894213478
0.45691843859092357
0.3977573257167039
0.4498439648788747
0.47053845340103695
0.4215460700306782
0.5239606474135197
0.40853432772664766
0.5534750872738815
0.4320982756796786
0.5618322225748441
0.4432719771501113
0.5935152861525445
0.4171823759653021
0.6130857928699881
0.41735427906484734
0.6528086321802605
0.40268962234211375
0.7372791706336617
0.40313921506400097
0.7603406326034067
0.3993441235586587
0.7748333862265951
0.3652411932719774
0.7821855495609863
0.34508886067914973
0.7783772347402943
0.3032370675975883
0.7839839204485353
0.3364408124404952
0.8370358616312281
0.40143340738389943
0.8731619591664025
0.3974135195176138
0.8518988680842062
0.34303924679995773
0.817412461652386
0.37739342007828225
0.8538559187559508
0.3728049296519626
0.9020416798899826
0.40336401142494466
0.9111393208505241
0.49861155188828965
0.8967523537501327
0.5158812017348992
0.7842483867555279
0.5402517719242568
0.9379033111181636
0.578665503014916
1.0
0.5839283825240665
0.9613350259176987
0.6078890299375862
0.8918332804400718
0.5699645615148632
0.7712895377128955
0.5626256214958216
0.33306886702634103
0.6065931450333228
0.12757854649317688
0.620107373320639
0.08224902147466412
0.5792737755209988
0.0
0.5282185549560988
0.05945202581191166
0.4971040939384324
0.060245424732888984
0.4540225325293558
0.03617899079657244
0.4447794350999685
0.04236750238019678
0.4624854543531156
0.10732042737755226
0.453493599915371
0.18004866180048662
0.4379826510102615
0.19787369089178047