0000000001
0.5560713413144392
0.8662757553546704
0.44720661291636093
0.8094307354019059
0.29025164915709745
0.8595976871080703
0.2613812199690528
0.9065884844042675
0.25737030702825925
1.0
0.19899828976300993
0.9085430409642478
0.1465510220702012
0.7099926704129002
0.13895675543611033
0.5904389608274289
0.17293753562993716
0.4748758042185844
0.19293102044140387
0.4282107663490508
0.16503786953334965
0.4082580014659173
0.16872302304747946
0.357276651193094
0.17419985340825794
0.3225018323967748
0.2016858050329831
0.30499226321361655
0.2200097727827998
0.25474387165078594
0.22693216059939722
0.21418682303119144
0.24627412655753728
0.16874338301164576
0.27321035914976777
0.11206124277221259
0.26262317778320704
0.08600048863913996
0.266491570974835
0.08152129652251809
0.26205309878654603
0.045524879876211365
0.2582050655590845
0.020767163449792302
0.23574802508347573
0.04047560876292845
0.2612590601840539
0.06287156934603802
0.356849091945598
0.03982408990960178
0.3959809430735401
0.020930043163123933
0.5346322990471538
0.024187637429758095
0.7167114585878329
0.015473572766511913
0.79599315905204
0.008306865379916996
0.8179004804951543
0.004153432689958535
0.799230393354508
0.004967831256616834
0.7809064256046906
0.0030132746966364562
0.842515677172408
0.0
0.8722208648912776
0.048863913999511226
0.779338708363873
0.12053098786546114
0.788398892417949
0.22322664712110096
0.80865705676358
0.24529684827754675
0.7547438716507856
0.24252789315090806
0.7532372343024676
0.4144474305725221
0.8015717892336509
0.5586774167277464
0.8049108233569505
0.5456470396612101
0.7904145288704288
0.756902027852431
0.748941281863344
0.8022640280153106
0.7640687352390256
0.8236827103184294
0.8062749409561035
0.9825718706735074
0.842780356706572
0.9773597198468931
0.7979680755761869
0.7829627819855036
0.7650663734831824
0.578222982327551
0.7895594103754374
0.31386920759019454
0.8411922795015879
0.32649238537340175
0.853021418682303
0.4107826370225584
0.8135841680918637
0.5172245296848277
0.7403697369492627
0.698916849906344
0.7089950321687432
0.8540597768547923
0.7038846811629609
0.776529033308901
0.6891847870347746
0.6631647528300346
0.6168865542796644
0.43716915058229466
0.5695292776284709
0.3700627086896328
0.590011401579933
0.42136981838911963
0.6370836387327957
0.4497108885088362
0.6413185112794199
0.4989820017916768
0.5695496375926377
0.5296033878980368
0.5744767489209217
0.5604690935743951
0.5991937454190078
0.3267367049433992
0.5803404186008633
0.16760322501832384
0.5202581643456305
0.085430409642479
0.4978622037625213
0.0515514292694845
0.5422469256454104
0.012541737926541308
0.5559491815294404
0.02663083312973366
0.556458180633602
0.11882075087547839
0.5074721068490918
0.14659174199853392
0.45364036159296356
0.1285120938187148
0.42189917745744754
0.13633032005863646
0.423853734017428
0.16336835247169945
0.44728805277302713
0.23804870103428605
0.41599478784917343
0.3561364931997719
0.39390422672856074
0.4650215815620161
0.3158034041860084
0.5800146591741997
0.24374949100089577
0.6604772375600615
0.3473817086081927
0.6011890219073213
0.3615115237397182
0.5632380487010343
0.3550981350272823
0.5533023861878001
0.3882034367619512
0.5322909031680103
0.42018894046746463
0.47528300350191366
0.4228153758449384
0.4385536281456139
0.3823804870103428
0.4141216711458587
0.40483752748595137
0.4295138040557049
0.4675869370469906
0.46005375030539913
0.5225792002606076
0.4443358579688895
0.5331867415913347
0.40060265493932706