0000000001
0.4336715520481026
0.7417011148690968
0.4153826882124516
0.7954403106601535
0.39145684579731965
0.8366528873856953
0.3573218088437932
0.8536890893147947
0.32043091569585364
0.8504321683577614
0.28291369159463875
0.8154829011649763
0.27467743955906315
0.7559814606037838
0.290805461605913
0.6952273581360386
0.28532506576475025
0.6422397594889147
0.2687899285982713
0.5871226356006515
0.25726543905799865
0.5392709507703879
0.24787047475886298
0.5025679569084307
0.2423587623700365
0.46386070399599205
0.23856946010271846
0.4002254791431794
0.2329951146185644
0.33696605286233283
0.25087686333458614
0.2938744832769637
0.24151321558311428
0.27295502943755473
0.23550043843166746
0.25754728798697246
0.22369409996242032
0.24502066892145782
0.21799448828761137
0.23950895653263202
0.21624076161843914
0.2337467117624957
0.20997745208568225
0.233997244143806
0.1989227107603662
0.23136665414004778
0.18504948014530898
0.22710760365777294
0.1723349617938118
0.2213453588876364
0.16597770261806358
0.2061881498183642
0.1640673932105722
0.19541525742202154
0.15833646498809992
0.18464236502567977
0.15927596141801348
0.16284604785168502
0.16140548665915067
0.12676938494300385
0.1647563572591757
0.09357384441939141
0.16707378178629584
0.08204935487911834
0.15514217712639378
0.08618313917073735
0.1710822998872604
0.09658023299511459
0.2653137918075915
0.11073531253914588
0.4577852937492172
0.17487160215457845
0.5712451459351124
0.30765376424902957
0.5103344607290495
0.25516723036452477
0.35525491669798337
0.17211574596016554
0.3634598521858954
0.0
0.4223975948891398
0.16284604785168502
0.4372729550294377
0.2219716898409119
0.37611173744206455
0.21934109983715414
0.30499185769760756
0.2965050732807217
0.2542903670299388
0.5009394964299143
0.27558561944131293
0.6905925090817994
0.3291995490417138
0.6518852561693607
0.3795878742327447
0.5926343479894784
0.38190529875986506
0.6107979456344738
0.3316109232118253
0.5778529374921716
0.2862019290993358
0.7420769134410627
0.34322936239508994
0.761367906801954
0.321464361768759
0.8927721407991988
0.21664787673806835
1.0
0.15833646498809967
0.9373669046724299
0.1838907678817489
0.9243392208442949
0.26666040335713387
0.9406238256294638
0.2527245396467493
0.9237128898910193
0.2130777903043968
0.9096830765376437
0.2193410998371539
0.8925216084178887
0.3367155204810223
0.8519353626456229
0.4167919328573222
0.7866716773142935
0.40996492546661695
0.7150194162595516
0.41967305524239024
0.6505073280721538
0.3278529374921708
0.5851183765501698
0.27971940373293264
0.5226105474132537
0.3037078792433924
0.466867092571715
0.3803081548290118
0.4295377677564829
0.3789928598271328
0.4081172491544536
0.44691845170988365
0.38431667292997657
0.49827758987849213
0.35901290241763806
0.45274332957534796
0.3372165852436431
0.4142552924965555
0.3240636352248532
0.3733558812476514
0.3095327571088567
0.3715395214831516
0.29926092947513483
0.571182512839785
0.3003883251910313
0.724664912939998
0.31379180759113107
0.713046473756734
0.3129149442565453
0.5666416134285365
0.29663033947137707
0.42794062382562936
0.29700613804334247
0.4230239258424157
0.3241889014155083
0.4749780784166357
0.3702868595766002
0.5560566203181765
0.4205186020293126
0.3951208818739826
0.4717524740072662
0.30483527495928864
0.47363146686709223
0.3207127646248281
0.4341726168107234
0.31028435425278733
0.42214706250782996
0.27546035325065804
0.39684329199549034
0.2639671802580488
0.36277088813729214
0.2322748340222978
0.37930602530377067