0000000001
0.7783610382035577
0.5763585107417125
0.7890055409740451
0.5990084572761738
0.7028774181005155
0.6072713133080591
0.6031398852921159
0.7886653057256731
0.5758724603868958
0.7025371828521431
0.5323223485953146
0.5826771653543307
0.5087732089044422
0.4416253523865072
0.45088461164576643
0.49684067269369114
0.375206571400797
0.5271702148342562
0.34631087780694086
0.39583940896276854
0.28645377661125704
0.4880917663069895
0.5401234567901235
0.4357927481287061
0.5810488966656946
0.3139885292116257
0.6269320501603965
0.27228540876834834
0.5717653348886942
0.46719160104986873
0.45188101487314064
0.47807912899776356
0.4329736560707689
0.4636920384951882
0.4705210459803635
0.5034509575191983
0.6427772917274229
0.17915816078545685
0.7738650724215034
0.10469524642752963
0.6456449888208414
0.35559443958394077
0.37899776416836783
0.9562554680664914
0.2546174783707593
0.46942743268202564
0.22457956644308366
0.5165743170992508
0.24630601730339258
0.38378536016331294
0.2836589870710607
0.7652376786235052
0.3237095363079614
0.3269174686497522
0.46325459317585294
0.0
0.5379848352289298
0.11626324487216882
0.4279673374161563
0.09322445805385395
0.2841207349081368
0.13376105764557145
0.2855545834548457
0.5346553902984353
0.301132497326723
0.4534849810440361
0.32650432584815775
0.17954700106931099
0.4016477107028288
0.5700398561290942
0.4842519685039371
0.6036745406824147
0.445829687955672
0.44852726742490534
0.4484300573539418
0.3715368912219308
0.43362982404977135
0.5160882667444348
0.34227665986196193
0.6418780985710123
0.3215952172645085
0.2641197628074266
0.2603285700398561
0.47953728006221386
0.2236317682511908
0.5717896374064357
0.23121415378633223
0.4580538543793136
0.2515553611354136
0.2525517643627879
0.265140468552542
0.34217944979099857
0.20980363565665383
0.4890638670166227
0.14136774569845423
0.4191698259939731
0.2127199377855544
0.6261300670749482
0.22742296101876153
0.7169242733547198
0.24662195003402312
0.35141440653251593
0.26181102362204717
0.20034995625546825
0.2336444055604162
0.31671041119860005
0.24256342957130356
0.864391951006124
0.28966170895304744
0.6451832409837659
0.2295372800622144
0.28463108778069435
0.2171672985321279
0.4467774861475647
0.3322883250704772
0.5214348206474195
0.3476961213181684
0.6599591717701954
0.3557159521726453
0.788762515796637
0.3661417322834644
0.8267716535433065
0.3360552153203071
0.8980266355594441
0.30084086711383307
0.7345192961990865
0.25272188198697365
0.6383785360163317
0.1919655876348788
0.8696412948381453
0.2211286089238845
0.933119471177214
0.22346165062700493
0.8740157480314962
0.35622630504520253
1.0
0.43749392437056456
0.9329250510352873
0.43664333624963525
0.9841547584329736
0.4293768834451247
0.6524739963060172
0.37046758044133377
0.7359774472635356
0.3205016039661706
0.8490327597939141
0.38551083892291227
0.7540585204627201
0.37644599980557986
0.6711383299309804
0.485418489355497
0.6499465344609694
0.5626032857003982
0.6141732283464567
0.5390784485272675
0.7807912899776411
0.4682366093127249
0.8951103334305435
0.47137163410129285
0.8585593467483229
0.5380577427821519
0.7755419461456206
0.46765334888694443
0.8368815009234958
0.5581559249538253
0.8529211626324489
0.6947603771750752
0.8526295324195584
0.6033100029163021
0.802663555944396
0.6076601535919117
0.7557110916690964
0.672013220569651
0.7709730728103437
0.6733498590453973
0.5331972392339847
0.6641149023038786
0.542140565762613
0.6488043161271511
0.5234762321376485