0000000001
0.5499065758543787
0.456512567054427
0.5363902115604844
0.5081068048942197
0.6004158881321195
0.5660900488216499
0.5235217889217043
0.5735037068290033
0.5267162919655233
0.4531372430835993
0.5262642396480017
0.45187149659453923
0.5417394973178229
0.49062744861671953
0.5553161352540532
0.4953287927189439
0.5636640347176178
0.5387860888433488
0.5907419685371584
0.5448134530769693
0.5709571454402986
0.5876077391356758
0.5166505936953767
0.5105780242300039
0.46276595744680826
0.5094930986679523
0.42306069555783243
0.5568681815442106
0.47277138207461855
0.5393285516243745
0.5273793020312216
0.6246760291724428
0.5680640106081608
0.6543306612018562
0.6205924899041647
0.5468627569164002
0.6538334036525825
0.584172141522512
0.617503465734434
0.6307636670483996
0.5635133506117773
0.7272014947863298
0.6020884817069493
0.7097824121511661
0.5903953950937252
0.7490205533120364
0.5989994575372187
0.7660177204508466
0.6198842746067144
0.7487794587426915
0.5912693629076001
0.5945994816466758
0.6038213489241152
0.5381833524199865
0.663341570731119
0.5190163341570728
0.6377554095593995
0.4929781206678317
0.6376951359170632
0.5420408655295038
0.6705744078114639
0.6542101139171839
0.6804442167440174
0.5399312880477364
0.7789916219637152
0.5454764631426676
0.8745102766560181
0.7190042794286053
0.8452624917123739
0.9576276294376462
0.7987915134711587
0.9578687240069915
0.8730787776505331
0.7839792658670358
0.8716020734132959
0.7328672171659328
0.7957476945331805
0.7208124886986919
0.8676993550720269
0.790127177385329
0.8810801036706645
0.781749141100596
0.8616117171960697
0.7758423241516482
0.9064703755047913
0.8235790488819236
0.9624645892351272
0.7070700982460365
0.9615152793683319
0.6268458802965462
0.9805316135254051
0.7208124886986919
0.950063287324453
0.7158097763847866
0.9185552407932007
0.44958109818576336
0.8831595443312634
0.32553794225785054
0.8425501778072445
0.22783436803086007
0.8145530709420767
0.04044361400759446
0.8969622084262548
0.0
0.904556687360617
0.017660177204508437
0.8097311795551803
0.012657464890603343
0.7809354469290577
0.002591766620456878
0.7880025314929779
0.001024651919715507
0.7702519438249651
0.027303959978301488
0.6576909167620997
0.040744982219275507
0.5154752576698207
0.07214754987643902
0.5048068229763121
0.2089687179796274
0.5215779639563617
0.24398770417696336
0.5392532095714543
0.2504369839069374
0.4818877704779698
0.21837140618407558
0.37341028268338244
0.22222891929359284
0.352525465613887
0.30920378518473857
0.3175366162377191
0.4568742089084441
0.32582424205894744
0.7038153215598816
0.4222168645651256
0.6181062021577961
0.48151106021336854
0.4521125911638837
0.5060725694653726
0.485443915375806
0.5478271351937796
0.4556687360617201
0.566933879814357
0.458923512747875
0.6013350611777468
0.4369839069374963
0.6133596528238199
0.5511421855222708
0.5874871918510032
0.852329576276294
0.7441082514616356
1.0
0.7384726659032004
0.7659574468085101
0.6054638056777769
0.4653125188355129
0.5251190404436139
0.2943161955276955
0.48374118497980817
0.1701524923151106
0.46401663552528466
0.30022301247664374
0.4765987583629677
0.39768549213428966
0.5183834609125426
0.4404797781929961
0.5169670303176419
0.5056355855584351
0.504987643903321
0.5061177746971247
0.5264299921644263
0.5514435537339517
0.5195437285275145
0.5551202459164607
0.5116328129708876
0.4505454764631426
0.49581098185763334
0.5044903863540473
0.5026821770839609
0.48357543246338375