0000000001
0.11643047784962084
0.0
0.11599495237138038
0.005270975018705255
0.12632472332964814
0.009827241560297944
0.14336605358080115
0.012954091147665478
0.1564429852479703
0.014606854500988312
0.16328855238031423
0.018627089684746547
0.164851977173998
0.021039230795001484
0.16646007124750128
0.023853395423632254
0.16118909622879607
0.02867767764414218
0.1407752353512681
0.03662880945201962
0.12966375199615843
0.04189978447072487
0.12527499525388905
0.04511597261773146
0.1359509531307581
0.04703675164997149
0.1742660278959652
0.0477961294069036
0.21302779545936767
0.04574134253520498
0.19049214379041174
0.0416764380716272
0.1461243816096575
0.04940422348040694
0.1826750198219929
0.060973566953666784
0.21230191966230025
0.06570851061453763
0.24190648486269772
0.06941606083955913
0.29925067283102724
0.0656191720548985
0.3386154756719933
0.05722134744882575
0.3830167398126124
0.049002199962031076
0.3782706288317867
0.04547332685628777
0.4027047248930728
0.04520531117737053
0.42122014137827063
0.048600176443655274
0.41230862005427305
0.05708733960936714
0.41017566194289035
0.10528549253464652
0.44233754341295634
0.05436251354037545
0.5084592448658246
0.04667939741141524
0.5555294984756607
0.03841558064480103
0.5775961227065116
0.01983316023987404
0.5806001317743754
0.15906730543736808
0.5577406278267277
0.3934470166504741
0.4901783420996794
0.5261594469943157
0.5227087451282566
0.6053134108345338
0.5621852211687717
0.6083509218622623
0.5749383005572491
0.5727941751259116
0.5864294727908249
0.5602421074966218
0.5590360369414944
0.5689972863412508
0.5586228461031637
0.5014126659742926
0.5725708287268136
0.54116832501368
0.6258724468714753
0.4681340525087384
0.6527075167230615
0.4290931019464637
0.6768847644253855
0.4515617496956905
0.7155795280690587
0.4770679084726456
0.6944174567545535
0.36794085787351866
0.6632606340804271
0.34185399845890974
0.6636626575988027
0.3705763453828715
0.664489039275464
0.2927624599372396
0.6526181781634225
0.2575183981596256
0.6458954515505823
0.3185813036729315
0.679810602253565
0.2454130233285314
0.6825354283225568
0.1845734642143232
0.63937373669693
0.15017811875328044
0.6453147509129283
0.11386199425999748
0.6987838788569132
0.1099757669156979
0.681954727684903
0.12225981886607033
0.6556556891911511
0.1223938267055289
0.6373747864250057
0.1441030966978234
0.6086077702212246
0.17032396395189106
0.6288206193395647
0.16380224909823893
0.7142394496744726
0.1543770310563168
0.7328107027594447
0.1486593632394162
0.7407059979675478
0.14544317509240956
0.7222129161222598
0.13619663416976557
0.7086446223770756
0.12346588942119781
0.6943504528348242
0.13507990217427723
0.6630149530414194
0.16335555630004345
0.7126760248807888
0.18269735446190263
0.7677644142182318
0.177649725842295
0.7987090578132153
0.16992194043351522
0.8247177459881402
0.17747104872301683
0.8420159245982557
0.20686343484427172
0.8048734184283115
0.19757222464180815
0.790467575686511
0.14580052933096585
0.8722793616759915
0.13641998056886329
0.885869990061085
0.20498732509185122
0.8296425340882441
0.2738226852937563
0.8049627569879505
0.30893273923191167
0.8064926798217694
0.36945961338738326
0.8609221972818741
0.4281103777904341
0.9092655253665672
0.3638312841301214
0.9124370442337543
0.3466782806794198
0.930483433280847
0.37959953990641776
0.9705517772789709
0.46116564485689077
0.9396853049236713
0.5579193049460058
0.9698817380816778
0.6447563849151843
1.0
0.7693836756116901
0.9759232581772699
0.7826057824382726