0000000001
0.6919490208268568
0.7284737332918869
0.694319241529375
0.7197699720236242
0.6989042586260492
0.7219459123406895
0.6835561081753184
0.7570718060304629
0.6498678893378925
0.7873795461610187
0.60374572583152
0.7143301212309605
0.5605766241840223
0.6687907988809451
0.5134442026732984
0.6551134597451043
0.5083929126515384
0.6370842399751322
0.5536213863848303
0.6112838047870689
0.6021914827479014
0.577556729872552
0.6420966739198009
0.5470935654336341
0.6527043829654954
0.5267329810382346
0.6186276033571646
0.5035747590923221
0.6019194902082687
0.48041653714640886
0.6072816288467512
0.4462231893068071
0.630517562946845
0.40550202051600853
0.63774479328567
0.36291576002486775
0.6659931613304322
0.3124028598072738
0.749261734535281
0.26826235623251476
0.7632110662107551
0.22552067143301158
0.7702828722412185
0.17127758781473404
0.8079344109418709
0.14065899906745427
0.8268184644078334
0.1378613615169411
0.7986089524401616
0.15029530618588757
0.723888716195213
0.16226297792974717
0.6185110351258936
0.163195523779919
0.6228240596829343
0.16179670500466253
0.578916692570718
0.16474976686353757
0.5221868200186509
0.18091389493316762
0.4953372707491449
0.20111905502020494
0.5587892446378613
0.21028908921355305
0.6013366490519116
0.21526266708113154
0.5261112838047868
0.20422754118744177
0.40690083929126497
0.19909853901150118
0.42100559527510084
0.20189617656201436
0.5173298103823435
0.19987566055331002
0.6933089835250233
0.19117189928504824
0.7515930991607085
0.172210133664905
0.6779219769972021
0.1638172210133663
0.5760801989431146
0.15433633820329482
0.5719614547715262
0.13490829965806636
0.6288856077090456
0.15806652160397897
0.627525645010879
0.5034193347839602
0.5680369909853897
0.9457569163817219
0.5618977308050981
1.0
0.547559838358719
0.9109418713086728
0.5573904258626051
0.5704072116879079
0.5918557662418399
0.17360895244016172
0.5868433322971706
0.09030152315822185
0.6142757227230334
0.03590301523158218
0.6308284115635684
0.03155113459745072
0.6781162573826547
0.08439539944047239
0.7142912651538699
0.13304320795772442
0.7726530929437364
0.18044762200808187
0.7410242461921045
0.20236244948709955
0.7290954305253339
0.1594653403792354
0.7459978240596826
0.13257693503263868
0.7247824059682929
0.11408144233758147
0.8387861361516937
0.04320795772458751
0.793052533416226
0.0
0.7427339135840842
0.025178737954616073
0.7830665216039785
0.033416226297792936
0.8084395399440469
0.026422132421510695
0.7946067764998446
0.04336338203294962
0.6885685421199876
0.09434255517562937
0.6777276966117505
0.1356854211998755
0.7374883431768726
0.1507615791109728
0.6233291886851099
0.16941249611439238
0.5688141125271995
0.18868511035125873
0.548919801056885
0.18728629157600254
0.573593410009326
0.16428349393845207
0.480571961454771
0.1464096984768416
0.46098849860118096
0.11998756605533092
0.46067764998445704
0.09418713086726782
0.5641902393534345
0.08237488343176892
0.6259325458501706
0.07911097295616998
0.6011423686664596
0.10382343798570112
0.48410786447000315
0.13552999689151313
0.5023702207025179
0.16506061548026094
0.5327945290643453
0.16366179670500447
0.5836959900528439
0.1507615791109728
0.6272536524712461
0.1487410631022693
0.6678582530307741
0.16397264532172842
0.7539633198632266
0.18448865402548967
0.752175940317065
0.2050046627292509
0.758276344420267
0.21417469692259875
0.7083462853590302
0.22210133664905166
0.6268650917003418
0.21230960522225653
0.7401305564190237
0.22272303388249898