0000000001
0.6597970830691183
0.6534315399248816
0.6570167308911757
0.6028974196380664
0.6323350080483876
0.548948831764304
0.6092141846739183
0.5073898834203209
0.6000439002975464
0.48056192380859464
0.5919223452514509
0.49539046875762166
0.5674845129505875
0.5257304521730645
0.5444368567386956
0.5374371981854544
0.5388273742744255
0.5338276181649673
0.5551924296375786
0.5144139310277548
0.5592410126335299
0.48104970489244403
0.5820935564118823
0.479001024340276
0.6124335398273254
0.49704892444271004
0.6377737671333105
0.5180235110482416
0.6517243061314081
0.5363640798009852
0.6698453733964196
0.5610458026437737
0.6766499195161211
0.5708989805375347
0.6675528023023266
0.5693380810692161
0.6592361348226915
0.5787034778791277
0.6488220086825034
0.5835812887176235
0.6305789961465292
0.5664113945661186
0.6232866689429781
0.5818252768157652
0.6224330520462416
0.6177259645870933
0.6226769425881664
0.6413345690454123
0.6389200526803568
0.6710892151602361
0.6672601336520171
0.7059167845470953
0.7058436173845175
0.7833764206624061
0.7869372225745085
0.9534169064923658
0.8432271596507482
0.9015169991707721
0.8185210477537681
0.8754694892932053
0.8289107848397638
0.8903955904590013
0.8054972928149845
0.7404516852836447
0.8305448514706596
0.7156724062240867
0.8904687576215796
0.5682649626847472
0.8612506706989901
0.6866006536266522
0.739451734061753
0.8438612750597526
0.6853080337544508
0.709331252134042
0.727574264670016
0.7447441588215203
0.8068630798497631
0.7751816984537337
0.8750792644261254
0.6460172674503681
0.8467879615628506
0.5294375884103212
0.7722550119506365
0.5022194039315154
0.7643285693380808
0.6164577337690844
0.868421052631579
0.654114433442271
0.9930491195551435
0.7147944002731572
1.0
0.73469586849422
0.9447100141456514
0.7308911760401928
0.8616652846202623
0.7017218672259888
0.8780791180918002
0.6595775815813861
0.9682942295497776
0.6342129652212088
0.9440515096824545
0.6253353494951465
0.8418613726159698
0.5882639871225795
0.8507877664504168
0.5798741524803668
0.9368323496414808
0.6434808058143504
0.9630993610067801
0.7026974293936882
0.9640993122286715
0.7294278327886441
0.8957367933271544
0.7110872640359007
0.8635676308472755
0.7001609677576702
0.8971757475245108
0.7105019267352813
0.920735573874445
0.6866006536266522
0.8964928540071214
0.6374323203746156
0.8222281839910245
0.5753865665089508
0.8087898151309691
0.5316813813960292
0.7629140041949171
0.5285595824593923
0.7046485537290864
0.5343153992488167
0.6931613092044291
0.548070825813375
0.696429442466221
0.5484610506804546
0.6227744988049363
0.5043656407004535
0.5620457538656649
0.4545144139310277
0.49548802497439143
0.43753963221306275
0.4681966733330079
0.4055411931125311
0.4768547875713379
0.36768938100580456
0.5004146139212721
0.3127652309643433
0.5200965806546021
0.24681722842788134
0.5261938442027217
0.17989366372372065
0.510609238573728
0.11755524120774591
0.4783425198770791
0.07063070094141741
0.4479293692990586
0.029364421247743976
0.4409784888542022
0.001560899468318794
0.4411248231793571
0.0
0.44344178332764234
0.02594995366079718
0.45256328959562947
0.05960684844641726
0.4590507780108285
0.09472708648358623
0.45256328959562947
0.12214038339593185
0.44785620213648114
0.14340763865177308
0.4411004341251646
0.1580410711672603
0.4430759475147554
0.15716306521633072
0.44807570362421345
0.3871030681430175
0.45368518608848346
0.894297839129798
0.4644651480415589
0.5520706307009414