0000000001
0.38513868394067485
0.3013280644273815
0.36498011654953355
0.3230372908486109
0.37583472976014815
0.3363429457519447
0.46524773028537125
0.3319410749568569
0.6017807568216491
0.3256383963184357
0.6678838506365206
0.298026661331066
0.6915439061601181
0.25570867618737986
0.712377760548233
0.2151914563689568
0.7823074806792888
0.15496586049070898
0.8205237225820975
0.14886326688842766
0.9230673036040314
0.1747742790686042
0.9578570892629368
0.15436560538228772
0.9631843533501738
0.08303528999824943
0.942300477703024
0.06142610609509061
0.8982817697521448
0.10124302828702204
0.8570892629367483
0.1825775954780785
0.8245254233049049
0.2511067203561516
0.7972388265012633
0.3268389065352778
0.9153640297126278
0.3787609734137005
0.8142960758322287
0.39056599054598246
0.78993572268214
0.36645574369106887
0.7983893154590703
0.3047295100417678
0.8556886676837654
0.23810119300702795
0.8583147837831078
0.20078533376685093
0.808218492859465
0.24030212840457219
0.8721206512767926
0.3175349523547511
0.8876022309481527
0.37275842232949036
0.9127379136132856
0.38596403471475366
0.9528799739889454
0.3797613985944025
1.0
0.3984693494735263
0.9810169321961836
0.4158767476177376
0.8789235425055647
0.4040717304854562
0.8555135932771428
0.37345871995598157
0.8951554410624515
0.3298401820773831
0.8862516569542055
0.3101318060175577
0.8115198959557812
0.36245404296826167
0.8408073431208262
0.4324838056173876
0.8442337993647302
0.4262811694970366
0.8273016031813522
0.4505915013880903
0.8842508065928021
0.4070730060275616
0.9002576094840307
0.3982692644373859
0.8689943225870999
0.41577670509966735
0.7392141660205591
0.39776905184703465
0.7580971913063055
0.3634544681489636
0.8568391566415726
0.3686566790886128
0.8663431958582397
0.3354425630893132
0.8148963309406496
0.2910236850661534
0.7363129329965235
0.37696020808843766
0.7220318635420055
0.47980391666458255
0.7293099567316111
0.5047145036640569
0.6744866568291527
0.6689843183352927
0.7383137833579273
0.9544056223895152
0.6867918865517846
0.9049846184628471
0.660605757446915
0.9291949078358305
0.7122276967711277
0.7671260285621391
0.7109771652952505
0.8428582147412652
0.6800390165820472
0.8648675687167051
0.6902433534252057
0.7420153565265234
0.6169622089387992
0.7849335967786312
0.6236400470199834
0.7793312157667012
0.5729935222469551
0.8034414626216141
0.5417802566090589
0.8007403146337191
0.5637896105844984
0.6114598704449392
0.5333016532026114
0.6836905684916089
0.6001550659030087
0.6138608908786235
0.6322937248330541
0.7825325763449463
0.663081809769152
0.9591076207388141
0.6817647500187578
0.9337968636670587
0.7193057049245931
0.7783307905859995
0.6744116249405998
0.7180051521896801
0.6980716804641975
0.662781682214941
0.6521271540404671
0.5609383988194983
0.6712352749918717
0.4544931595928267
0.7283095315509093
0.38436335442563074
0.7383888152464799
0.3756596553535257
0.7707275592126654
0.3354425630893132
0.7811069704624466
0.3322412025110674
0.8085686416727109
0.41807768301528153
0.8034414626216141
0.5144186279168651
0.7708776229897709
0.5378285771452866
0.7585223720081034
0.5634394617712525
0.7302603606532776
0.40597253832878977
0.6470249856188879
0.14015956781632186
0.6465747942875723
0.030112797939124362
0.6607558212240203
0.0
0.6542030362904233
0.0964409874196535
0.6057824575444566
0.5031138233749345
0.4798789485531352
0.7458169722131904
0.27601730735562635
0.3046294675236978
0.22904734512167688
0.20018507865842977