0000000001
0.2035902397076213
0.14608190906159305
0.19680479415242405
0.10222508868107046
0.19298882081049126
0.061969257228850834
0.17377458884230898
0.015586369988175936
0.1487692142319681
0.0
0.14438890680425676
0.0051058798237128234
0.14116414059980653
0.016446307642695935
0.15579651725249927
0.047941524239492626
0.16193700956680646
0.09561431796194785
0.16841341502741047
0.11077071912286365
0.16205793829947335
0.0927657744813501
0.1574223368805761
0.05917445985166083
0.1222589487262174
0.03305385359561423
0.10965548747715788
0.030420294528646637
0.11574223368805768
0.04401805869074497
0.10629635601418899
0.08078039342147685
0.09822100397721173
0.1133505320864238
0.11765022035902394
0.1264108352144469
0.14815113404278196
0.10921208212404597
0.16798344620015054
0.1421584435128454
0.1907046114156725
0.19912931312479856
0.213775126303343
0.24158873481672574
0.2685155326238847
0.33451574760829855
0.27651026550575075
0.2935074707083735
0.260493926690315
0.27550252606686015
0.2493013006557024
0.3465011286681713
0.2118402665806729
0.38068365043534325
0.22436310867462106
0.3697194453402127
0.2162071374825324
0.39793614962915164
0.22985864774803824
0.4395356336665592
0.23062452972159517
0.43518219929055146
0.23571697301945604
0.40825540148339234
0.27977534128775666
0.3315059658174782
0.31913092550790073
0.21380199935504685
0.33284961840266575
0.2749650650327852
0.3593464473825646
0.33655809953778354
0.35894335160700863
0.36810706223798767
0.40320326776308735
0.3099000322476621
0.4129850585832527
0.24685585295066123
0.42843706331290987
0.22046651617757712
0.42654251316779535
0.23255938944426527
0.43601526389336775
0.1742448672471245
0.43303235515425126
0.1246909599054069
0.4286386112006879
0.12839944104052464
0.42600505213372036
0.09384069654950025
0.4329651725249919
0.08153283886918208
0.44229012146619356
0.08567128883155976
0.43856820380522415
0.11259808663871876
0.4119101365151026
0.13979361496291517
0.36716650542835627
0.13887993120498762
0.3501961732774374
0.09496936472105781
0.3571966032462647
0.08244652262710968
0.368631086746211
0.0658927227775987
0.36063635386434467
0.11883263463398905
0.355960442867892
0.1940234333010858
0.42267279372245514
0.33403203267763093
0.4545039234655488
0.43894442652907667
0.4397371815543372
0.490809416317317
0.4431097495431582
0.5542298183381706
0.4083628936902074
0.6371063097925399
0.35702192841019026
0.6954745780930882
0.33650435343437607
0.7156831129743095
0.3261716650542835
0.7541653230140816
0.2932521767171879
0.7902827045039231
0.30191873589164786
0.8016768784263141
0.322436310867462
0.8378480060195632
0.28709824787702903
0.8415027410512738
0.2713237665269268
0.8887993120498765
0.2922713103300011
0.8395678813286037
0.2687305170375148
0.7950661077071913
0.2532919488337095
0.8588627324518973
0.2869504460926583
0.9047081586584974
0.2926475330538536
0.9685585295066106
0.26412178867032143
0.8630011824142749
0.25897559926905295
0.7828657422336881
0.26394711383424707
0.8842308932602387
0.2605611093195744
1.0
0.262979683972912
0.916102332580888
0.2886434483499947
0.7864129850585833
0.3162823820273032
0.7170267655594965
0.2757175104804901
0.7190153713855743
0.14954853273137694
0.671933784800602
0.10809685047834029
0.6408685370310648
0.10338062990433196
0.546167902827045
0.10931957433086104
0.44738256476405447
0.09187896377512629
0.3819198108137161
0.08839890357949053
0.4162635708911103
0.10410620230033325
0.444426529076642
0.12150650327851231
0.4666774158873478
0.1068472535741159
0.4936579597979149