0000000001
0.246734277682853
0.3165408146392548
0.2554290911095189
0.37050101967701027
0.24716143967370335
0.3903433831229675
0.23190762277462365
0.343713829024968
0.21929945433500517
0.3481232431240697
0.20159290084330048
0.4481067078211984
0.19936063495563033
0.48426390343383113
0.21822465964834928
0.46403571625420287
0.24935236730419447
0.41068180565507334
0.41091605577908813
0.37105219643939813
0.5367634900512591
0.36928843079975754
0.5019704569255359
0.3618475445075235
0.43469933307611747
0.3565562475886017
0.38643002811001487
0.40522515570743534
0.3700462988480405
0.47197266163258533
0.31370225431295806
0.5111062117621122
0.2891197707104669
0.5062007385768613
0.3280604089731577
0.5088463870363225
0.32467067188447335
0.5350824009259768
0.32425728931268255
0.572893126825773
0.3545857906630657
0.5765308934575318
0.37918205368461655
0.5447279942677615
0.37090062282974134
0.5243895717356555
0.37365650664167993
0.5021771482114311
0.3678415917984898
0.46657112936118605
0.40348894890591414
0.4055558617648681
0.41013062889268576
0.2926197431516286
0.3887174116739237
0.16623491153612976
0.36536129636774506
0.10114093589814264
0.35925701372430136
0.08879457642065813
0.35308383398555915
0.08466075070275035
0.3533043046905142
0.044149258667254575
0.3349363390839443
0.0
0.30965110510940863
0.003968472689191418
0.2911866835694207
0.019180951331091906
0.3139089455988536
0.011409358981425376
0.3538141431957229
0.0014881772584469323
0.36957779860001094
0.00881882819820315
0.3767293170919913
0.030149368902607176
0.35264289257564885
0.09006228297414984
0.3357079865512871
0.16689632365099494
0.33940087085928444
0.20151022432894236
0.3429972992338642
0.22857300336217828
0.3649754726340737
0.22614782560767252
0.37980212754230275
0.3281706443256349
0.3811249517720333
0.4538389461500299
0.3681998566940417
0.46794907126715535
0.3504106266879788
0.35429642286281204
0.34064101857465684
0.2544231935181612
0.33865678223006124
0.30491098495287433
0.34999724411618804
0.41812269194730756
0.3819103786584357
0.5141376839552443
0.40738852449980695
0.5521688805599956
0.399823623436036
0.4476657664112878
0.4055283029267486
0.28435209171581344
0.40781568649065764
0.21556523176982864
0.3840599680317477
0.24406107038527255
0.3731466681364713
0.20222675412004637
0.3420327398996858
0.18717962850686223
0.30865898693711064
0.22603759025519488
0.2811690459130243
0.25558066471917523
0.30265116022708477
0.22212423524224212
0.34105440114644764
0.20680152124786416
0.37539271344320113
0.267100259053078
0.4107920410075511
0.3254698781899355
0.3746072865567987
0.3367690018188833
0.28918866780576524
0.45207518051038925
0.2393071708096786
0.6769552995645702
0.2582952102739349
0.8768119936063489
0.24896654357052306
1.0
0.24432287934740674
0.928402138565838
0.3386292233919417
0.6895772474232487
0.3940776056881441
0.5704679490712665
0.38637491043377614
0.7160888496940967
0.31305462161715275
0.8367965606570025
0.3060271178967094
0.8262139668191582
0.33631428098991334
0.7537893402414152
0.3309403075566333
0.739458744419335
0.34827481673372634
0.7012621947858673
0.40672711238494186
0.6495066967976629
0.4363942016204596
0.6158849142920134
0.4566912858953866
0.551121644711459
0.5017637656396405
0.5640191809513311
0.4820867552223995
0.6807033015488065
0.3737943008322768
0.6886953646034284
0.2929091109518822
0.6201840930386374
0.2643994929173786
0.6105936173730913
0.23535247753954686
0.6286170975031692
0.20652593286667026
0.624593507137739
0.18352808245604366
0.6156093259108195