0000000001
0.23806846295713202
0.3209932076829651
0.22419144437947014
0.32216274571544234
0.261144347982547
0.2808690567225946
0.3045971841122756
0.3003013809545231
0.298142233817642
0.4753722279699518
0.25520669335612434
0.26386577301965725
0.26136925914263864
0.25441950429580323
0.23919301875759078
0.2628761639152533
0.23824839188520536
0.25891772749763853
0.30295533264360575
0.1850569025235032
0.2748189465161262
0.17147226845396077
0.21636453600827676
0.29562322882461417
0.1838873644910261
0.22949934775763584
0.23062390355809456
0.09482254509468754
0.25475687103594086
0.11938284377670833
0.28482749314020966
0.16418514686698737
0.28545724438846654
0.18433718681120956
0.2175565651567631
0.19711214070442157
0.16690657190409797
0.1988214655211193
0.2052089424677252
0.2348972155998381
0.11873060141244213
0.19207413071836613
0.11025145067698257
0.1418739597858846
0.16636678511987765
0.24119472808240755
0.248279429625298
0.3313391210471864
0.24351131303135262
0.232198281678737
0.24402860869956366
0.12343124465835982
0.23541451126804913
0.10507849399487208
0.26096441905447354
0.08996446403670545
0.33142908551122324
0.1084971436282668
0.3873195087940263
0.1837974000269894
0.47105393369618986
0.43785704646664575
0.5270568125590392
0.43092978273581933
0.5589717061760605
0.2077279474607528
0.6498358148531329
0.1950429580315776
0.7648778732400701
0.22752012954882816
0.884710539336962
0.197022176240385
1.0
0.5560703522108769
0.8646484638567767
0.8900184427151276
0.7404300301380957
0.8622194233277857
0.7373262561288291
0.8702262606270521
0.7311411992263056
0.7466150870406189
0.7591876208897488
0.5650667986145472
0.7898205208942467
0.27933966083397077
0.763168548423373
0.06909270838018988
0.6472043542800595
0.08510638297872349
0.5962844676352841
0.04003418649633399
0.6325851288740947
0.024830192074130734
0.6041788493545049
0.0011695380324771294
0.5858260986910171
0.0
0.6055283163150555
0.028698664027709028
0.5935405514821647
0.08087805316899817
0.5742656650623006
0.14952093922900464
0.5246727542620665
0.28311816832351216
0.512235167108992
0.1303585083891864
0.5451846520624354
0.04156358238495786
0.547816112635509
0.03931447078404031
0.5302730421483515
0.09725158562367868
0.5121227115289463
0.06423462732220775
0.530340515496379
0.0860060276190905
0.5930007646979443
0.15284962439836267
0.5496603841482615
0.030677882236516667
0.5514371823129862
0.050829922180738514
0.630695875129324
0.1693131213170796
0.6650847915073546
0.0793486572803743
0.6478116144123074
0.19864153659304587
0.5003823489721559
0.23912554540956332
0.4771265350186676
0.2205029013539653
0.613220277990194
0.12415096037065347
0.5925959246097792
0.18559668930772336
0.5309477756286267
0.28536727992442973
0.572151500157438
0.3677747289820522
0.54041653546849
0.36435607934865744
0.3660654041653547
0.37056362736719006
0.29170977463901754
0.43560793486572796
0.2589627097296568
0.4317394629121497
0.28520984211236566
0.5848589807026227
0.3464306598893438
0.5204444244523415
0.23883316090144394
0.4355179704016912
0.1926364086185957
0.42985020916737904
0.14212136206198553
0.3609374297152626
0.11688632989968967
0.36939408933471285
0.08512887409473258
0.5710944177050062
0.10566326301111068
0.5450047231343621
0.12698484098780985
0.37182312986370397
0.11225316000179934
0.4190544734829742
0.08067563312491574
0.5013719580765597
0.09560973415500888
0.470424182447933
0.14731680986010529
0.8338806171562234
0.10602312086725749
0.7144977733795151
0.12014754172102024
0.7568710359408033