0000000001
0.19834250907813028
0.18062551247510794
0.16188356565538228
0.26660419351060083
0.19049431884737028
0.2998711491156132
0.20528288625981003
0.2329858264027169
0.19752254890476728
0.29120299871149063
0.16255710436921617
0.3724961930420512
0.16492913201358775
0.5418765374253249
0.1696146187185194
0.5367225020499005
0.10387138338994951
0.49748155089609924
0.12929014876420275
0.4596462457537774
0.27237319901604773
0.5002928429190578
0.35990394752254873
0.5353168560384208
0.33671078833313794
0.5191519269064073
0.35325641325992724
0.35375424622232576
0.37817734567178146
0.17675998594353992
0.3913552770294012
0.15848658779430697
0.4004334075202062
0.02225606184842448
0.36379875834602304
0.046152044043574765
0.23670493147475669
0.02963570340869112
0.18882511420873865
0.0
0.22188707977041114
0.16820897270703955
0.24988286283237646
0.2614501581351756
0.2760044512123694
0.2744523837413602
0.11432587560032766
0.28932880402951805
0.08422162352114296
0.19714185310999116
0.2137460466205929
0.2056928663464913
0.2504685486704931
0.15227831791027277
0.22466908750146397
0.20838702120182648
0.15060911327164073
0.20850415836944977
0.155851001522783
0.27011830853929947
0.2002459880520087
0.29354574206395617
0.12240834016633464
0.3619538479559554
0.08744289563078356
0.517629143727305
0.10032798406934489
0.5336769356916953
0.18244113857326888
0.3412205692866341
0.17989340517746283
0.16668618952793662
0.12369684901019101
0.18648237085627206
0.1627328101206511
0.31158486587794293
0.16416774042403637
0.2855804146655722
0.1158779430713364
0.27515520674710037
0.11740072625043914
0.41899964858849603
0.1832610987466319
0.26496427316387416
0.15740306899379156
0.3015110694623401
0.19556050134707742
0.4876420288157429
0.22718753660536442
0.3453203701534489
0.22115497247276517
0.34426613564483977
0.2793721447815389
0.4346960290500173
0.24575377767365603
0.33676935691694876
0.2715239545507789
0.34016633477802494
0.2711139744640974
0.5097809534965443
0.2169966030221389
0.4279020733278669
0.20862129553707412
0.42942485650696943
0.1922806606536254
0.4383272812463392
0.254099800866815
0.46608878997305775
0.29647417125453895
0.38854398500644255
0.247657256647534
0.4056460114794422
0.17807777907930167
0.3527000117137166
0.18033266955604993
0.3334895162234974
0.22502049900433405
0.4427784936160241
0.26537425325055636
0.48483073679278427
0.280338526414431
0.3948693920580996
0.26180156963804585
0.3748389363945167
0.1970247159423683
0.43223614852992787
0.11511655148178483
0.44406700245988046
0.057807192222092005
0.38748975049783235
0.07326929834836564
0.4090429893405171
0.14208738432704682
0.41841396275037984
0.2845261801569635
0.4314161883565655
0.2958592011245167
0.5111865995080236
0.26537425325055636
0.5335597985240715
0.29401429073444973
0.5203232985826399
0.3228300339697783
0.8888368279255013
0.3050544687829445
1.0
0.3131662176408569
0.8076607707625632
0.352641443129905
0.677287103197845
0.4732927257818901
0.5672953027995777
0.5021963218929365
0.5189176525711607
0.5216410917184021
0.4391472414197024
0.5320370153449688
0.47217992268946907
0.5103373550427549
0.5846316036078247
0.5384502752723438
0.7099683729647411
0.49021904650345544
0.7406583108820427
0.2572039358088321
0.6884151341220565
0.06782242005388281
0.7765022841747685
0.14864706571395087
0.8090664167740413
0.2959470540002342
0.6420288157432347
0.28824528522900283
0.5855687009488109
0.17195736207098494
0.46105189176525685
0.09567178165631923
0.5270001171371674
0.09754597633829182
0.43680449806723565