0000000001
0.25360441251924065
0.8928681375064138
0.21802206259620321
0.9155464340687532
0.24103386351975353
0.9182144689584405
0.26700872242175483
0.9292970754232942
0.29179066187788627
0.9437660338635198
0.30904309902514127
0.9626475115443821
0.3219728065674705
0.9767060030785022
0.3310543868650591
0.9672139558748082
0.3331452026680351
0.9533606977937406
0.33636480246280154
0.9308363263211906
0.30790148794253486
0.8529502308876348
0.30383530015392524
0.7111339148281174
0.32026680348896874
0.5131349409953826
0.3222421754746024
0.4314007183170858
0.3087095946639304
0.40323242688558253
0.2894689584402261
0.3944073884043099
0.27222934838378665
0.3828630066700872
0.28749358645459216
0.3718830169317602
0.32471780400205236
0.34407388404309913
0.3723319651103132
0.2889687018984097
0.40088506926629036
0.27819394561313504
0.4121600820933813
0.30287326834273975
0.43191380194971796
0.3269368907131864
0.43065674704976936
0.3409440738840433
0.4317213955874809
0.3739353514622882
0.4213699332991279
0.40477167778347867
0.43088763468445374
0.3870702924576708
0.4301308363263213
0.3846074910210366
0.3959594663930223
0.4044638276038997
0.37710364289379167
0.40420728578758325
0.34155977424320183
0.360492560287327
0.30260389943560817
0.36916367367880976
0.32253719856336593
0.37742432016418676
0.28535146228835306
0.34961518727552604
0.24467675731144187
0.3490507952796307
0.22026680348896882
0.34540790148794265
0.25632375577219085
0.3569009748589022
0.24272703950743982
0.2930220625962032
0.17314007183170854
0.31113391482811714
0.20941508465879952
0.3374037968188817
0.18326064648537727
0.3802462801436635
0.18333760903027188
0.3673678809645973
0.18458183683940488
0.20933812211390468
0.1876090302719343
0.15033350436121076
0.21780400205233466
0.1634684453565932
0.2547845048742945
0.1834273986659826
0.255079527963058
0.2206259620318113
0.2634427911749617
0.2513083632632118
0.2279887121600823
0.2383273473576194
0.18674961518727567
0.2046177526936891
0.1648281169830682
0.21092868137506426
0.2059261159569011
0.23052847614161118
0.2447793740379683
0.42149820420728595
0.22225500256541827
0.41888147768086215
0.18446639302206264
0.27732170343766044
0.13418419702411494
0.14002052334530538
0.1264109799897384
0.0
0.15681118522319154
0.12688558234992295
0.17597485890200118
0.15638789122626987
0.228386351975372
0.14679322729604932
0.32426885582349946
0.2852744997434584
0.3962544894817857
0.30774756285274524
0.4023986659825553
0.34545920985120593
0.36959979476654703
0.33689071318624947
0.329425346331452
0.3298614674191895
0.3551564905079529
0.3119035402770654
0.37507696254489503
0.3481785531041558
0.33952026680348907
0.4344279117496153
0.33490251410980004
0.47465366854797353
0.27166495638789123
0.4126218573627503
0.25180861980502833
0.4895844022575684
0.27077988712160106
0.5632119035402774
0.28106721395587486
0.6384299640841457
0.28282452539763997
0.7153412006157004
0.2566059517701385
0.7751667521806058
0.23535146228835302
0.8564391995895334
0.2495895330938943
0.9311441765007696
0.30262955361723975
0.9879938429964082
0.3360826064648537
1.0
0.4123011800923552
0.984043099025141
0.49459979476654714
0.9927655207798874
0.5536044125192408
0.9891739353514619
0.599409953822473
0.98163160595177
0.6364545920985125
0.9752180605438688
0.6615956900974861
0.9549512570549004
0.6554899948691637
0.939404822986147
0.6688943047716782
0.9214982042072852
0.707170343766034
0.9033863519753722
0.7266931759876862
0.8859928168291432
0.7243714725500259
0.8881990764494614