0000000001
0.13672998792137897
0.08538486878225535
0.15335456242450865
0.06351158449544296
0.16921049741956729
0.03917865378280435
0.18337542549687053
0.023366641045349704
0.194729329087515
0.011946854068299137
0.19940704952234525
0.0038651586691556303
0.20243768529702424
0.0
0.21603162402547488
0.00043922257604036804
0.18994180300867455
0.001317667728121224
0.1810475458438563
0.009399363127264651
0.19205007137366858
0.015021412100581954
0.19760623696057975
0.02354233007576595
0.17931261666849668
0.033995827385527616
0.1628417700669814
0.03206324805094982
0.1482156582848357
0.03988140990446908
0.10299769408147572
0.04005709893488533
0.08694410892719873
0.04295596793675178
0.08578016910069172
0.04822663884923692
0.09454265949269794
0.054287910398594465
0.11391237509607993
0.06272098385857014
0.12790161414296686
0.07115405731854597
0.13288679038102555
0.07783024047436017
0.12794553640057105
0.08310091138684524
0.14092456352256494
0.08661469199516841
0.14204458109146806
0.08705391457120891
0.15148786647633683
0.08125617656747544
0.17935653892610073
0.07106621280333805
0.17072581530690678
0.06816734380147135
0.1415614362578236
0.07431645986603683
0.13260129570659912
0.07431645986603715
0.22488195893268909
0.34654661249588226
0.30132864829252226
0.6977489842977928
0.3622048973317228
0.75467223015263
0.4587020972878007
0.7501043153618094
0.4252992203799275
0.7603821236411551
0.42112660590754364
0.6676183155814208
0.49138025694520693
0.7775118041067312
0.6406500494125399
0.7029318106950697
0.696760733501702
0.49359833095421096
0.6629625562753925
0.41936971560338204
0.6648292522235641
0.5296145821895246
0.6657955418908531
0.602261996266608
0.7446579554189082
0.5555287141759087
0.8301087075875697
0.5176677281212253
0.8691116723399581
0.3813330405182827
0.8678818491270451
0.24429559679367496
0.8651586691555945
0.2621280333809156
0.8345009333479739
0.14626111782145607
0.859295047765455
0.16295157571099156
0.9247172504666737
0.19642033600527034
0.9135829581640499
0.0891621829362027
0.9732074228615349
0.036631162841770065
1.0
0.005709893488525224
0.9349291753596134
0.07352585922916426
0.926649829801252
0.14547051718458323
0.8898210168002635
0.09188536290765346
0.9038981003623584
0.06904578895355218
0.9038761392335566
0.09364225321181495
0.948281541671242
0.12658394641484563
0.9587789612386075
0.18262874711760185
0.934446030525969
0.200285494674426
0.8937081365982209
0.2225101570220709
0.911013506094213
0.24640386515866908
0.894696387394312
0.25448556055781274
0.8397496431316571
0.27609531129900083
0.8330514988470409
0.3108817393214011
0.8089601405512243
0.33108597781925964
0.7721093664214338
0.3772043483035027
0.7101789831997365
0.3837048424289009
0.7195783463270012
0.4200724717250467
0.7065553969474028
0.4190183375425497
0.6702756121664653
0.4084769957175797
0.664543757549138
0.3934555836169978
0.7267596354452619
0.4150653343581859
0.7689908861315471
0.4400131766772812
0.7302953771823871
0.4265729658504446
0.7031953442406939
0.4487097836828813
0.6839793565389262
0.47453607115405744
0.6664543757549138
0.4914022180740088
0.6413967277918085
0.4714615131217744
0.58923904688701
0.4901723948610958
0.543164598660371
0.49026023937630386
0.5251784341715163
0.49280773031733827
0.4970681893049302
0.5029098495662678
0.41047545843856376
0.517492039090809
0.2808608762490391
0.46917755572636444
0.23548918414406494
0.47638080597342664
0.20871856813440207
0.486395080707148
0.18822883496211695
0.5232897770945423
0.16841989678269456
0.49421324256066773