0000000001
0.045205248990578775
0.0
0.04279946164199197
0.001211305518169612
0.05713324360699868
0.003230148048452278
0.07489905787348591
0.000269179004037746
0.09027590847913865
0.018707940780619138
0.10011776581426655
0.11083445491251685
0.10852960969044417
0.14697173620457607
0.10920255720053842
0.21043068640646034
0.1060397039030956
0.25410497981157476
0.09796433378196502
0.39219380888290706
0.08706258411843881
0.5286675639300132
0.08019851951547782
0.5201884253028265
0.07094549125168241
0.32133243606998657
0.06980148048452225
0.23600269179004038
0.07451211305518177
0.15316285329744286
0.09624831763122481
0.2721399730820997
0.12871803499327059
0.31352624495289355
0.18038358008075372
0.23532974427994605
0.1714838492597578
0.14286675639300137
0.16685733512786002
0.33620457604306875
0.1055518169582773
0.5772543741588156
0.06421601615074032
0.6019515477792733
0.027725437415881606
0.59535666218035
0.024697173620457667
0.5442799461641993
0.02590847913862725
0.5353970390309557
0.03134253028263798
0.6926648721399731
0.06169246298788703
0.8169582772543739
0.093606998654105
0.839636608344549
0.14014131897711984
0.7664199192462983
0.2381056527590848
0.7641318977119785
0.2897039030955586
0.7818304172274562
0.289485195154778
0.8923283983849261
0.2745625841184388
1.0
0.2715343203230149
0.9866756393001346
0.24015814266487215
0.9350605652759085
0.22683378196500675
0.8368775235531628
0.2333109017496636
0.777994616419919
0.2016150740242261
0.688492597577389
0.1812920592193809
0.6516823687752357
0.2367092866756393
0.6973755047106327
0.28031628532974423
0.7191117092866752
0.30365074024226113
0.7425975773889637
0.33532974427994616
0.7464333781965008
0.3445491251682369
0.7000672947510093
0.33992261103633914
0.6834454912516825
0.4241588156123821
0.6261103633916555
0.5281292059219382
0.5862045760430687
0.6712314939434724
0.45410497981157466
0.6410834454912516
0.331965006729475
0.623586810228802
0.24878869448183047
0.6475269179004036
0.2497308209959624
0.5899899057873484
0.36742934051144005
0.5330585464333782
0.42045760430686424
0.5778768506056527
0.408613728129206
0.6430518169582773
0.35780619111709283
0.6335464333781964
0.284993270524899
0.5735699865410498
0.22375504710632574
0.5736877523553164
0.26520861372812926
0.5846399730820997
0.28943472409152093
0.5676985195154779
0.2935397039030955
0.5252018842530283
0.25013458950201883
0.47476446837146713
0.20874831763122476
0.4438088829071332
0.1500672947510095
0.4639973082099596
0.12826379542395697
0.48914872139973076
0.25760430686406466
0.4780114401076717
0.21413189771197844
0.45868102288021534
0.16722745625841193
0.45962314939434723
0.13721399730821002
0.45984185733512783
0.08034993270524897
0.4368943472409152
0.09071332436069991
0.4099932705248991
0.1294751009421265
0.39663526244952885
0.07321668909825035
0.38230148048452217
0.06083445491251688
0.3847409152086138
0.06783310901749665
0.3664367429340511
0.07045760430686411
0.3924966352624496
0.06864064602960973
0.5143337819650068
0.06312247644683723
0.5397375504710633
0.05080753701211311
0.47971063257065955
0.04199192462987891
0.3607671601615075
0.03492597577388971
0.3219549125168237
0.031090174966352684
0.29379205921938095
0.03506056527590855
0.2823519515477792
0.04730820995962319
0.32639636608344563
0.06917900403768511
0.352977792732167
0.11170928667563935
0.3372644683714671
0.1858008075370121
0.5866756393001346
0.2767160161507403
0.8221736204576044
0.3928667563930014
0.7447005383580081
0.5269851951547779
0.8304845222072678
0.6512113055181696