0000000001
0.9240639943025739
1.0
0.9250432393936312
1.0
0.9255773730796623
1.0
0.9259843320785431
1.0
0.924025841896429
0.9973547665072742
0.9207828873740971
0.9984739037541968
0.9162045986366872
0.9985756435039171
0.9077983518160544
0.80654186590701
0.8247914335130737
0.5530064096042326
0.7579484179468917
0.528995828670261
0.7327423949537085
0.5498016074880451
0.6993081697019025
0.5718791331773326
0.6467214365652662
0.5264014650523955
0.5701622749008037
0.5557025129718183
0.5450834265947705
0.5950757961135418
0.557877200122088
0.5381015362702206
0.5474361583070503
0.5163800997049546
0.5265540746769761
0.5524468409807709
0.49535812391901507
0.5674534540645032
0.42635313867127883
0.5281819106724999
0.36832332892461067
0.6323125445111406
0.3370129209482145
0.7191474208973446
0.3025740156679215
0.7541458948010985
0.2977286600874961
0.7047512463119334
0.2954140807813614
0.6587140095635367
0.326012310509716
0.6793163088818802
0.3708286702614712
0.7021568826940686
0.3553006409604233
0.7175195849018207
0.298135619086377
0.703326889815851
0.22544256791128273
0.6773832536371963
0.19194475531590174
0.6446739241021463
0.15641214772611653
0.6359751755010679
0.12028181910672497
0.6360769152507881
0.07744938447451412
0.645233492725608
0.040263505951775226
0.6489978634652562
0.0442186387221487
0.6335842913826434
0.044460270627734215
0.6188828975480722
0.045808322311526976
0.6092684911995119
0.04882236239698846
0.6146606979346829
0.01980109878929696
0.6664971004171331
0.006511343982093705
0.6947298809644922
0.00820276732119229
0.7028690609421103
0.008825923288228519
0.6872520093600565
0.0
0.7003255671991042
0.005099704954725714
0.7512971818089328
0.03349781259538108
0.7569437379184042
0.037961644114355354
0.7588767931630891
0.03165377963170198
0.7584189642893477
0.01691423339098584
0.7596398412859908
0.0077195035100213584
0.7655916166446233
0.02586733136636463
0.7665581442669648
0.06372723573100005
0.7681859802624882
0.08323583273985138
0.7706786041306338
0.05850035608912387
0.7750534133686031
0.05930155661817048
0.7825821548478993
0.0522815138874757
0.7889917590802729
0.04201851663444895
0.7940787465662839
0.0268084240512769
0.7990131244277141
0.007452436667005607
0.8060840370332685
0.0157569437379183
0.8143249567606067
0.02623613795910041
0.8245498016074878
0.0251042832434632
0.8360463933258726
0.05154390070200422
0.8467799369213549
0.08505443076610014
0.8555295553972938
0.09063739953199726
0.8644826533726728
0.08768694679011081
0.8691626818598027
0.08265082917896015
0.8709939973547667
0.11720419167768836
0.8724692237257099
0.1296418760809849
0.8734866212229119
0.12029453657543991
0.8692135517346626
0.11756028080170902
0.8693152914843829
0.13631854715637387
0.868806592735782
0.1547970291993082
0.8658052701190356
0.1799903347237764
0.8621935090039682
0.18441601383660597
0.8562926035201953
0.19378878827958065
0.860311323634144
0.21666751449791413
0.8575134805168381
0.2282022586224436
0.861735680130227
0.23677383253637194
0.8625495981279886
0.25537948926645637
0.863516125750331
0.26912707294740046
0.8647370027469726
0.30950503611761104
0.8628039475022891
0.352337470749822
0.8672804964899786
0.37029453657544026
0.8724183538508496
0.383469834164208
0.8783701292094822
0.3994302574015668
0.8785736087089229
0.41507274392104976
0.8767931630888189
0.43522993183436787
0.8817784108251093
0.45424254756333293
0.8845253840675553
0.4722377657950961
0.8856445213144769