0000000001
0.9936892296185497
0.2642109199700824
0.9755048616305168
0.2701944652206435
0.9530665669409135
0.2739341810022439
0.914454001495887
0.27243829468960373
0.8837883320867618
0.2643979057591623
0.8724289454001503
0.25598354525056094
0.8612565445026185
0.23354525056095748
0.8333021690351541
0.19521316379955153
0.8120792819745707
0.20157068062827205
0.7923522812266274
0.24195961106955885
0.7820680628272259
0.30366492146596885
0.7707086761406139
0.3741585639491403
0.752991772625281
0.447270007479432
0.7244296933433063
0.5340314136125659
0.7002617801047126
0.5895661929693349
0.6609480179506363
0.6293941660433813
0.7195213163799555
0.6533283470456251
0.8071241585639498
0.6604338070306661
0.7636967090501126
0.6974569932685122
0.7557965594614816
0.727748691099477
0.6856301421092003
0.7284966342557971
0.8821054599850419
0.7011967090501128
0.9084237097980558
0.6350037397157816
0.7909966342557971
0.5753552729992523
0.8235789080029928
0.5583395661929699
0.7091436050860138
0.5643231114435308
0.5567034405385193
0.5744203440538523
0.6228496634255802
0.5805908750934935
0.8133414360508605
0.5665669409124907
0.9265145848915489
0.5239341810022439
0.8393792071802547
0.45325355272999296
0.7518231114435309
0.40931189229618525
0.8067501869857895
0.4025804038893048
0.8157722513089009
0.43548990276738975
0.728075916230367
0.48335826477187793
0.5816660433807035
0.514771877337323
0.6712322363500375
0.49813014210919926
0.7315351533283474
0.8096484667165299
0.8279263275991032
1.0
0.8301701570680635
0.8008601346297685
0.7564977561705316
0.6909124906507109
0.8650430067314892
0.8287210172026933
0.8011873597606589
0.32629020194465247
0.7203627524308156
0.6838070306656702
0.7336387434554976
0.9485789080029932
0.8496634255796564
0.7498130142109205
0.9240837696335086
0.7387808526551991
0.8911742707554233
0.7772999252056849
0.891408002991773
0.7670157068062833
0.9232890800299184
0.6740837696335082
0.8800953627524315
0.6245325355273001
0.8944932685115935
0.7112939416604344
0.823017950635752
0.7681376215407635
0.8485882572924461
0.7814136125654454
0.81189229618549
0.7722513089005243
0.7735602094240841
0.7438294689603594
0.7964192221391183
0.691099476439791
0.908189977561706
0.6376215407629026
0.9543754674644734
0.6103216155572179
0.9578347045624539
0.5863874345549746
0.8922026925953631
0.5854525056095741
0.8884629768137629
0.601533283470457
0.889351159311893
0.5923709798055353
0.9550299177262535
0.5504861630516084
0.9497943156320127
0.48990276738967864
0.9924270755422595
0.4390426327599107
0.93567688855647
0.41267763649962563
0.8444745699326854
0.37509349289454047
0.8501776364996264
0.32236350037397116
0.7488313388182506
0.27187733732236363
0.6779637247569187
0.24626028421839952
0.7184461480927452
0.2537397157816007
0.8383975317875845
0.27318623784592366
0.7637434554973829
0.2722513089005237
0.6444932685115935
0.2778608825729246
0.6300953627524312
0.26757666417352294
0.6554319371727755
0.24756918474195924
0.6840875093492896
0.3062827225130888
0.677916978309649
0.39734480179506404
0.6840407629020199
0.501495886312641
0.7083489154824238
0.5747943156320122
0.7257385938668665
0.5891922213911749
0.7285433807030673
0.5186985789080029
0.711247195213164
0.39715781600598365
0.6670250560957373
0.2552356020942408
0.6403795811518329
0.11798803290949852
0.6365463724756925
0.03365744203440538
0.6458021690351535
0.0
0.6485134629768141
0.0080403889304412
0.6461293941660438
0.03347045624532518