0000000001
0.2122820584926884
0.0
0.21487157855268088
0.014529433820772408
0.19023012748406443
0.046541057367828986
0.18550806149231344
0.05179040119985002
0.16063226471691042
0.04883764529433821
0.13096409823772026
0.04911886014248219
0.1382522497187851
0.057789651293588255
0.15958942632170978
0.055539932508436446
0.1524770341207349
0.05193100862392199
0.129265091863517
0.10883014623172099
0.11556758530183724
0.2773715785526808
0.09855408698912635
0.5712879640044994
0.12476565429321333
0.7476096737907759
0.1574451631046119
0.8192725909261345
0.20807555305586806
0.81285151856018
0.3442186914135732
0.8163667041619798
0.4036487626546682
0.7957442819647543
0.4609228533933258
0.7771841019872515
0.5353979190101238
0.764341957255343
0.592589988751406
0.7258623922009748
0.6532855268091488
0.6962879640044994
0.7271278590176228
1.0
0.7584598800149981
0.8642669666291711
0.7087082864641919
0.41877577802774635
0.6330614923134608
0.4573959505061867
0.590445725534308
0.5059992500937381
0.5217824334458192
0.24803149606299207
0.46273903262092236
0.3296306711661042
0.4388474878140232
0.3999812523434571
0.3995477127859016
0.22825271841019862
0.38772497187851523
0.11656355455568057
0.3975674915635544
0.15059055118110234
0.3959973753280839
0.2646700412448444
0.38057742782152226
0.3613142107236593
0.3329935320584927
0.2716066741657293
0.2600534308211473
0.22206599175103106
0.25749906261717287
0.3372234720659916
0.25950271841019873
0.36417322834645666
0.3217800899887513
0.5564773153355829
0.3345988001499812
0.6981158605174351
0.3289862204724409
0.6790869891263591
0.28450740532433444
0.6191413573303338
0.28197647169103857
0.5899887514060741
0.36610658042744654
0.5865673040869891
0.35865438695163093
0.6691976002999622
0.3327826209223846
0.6825553055868016
0.3519989688788901
0.6996156730408697
0.35393232095987986
0.6493719535058117
0.38608455193100866
0.8585020622422199
0.38097581552305954
0.7902605924259464
0.3498547056617922
0.7978065241844768
0.32761529808773887
0.8020247469066364
0.33409495688038987
0.5264810648668915
0.37035995500562424
0.2502812148481439
0.37432039745031864
0.3940288713910762
0.3175267154105736
0.6029246344206973
0.29248687664041984
0.690148106486689
0.28008998875140606
0.7886201724784401
0.24603955755530546
0.8302868391451064
0.2568311773528309
0.821006749156355
0.2667322834645669
0.7589520059992502
0.25085536182977125
0.7041151106111735
0.3021536370453693
0.6494656917885262
0.3134842519685038
0.5949568803899511
0.37155511811023617
0.5267154105736782
0.37386342332208466
0.5371672290963628
0.3426837270341207
0.576912260967379
0.35525637420322453
0.6215316835395575
0.27925806149231336
0.6772122234720659
0.25543682039745025
0.6988657667791526
0.2776176415448069
0.705614923134608
0.30295041244844395
0.6764623172103488
0.3229752530933633
0.6206411698537683
0.3393091488563929
0.5967847769028872
0.35038198350206223
0.6856486689163851
0.35051087364079486
0.6910386201724784
0.3580685226846644
0.7050056242969627
0.37657011623547043
0.6839613798275215
0.3869516310461191
0.6214379452568428
0.36655183727034124
0.5219347581552306
0.31603862017247847
0.3492688413948257
0.28642904011998493
0.1624015748031496
0.2783206786651668
0.1460911136107986
0.2569366329208848
0.14801274840644918
0.21983970753655788
0.11159542557180352
0.17028730783652044
0.07705286839145103
0.13030793025871762
0.05788338957630298
0.11461848518935132
0.03744844394450696
0.11761811023622046
0.039135733033370826
0.12115673040869891
0.037542182227221596