0000000001
0.5471472125435541
0.718118466898954
0.5695121951219513
0.6464285714285708
0.6288980836236934
0.7067944250871077
0.6230400696864112
0.7550522648083616
0.6299216027874558
0.7879790940766549
0.6851045296167247
0.793554006968641
0.7033754355400693
0.8375435540069688
0.7009799651567941
0.8532229965156792
0.6983667247386756
0.8479965156794417
0.7474956445993031
0.8604529616724733
0.7489764808362368
0.8875435540069684
0.7714067944250866
0.88493031358885
0.8009146341463413
0.9049651567944249
0.7767203832752613
0.8795296167247385
0.7997822299651567
0.8096689895470385
0.7650914634146344
0.8135017421602789
0.7301829268292682
0.8463414634146343
0.7039851916376306
0.8493031358885009
0.672691637630662
0.878048780487805
0.6312717770034844
0.8966898954703834
0.6620426829268292
0.8922473867595819
0.6604529616724739
0.9691637630662021
0.5534407665505228
0.9809233449477353
0.48090156794425043
0.9807491289198607
0.48336236933797927
0.980836236933797
0.4911149825783971
1.0
0.420862369337979
0.989895470383275
0.4987804878048779
0.9435540069686414
0.5166594076655049
0.9216027874564454
0.4886324041811847
0.9668989547038331
0.4880444250871079
0.9748257839721255
0.4733013937282229
0.9689895470383278
0.38956881533101023
0.9662020905923345
0.3310975609756096
0.9493031358885018
0.36931620209059246
0.942770034843205
0.40962543554006964
0.8898083623693375
0.37706881533101055
0.849128919860627
0.3202308362369338
0.8544425087108012
0.2589067944250872
0.8799651567944242
0.24634146341463406
0.7972996515679441
0.30783972125435544
0.7740418118466901
0.2773954703832755
0.6162891986062715
0.27356271777003477
0.5496515679442506
0.29072299651567934
0.5249128919860628
0.25259146341463407
0.6017421602787454
0.2551393728222996
0.44277003484320565
0.31210801393728227
0.315418118466899
0.28536585365853645
0.163937282229965
0.23057491289198617
0.0
0.22147212543554018
0.04181184668989543
0.2749128919860626
0.18954703832752595
0.34847560975609737
0.11263066202090598
0.3748911149825784
0.3504355400696867
0.38521341463414616
0.5316202090592332
0.3502395470383273
0.40400696864111507
0.3186846689895469
0.19486062717770017
0.2989329268292685
0.07334494773519142
0.2896123693379793
0.17439024390243918
0.26352351916376315
0.30522648083623694
0.2827961672473865
0.44564459930313594
0.3197081881533101
0.3926829268292679
0.34470818815330995
0.48048780487804865
0.35692508710801407
0.5477351916376306
0.3616942508710801
0.5110627177700346
0.425087108013937
0.48771777003484323
0.4314677700348431
0.5430313588850175
0.3610627177700347
0.5709930313588851
0.3225174216027871
0.6292682926829263
0.4063371080139371
0.6845818815331011
0.4543989547038326
0.6980836236933801
0.3884799651567945
0.7286585365853661
0.34011324041811813
0.7017421602787456
0.3607578397212543
0.7144599303135885
0.38003048780487814
0.7808362369337974
0.40354965156794403
0.7911149825783964
0.3890679442508712
0.8703832752613239
0.3776785714285711
0.8976480836236929
0.41417682926829275
0.9155923344947733
0.46609320557491263
0.8731707317073172
0.48482142857142857
0.8741289198606274
0.5402874564459929
0.934059233449477
0.6245862369337977
0.9402439024390238
0.6535932055749126
0.9612369337979094
0.7366071428571428
0.9512195121951224
0.8316202090592333
0.9643728222996516
0.8108885017421604
0.9771777003484321
0.8757186411149824
0.970470383275261
0.8770252613240416
0.9708188153310101
0.8891986062717768
0.9286585365853662
0.9027874564459928
0.9392857142857144