0000000001
0.3381992797118847
0.7572629051620648
0.3532533013205283
0.8152701080432171
0.35709483793517416
0.8411044417767112
0.3580552220888352
0.7636014405762307
0.3780552220888354
0.7580312124849938
0.38045618247298923
0.7020408163265305
0.3503721488595439
0.5504921968787515
0.2953181272509003
0.3832893157262904
0.2720048019207681
0.35783913565426195
0.31579831932773084
0.34756302521008375
0.3544297719087634
0.3597599039615847
0.42292917166866745
0.5417527010804322
0.5304921968787512
0.8004801920768302
0.6533013205282109
0.8938295318127252
0.743265306122449
0.8665546218487389
0.7468907563025209
0.7578391356542616
0.7872749099639851
0.6750540216086437
0.8361344537815127
0.6620888355342138
0.8827611044417765
0.5611524609843936
0.8928931572629053
0.32739495798319357
0.9688835534213686
0.15490996398559434
0.9993277310924367
0.11303721488595418
1.0
0.10410564225690291
0.9959183673469387
0.08038415366146459
0.9637214885954382
0.07452581032412967
0.9456902761104442
0.14645858343337292
0.8888355342136856
0.24758703481392558
0.8679231692677072
0.16499399759903935
0.8022088835534212
0.13570228091236472
0.7176470588235293
0.16979591836734703
0.7760384153661459
0.1665306122448977
0.8816086434573828
0.1972629051620647
0.9227851140456184
0.19159663865546206
0.7921968787515005
0.14569027611044377
0.784609843937575
0.11678271308523389
0.8551020408163267
0.07375750300119997
0.9021608643457381
0.07961584633853541
0.923841536614646
0.09171668667467003
0.9173109243697476
0.06991596638655447
0.8300360144057621
0.08681872749099621
0.8518367346938773
0.12629051620648238
0.8300120048019209
0.13349339735894336
0.8650900360144056
0.12456182472989191
0.7721728691476587
0.16816326530612236
0.7991116446578633
0.1782472989195681
0.8544057623049218
0.1517406962785115
0.8704441776710682
0.12619447779111623
0.8612244897959185
0.1477070828331332
0.823169267707083
0.14002400960384165
0.7963265306122448
0.08758703481392556
0.7984393757503
0.025450180072028785
0.8337575030012007
0.059543817527010656
0.8155582232893156
0.1512605042016806
0.7646098439375748
0.23827130852340955
0.7619687875150059
0.2762064825930368
0.7734453781512605
0.2716926770708283
0.8568307322929173
0.30444177671068423
0.9038175270108041
0.33498199279711893
0.918967587034814
0.4089315726290518
0.8672268907563027
0.4548379351740689
0.7639855942376947
0.3817527010804324
0.7205042016806721
0.32854741896758693
0.7436494597839136
0.3217286914765904
0.8015606242497001
0.3447779111644657
0.8701560624249701
0.2919567827130852
0.9420648259303722
0.19399759903961591
0.9014165666266508
0.17805522208883562
0.8524849939975992
0.2254981992797119
0.8551260504201682
0.24777911164465788
0.8860264105642258
0.2716926770708283
0.831476590636254
0.30079231692677066
0.8097719087635049
0.30424969987995176
0.850684273709484
0.1595198079231692
0.775438175270108
0.019207683073229096
0.8242016806722687
0.0
0.7421368547418967
0.04062424969987991
0.5956302521008403
0.1020888355342135
0.5981032412965186
0.12830732292917163
0.6892196878751498
0.08691476590636202
0.7474669867947179
0.10151260504201697
0.6841776710684274
0.194285714285714
0.6084753901560624
0.24009603841536617
0.6212965186074427
0.17699879951980782
0.6894357743097238
0.12360144057623045
0.7994477791116446
0.19697478991596645
0.8766146458583431
0.33575030012004775
0.9258343337334931
0.5038175270108038
0.8956782713085235
0.5781512605042017
0.8303241296518605
0.45954381752701057
0.768091236494598
0.24086434573829532