0000000001
0.20855643994211295
0.0068740955137481866
0.2149330680173662
0.0020984081041967983
0.2197630246020261
0.0
0.21704956584659918
0.0013024602026048867
0.21900325615050656
0.0048842257597684485
0.2053997829232997
0.010238784370477578
0.19094609261939224
0.011070911722141816
0.1874819102749639
0.012192474674384942
0.20779667149059342
0.014109985528219978
0.22803907380607832
0.017004341534008687
0.23710202604920416
0.01751085383502171
0.24897793053545597
0.01729377713458756
0.3030028943560059
0.019573082489146118
0.32416787264833585
0.015882778581765532
0.34351483357452983
0.024457308248914615
0.3652225036179451
0.08353835021707666
0.4073986975397975
0.17203328509406665
0.4471599131693201
0.21226483357452972
0.48226302460202625
0.17890738060781483
0.5071816208393636
0.15173661360347332
0.5040430535455863
0.2459117221418236
0.4848860347322722
0.27015195369030415
0.4453147612156297
0.2586830680173662
0.4436957308248916
0.28816931982633864
0.4524873371924749
0.29565846599131707
0.42802098408104217
0.183863965267728
0.3983176555716354
0.16092619392185248
0.38477749638205516
0.24569464544138947
0.3625542691751087
0.22840086830680165
0.3404848046309697
0.22434876989869765
0.3282742402315486
0.17424023154848048
0.2973136758321275
0.12945007235890021
0.26231005788712025
0.09243849493487705
0.234062952243126
0.11620839363241682
0.20907199710564406
0.16620839363241682
0.21141461649782928
0.13748191027496387
0.22235890014471785
0.1301736613603474
0.22460202604920418
0.09540520984081047
0.22206041968162088
0.08513024602026055
0.20957850940665715
0.0926917510853835
0.1859714182344429
0.14102749638205506
0.17906114327062236
0.13332127351664258
0.1737427641099856
0.10318379160636763
0.17045043415340094
0.0873371924746744
0.17097503617945015
0.09015918958031834
0.17282018813314046
0.08473227206946457
0.1743578147612157
0.04515195369030391
0.2148968885672939
0.030246020260492036
0.24002351664254706
0.03560057887120113
0.22663712011577436
0.030390738060781474
0.23560057887120125
0.03339363241678724
0.2652948625180898
0.03737337192474672
0.277007959479016
0.07083936324167875
0.27399602026049213
0.19518813314037634
0.27209659913169326
0.3188856729377714
0.2689218523878438
0.5007959479015922
0.2618216353111434
0.6836468885672942
0.27083936324167873
0.815123010130246
0.28370115774240245
0.8729739507959479
0.29544138929088287
0.920151953690304
0.3119753979739509
0.9489869753979742
0.31199348769898705
0.9649782923299569
0.31737518089725053
0.9697178002894357
0.3384497105643996
0.9740593342981191
0.343234442836469
0.9854920405209839
0.3336378437047758
0.9895441389290883
0.31670586107091186
0.9876628075253262
0.29048480463096976
0.9825615050651233
0.29876989869753995
0.9773516642547037
0.32049565846599143
0.9721780028943565
0.3341443560057889
0.975868306801737
0.3375090448625182
0.9864327062228659
0.3462825615050652
0.9912445730824896
0.35811324167872666
1.0
0.3668053545586109
0.9968162083936328
0.4162807525325617
0.985636758321274
0.42017908827785827
0.9730101302460207
0.4975940665701884
0.8797395079594793
0.5370929811866862
0.7841534008683068
0.5232905209840811
0.7893270622286541
0.5276863241678729
0.8241316931982635
0.5565756150506515
0.854052098408104
0.5963549204052099
0.8782561505065124
0.6290340086830682
0.834298118668596
0.6155481186685965
0.8167149059334301
0.6319283646888569
0.8494934876989874
0.676284370477569
0.8606729377713463
0.7062590448625183
0.8295224312590448
0.734940303907381
0.7592981186685965
0.7115864688856732
0.7630969609261942