0000000001
0.5403357425973424
0.2632315224994177
0.49382140359058097
0.27605502448123126
0.4439846117976219
0.2867801352296579
0.4100023315458154
0.29121007227791956
0.39059221263697885
0.2874795989741192
0.37561203077640526
0.2688272324551175
0.3637794357659125
0.2420144555840533
0.36908370249475414
0.2256936348799252
0.38149918395896576
0.2089065050128229
0.3834809979016089
0.1811611098158073
0.3772441128468175
0.16950338074143143
0.43541618092795487
0.17952902774539503
0.4517952902774544
0.2075075775238986
0.3922825833527634
0.2513406388435539
0.41472371182093737
0.2727908603404059
0.35835859174632795
0.28864537188155764
0.40650501282350204
0.2741897878293298
0.49393798088132473
0.25856843086966724
0.4942294241081837
0.24481231056190192
0.5259967358358592
0.2375845185357886
0.5760083935649344
0.2688272324551175
0.5070529260899981
0.3620890650501275
0.6445558405222666
0.4716717183492664
0.7709256236885061
0.5544415947773378
0.797738400559572
0.6038703660526933
0.9429937048263012
0.5957099557006302
0.9072044765679647
0.5404523198880866
0.7677197481930527
0.4800652832828174
0.6656563301468876
0.40452319888085725
0.6369783166239223
0.34483562602005186
0.7235952436465375
0.33154581487526247
0.7305315924457918
0.3613896013056666
0.8328864537188149
0.412450454651434
0.800069946374446
0.46071345301935274
0.689379808813243
0.4947540219165307
0.7166006062019117
0.5173700163208202
0.6267778036838432
0.5367218465842867
0.5667987875961766
0.6150617859640928
0.615994404290045
0.692469107017952
0.6354045231988812
0.7463278153415721
0.5929121007227796
0.776404756353463
0.5744928887852646
0.7409652599673577
0.5178946141291672
0.677547213802752
0.5677896945674986
0.6162275588715321
0.5584052226626253
0.5996735835859174
0.5971088831895555
0.6267195150384708
0.6389601305665663
0.582186989974352
0.5420844019584988
0.4595476801119142
0.485952436465377
0.3432035439496383
0.41548146421077226
0.32571695033807385
0.3753205875495459
0.3425040802051745
0.40353229190953654
0.33411051527162566
0.43203543949638656
0.3310795057122882
0.5213336442061091
0.3406388435532751
0.636453718815575
0.37491256703194187
0.6511424574492896
0.4339006761482872
0.6781883889018426
0.4597808346934022
0.6591280018652369
0.5068780601538825
0.6124970855677317
0.5889484728374924
0.43868034506878106
0.6696199580321757
0.5350897645138735
0.6996968990440673
0.8221613429703903
0.6719515038470513
0.8186057356027052
0.636278852879459
0.7031942177663789
0.6164607134530197
0.5686057356027046
0.6367451620424349
0.4635113079972026
0.6794124504546522
0.505595709955701
0.6740498950804386
0.7089647936581964
0.5891816274189778
1.0
0.4635113079972026
0.9960363721147125
0.2972720913965957
0.6783632548379582
0.12193984611797654
0.5507694101189101
0.049428771275355096
0.5025647003963628
0.020750757752390242
0.6959081370948937
0.0
0.7217300069946381
0.015388202378177143
0.6431569130333414
0.06458381907204386
0.6593028678013513
0.14455584052226614
0.6199580321753325
0.2574026579622296
0.5336908370249484
0.34087199813476265
0.49125670319421777
0.3970622522732581
0.4165306598274661
0.4028911168104458
0.40242480764747035
0.37444625786896807
0.40137561203077693
0.3404056889717897
0.4044066215901152
0.33993937980881295
0.4276637910934959
0.31102821170435974
0.44287712753555697
0.3429703893681495
0.4083119608300308
0.39519701562135706
0.3857542550711122
0.4467241781301011
0.36989974352996
0.5273956633247847
0.36039869433434424
0.5996735835859178