0000000001
0.449401649819914
0.07226675961426705
0.47101196700360165
0.09898919484140803
0.4765307308005111
0.12954571860113875
0.47650168467526405
0.14441733472754736
0.47353897990008104
0.15185314279075185
0.4731032880213777
0.16230974787963298
0.4776344835598928
0.15766236784013002
0.47777971418612747
0.14523062623446004
0.4772859300569301
0.13581968165446723
0.4794643894504472
0.13210177762286504
0.5047054722899966
0.13477402114557932
0.5017718136400603
0.13047519460903878
0.4679040316021842
0.11351225746485415
0.42834320901591727
0.1147902869757175
0.41196119437666995
0.12152898803299603
0.4050191704426628
0.11420936447077935
0.40908562797722764
0.11339607296386638
0.4499825723248516
0.19553851516207735
0.5085976530730797
0.36052050656442375
0.5302951086325083
0.4329034506796791
0.5267514813523873
0.4194260485651212
0.5389508539560821
0.38387359126292514
0.5719182061113045
0.35505983501800803
0.5265772046009063
0.33286859532938295
0.494655512954572
0.3152085511792726
0.4787091901940278
0.3064947136052046
0.5124026954804228
0.29290112698965953
0.5822295805739512
0.27524108283954907
0.5580632043685368
0.2606018357151156
0.5569884977344021
0.24108283954920393
0.6059893110259087
0.20576275124898322
0.6619031021261763
0.1775299175090043
0.7191820611130474
0.3848030672708257
0.7680376437783197
0.5724410363657488
0.7887184849541069
0.5677936563262461
0.7409957011734633
0.5514116416869985
0.7167131404670615
0.5119089113512256
0.6946090391541767
0.4485883583130008
0.6001800859765305
0.372138956663181
0.6670152201696292
0.27407923782967347
0.7176716626002088
0.1800859765307307
0.6844428953177643
0.11386081096781696
0.6400023236900196
0.05239920994539322
0.6657952829092596
0.006506332055303603
0.6241721854304633
0.04868130591379093
0.5438596491228068
0.083420471709074
0.5248634832113397
0.05925409550365984
0.5319797838968282
0.029046125246892027
0.5171372138956661
0.01940281166492398
0.48672592076217025
0.008713837574067502
0.49427791332636195
0.233298477983037
0.47862205181828715
0.7590333449517828
0.4602068084117576
0.9350528639479493
0.4538747531079351
0.8706866504008357
0.44475426978041105
0.7389334262809342
0.5114441733472753
0.5133031253630764
0.5750551876379689
0.33891018938073647
0.5176019518996164
0.22679214592773306
0.5505112118043449
0.09561984431276845
0.5722377134890202
0.14767050075519927
0.5910596026490061
0.2725688393168349
0.6233298477983035
0.49878006273963044
0.6422679214592772
0.8471011967003597
0.650894620657604
1.0
0.5929476007900544
0.9737423027768092
0.5067677471825255
0.9889624724061811
0.5311955385151619
0.927384686882769
0.5769431857790168
0.7223190426397117
0.5830138259556171
0.4049029859416754
0.5943127686766583
0.04333681886836301
0.6087777390496105
0.03299639828046913
0.6282676890902751
0.012896479609620166
0.6328860230045311
0.0
0.6238526780527472
0.01870570465899836
0.6186824677588005
0.042058789357499654
0.6524921575461828
0.05774369699082135
0.70195770884164
0.08806785174857673
0.7266178691762519
0.1807830835366561
0.7402695480422907
0.2874404554432436
0.7485476937376552
0.400255605902172
0.7583071918206107
0.5149297083769024
0.754734518415243
0.6196119437667015
0.7376263506448237
0.688509352852329
0.7031485999767629
0.6876960613454155
0.6841524340652951
0.6127570582084347
0.6844719414430112
0.5445567561287324
0.6915301498780059
0.5022655977692575
0.6940281166492387
0.47716974555594255
0.6982107586847913
0.3939816428488438
0.6951899616591145
0.372836063669106