0000000001
0.024636540306511547
0.10531106245848815
0.012828712700794512
0.06378686871171661
0.004157339302846085
0.13187867457135127
0.0018941723450837601
0.17842119505055243
0.00655580428525743
0.1881626528252689
0.03222552950726912
0.19992128114929517
0.05721876460603675
0.21979779095225185
0.018314432609283844
0.2477921822341393
0.0
0.24641460234680593
0.053098324764458436
0.2321468106565645
0.061486802292686424
0.20090526678310502
0.02676440923962503
0.17974957565619532
0.04595212909891516
0.21059752527613082
0.1288406189269636
0.28188728444564715
0.19956458635703914
0.2284568645297779
0.2814567907308553
0.13330545374037522
0.3491058030552755
0.12720474281075508
0.3657597599075054
0.2569924479102603
0.336990479938993
0.37384074192516786
0.34954859659048987
0.3926840668126247
0.38698924995695066
0.39701360360138727
0.3729059555730486
0.4016383360802934
0.3386263560552016
0.44144055496789725
0.3157855895303928
0.5327052225037512
0.3247521586184841
0.5984846621239334
0.33070527170303315
0.6047821701803155
0.3126368355022018
0.5865292366731446
0.3074340114634327
0.5606996137856389
0.2901404639492263
0.5336400088558709
0.2853927332660942
0.512779513419104
0.3003862143612704
0.5456446335883498
0.2829819684632604
0.6779907013357608
0.289537772748518
0.775602076209687
0.3093773830902071
0.8244077636466507
0.31288283191065414
0.8321812501537476
0.30165309586480044
0.846891835379204
0.29386730953728063
0.881282133280854
0.318614548227596
0.8907775946471185
0.3383311603650588
0.883053307421712
0.33364492878403984
0.862980000491993
0.3225873902241028
0.8313940616467002
0.30335047108312224
0.8218002017170551
0.3050109468401764
0.8289340975621756
0.320988413569162
0.8338048264495344
0.2845809451182013
0.8044820545620032
0.25538117143489714
0.7648274335194708
0.2751838823153184
0.747656884209491
0.30253868293522934
0.7122334013923399
0.3335342304002361
0.6887653440259774
0.33922904725591024
0.6989495953359084
0.32534254999877005
0.6519150820398025
0.30437135617819977
0.640353250842538
0.27765614622026535
0.5911539691520504
0.25154362746303904
0.5684239010110457
0.2601043024771838
0.5946471181520749
0.22094167425155586
0.6307101916312023
0.2049519077021475
0.6721359868145927
0.2555779685616591
0.7522324174067058
0.32433396472411496
0.7682713832378048
0.32708912449878214
0.6767607192934988
0.26085459152296386
0.6134904430395319
0.2614326830828271
0.6689872327864016
0.2545570834665814
0.6983592039556223
0.2246808196600329
0.7288135593220337
0.20940444269513678
0.7705345501955668
0.2591326166637969
0.7719121300829012
0.3612334259919806
0.7582347297729451
0.3957344222774349
0.7951341910408108
0.3626602051610047
0.8635211925905883
0.29721286069223396
0.8494993973087994
0.3181348552311137
0.881429731125926
0.36429608127721325
0.9267422695628641
0.35326314235812156
0.9767779390420902
0.37895746722097856
1.0
0.44029667166859376
0.9462743843939883
0.42927603256992447
0.9354505424220801
0.4196083737177437
0.9750559641829233
0.3898182086541535
0.9857322083097588
0.40115864308381094
0.9688076554082314
0.4242700056579174
0.9783523160561852
0.44765196428132165
0.9846990233942583
0.46415832328847995
0.9277754544783651
0.4778603232392808
0.7678285897025902
0.4800742909153526
0.7597599075053505
0.49429288332390336
0.7036727263781944
0.48350594081326426
0.6720867875329022
0.45960738973210985
0.5994194484760527
0.42423310619664967
0.4968881454330764
0.37455413150968003
0.5307864505178224
0.3798430542914073
0.5399867161939438