0000000001
0.6585065308469567
0.8256250171143793
0.6830690873244067
0.8572797721733897
0.7089460280949645
0.8769955365700044
0.7283058134121966
0.8350447712149845
0.7194063364276132
0.7910128973958754
0.7328787754319671
0.774364029683178
0.7521564117308797
0.7432569347462971
0.7656288507352339
0.7521290287247736
0.7517182836331775
0.7432569347462966
0.7391221008242287
0.7498288562118355
0.6769626769626772
0.7873983405898302
0.6027821134204112
0.7094115391987726
0.7308798159861992
0.7945179221774961
0.7847148059914019
0.717188312932994
0.713874969194118
0.7388756537692714
0.5678687806347382
0.8491744023658918
0.5225225225225227
0.8329636627508977
0.533886470056683
1.0
0.6071907774035433
0.8384402639721786
0.7572222678605656
0.7832361236616562
0.7959418384950305
0.9074454393603331
0.7590569292696954
0.7133546920780962
0.7677099591993211
0.5389797091924753
0.7179550371039735
0.5306552753361263
0.7090829431254966
0.5969221501136398
0.7713245160053672
0.582682986938306
0.8890988252690385
0.46570278485172106
0.9380322571811934
0.49034749034749053
0.9547906569183169
0.650592842082204
0.9616911744571324
0.7220077220077218
0.904707138749692
0.67808538021304
0.7788274596785237
0.6516881623264601
0.6661737725567516
0.7835647197349322
0.6371204030778502
0.7858648922478711
0.617623702730086
0.6980202086585072
0.5584764095402395
0.9242038390974562
0.49292149292149295
0.8639612256633534
0.43443139187820046
0.5988937265533013
0.4181932692570995
0.7147786083956303
0.4760535611599442
0.7843314439059114
0.5511925299159344
0.7938607300309429
0.5718940825323804
0.9171937895342159
0.562446945425669
0.8696568909334872
0.5956077658205321
0.5979079383334706
0.592403954106082
0.728360579424409
0.5245488649743972
0.7211314658123164
0.523426161724034
0.6797283605794247
0.47813466962403134
0.6140091459240399
0.4283523645225775
0.5340507680933214
0.3943152879323099
0.3985596538788029
0.35006435006435
0.3196965962923413
0.31046852323448065
0.6417207481037267
0.3533503107971192
0.6514690982776088
0.3302116706372027
0.4833374407842491
0.22193926449245602
0.4069936197595775
0.23905364330896248
0.5614337741997318
0.2884799693310333
0.6373394671267014
0.27769106492510764
0.5272597825789317
0.284454667433391
0.3318546510035873
0.3311700758509272
0.5422656699252446
0.35124181932692605
0.7083162189545167
0.316218954516827
0.628905501245927
0.23612366165557697
0.4814753963690138
0.10118020756318641
0.3652619184534081
0.09302007174347612
0.31706782770612535
0.21273857444070232
0.31159122648484383
0.3469153043621128
0.36559051452668506
0.30751115857498873
0.34883211478956194
0.2687642049344179
0.3580328048413158
0.2362331936800022
0.34357457761713095
0.22057011418713549
0.3190394041457877
0.10542457350968021
0.3710671157479669
0.0
0.3752293326761413
0.11133930282866485
0.3072099455078182
0.2665735644459051
0.3050193050193052
0.3138092499794629
0.34806539061858244
0.2860154987814564
0.3927544565842439
0.12377118760097473
0.4112653687121775
0.032448862236096256
0.38629206714313086
0.09036392015115412
0.39943591007420803
0.14885402119444702
0.38464908677674664
0.12294969741778282
0.35529450423067416
0.1210055039842279
0.3367835921027414
0.16136805498507634
0.3249541334647721
0.20014239163175337
0.2815794517922181
0.1088474492729813
0.2878227771844797
0.11509077466524306
0.3109340343382894
0.1801254141679674
0.3045811769216028
0.25652400120485225
0.3509132232536483
0.3346477176264412
0.35606122840165405