0000000001
0.5848647392575668
0.45144362037915636
0.5865107182277646
0.41317945043666854
0.5523324490230632
0.3725915454774309
0.5006680738173162
0.3750701961619645
0.4907728355376544
0.4306074630622956
0.4793090761216865
0.38661141341182426
0.434577177049244
0.3557831955229377
0.37092620204875965
0.374682906992506
0.3171317364109915
0.30907612168625714
0.2756724308204721
0.4751457175500087
0.197285102922097
0.7696404020061578
0.19031389787184583
0.8532174047752759
0.17861776495420317
0.8308320907805815
0.160298987238822
0.8085242346197787
0.20797428399914805
0.7781607637342424
0.20245541333436634
0.7282004608741119
0.23248968842586323
0.7837377277744427
0.2477682461609963
0.777773474564784
0.2861486028543213
0.7818012819271511
0.29499816037644533
0.8382680428341814
0.35096144536318036
0.8309095486144734
0.4235588001781533
0.7173563641292772
0.463449584632366
0.570031564067311
0.45105633120969785
0.6457853256133693
0.4506690420402396
0.8570902964698597
0.48341434131794525
0.78451230611336
0.4403865145911196
0.7082163397300595
0.4124436010146976
0.8008559090645032
0.46327530450610943
0.8488023082434504
0.4954977634050466
0.7642958114676326
0.4775469104006509
0.6477217714606611
0.46277182858581384
0.6144923607211322
0.45822118084467794
0.65461551867702
0.3779942293913754
0.5907128057163885
0.28239189791057495
0.5866849983540211
0.23798919463217216
0.6213086501035997
0.24846536666602137
0.6175132162429073
0.29362328382486796
0.5992331674444722
0.3067523866695069
0.6979144478224669
0.3029956817257608
0.7265738463623862
0.3159311399856706
0.7663871729827081
0.28597432272806506
0.8083693189519954
0.26025832187602876
0.8481826455723162
0.23281888421990285
0.8876861408570713
0.28014562072771665
0.8996146472763891
0.2698824577370694
0.8989175267713634
0.2155845161790054
0.8799403574679036
0.21120814856412548
0.8759900079394284
0.23535562827985534
0.9677000832671717
0.21539087159427608
1.0
0.21031738347437134
0.959412095040762
0.22929455277783176
0.9127824790379738
0.23558800178153022
0.9134795995429988
0.2173273174415678
0.9515888538177031
0.11359191340214174
0.9477934199570109
0.06843399624329513
0.8319165004550649
0.1051683739664222
0.7133285567669103
0.15292112856063994
0.7211517979899692
0.18872601227706676
0.5453225150558666
0.1946128076528341
0.3960612691466082
0.1716659243624253
0.6412927712476524
0.13940473654654262
0.6869928932437405
0.13928854979570496
0.6453980364439109
0.12623690478495786
0.5993880831122561
0.130903739276931
0.6149571077244825
0.1994926511880099
0.5823473596560876
0.26513816541120416
0.5106988633062876
0.27499467477392026
0.5378865630022656
0.2606068821285413
0.6469471931217444
0.27909993997017873
0.7141805929397185
0.3044867450281754
0.7498886543637809
0.28274045816308746
0.648651265467361
0.25994849054046204
0.5471040452353749
0.2122538293216631
0.579558877635987
0.12191863054549695
0.5502023585910416
0.04182723030150472
0.3945895703026665
0.0
0.3360314478805603
0.05952634534575277
0.3386650142328772
0.16087992099300968
0.33517941170775184
0.24439883038670843
0.34153095408686934
0.32921515849809285
0.41356673960612694
0.3683120001549157
0.48041285025464286
0.40179314885459233
0.48877829631494324
0.4410836350961448
0.40984876357932654
0.4411998218469822
0.3784008830193066
0.43217598419860204
0.3814991963749734
0.4297554268894872
0.4017931488545926
0.4401928700063904
0.5164307430142715
0.4344416258399337
0.5725102147518446
0.4043105284560719
0.6083731918436902