0000000001
0.9882201136831333
0.17214874470238828
0.9869631475322305
0.11920043604489487
1.0
0.06754246432107136
0.9542931512030166
0.02331505356010634
0.904136864703723
0.0
0.8792533843535525
0.0016017975728317522
0.8760497892078888
0.003604044538871417
0.8766282161091892
0.009388313551874852
0.8497869831700019
0.041112804369347826
0.8158044027186064
0.06767594745214076
0.7786960922813382
0.10006785392496022
0.7555812634178356
0.1450961634723411
0.7399971078654936
0.17441795793056655
0.7111981223372897
0.21317256031768986
0.7148244140646726
0.23328401873213275
0.6629105996729665
0.0937496523876795
0.5587492630618807
0.16342784680585984
0.4819519683200036
0.2388013214829976
0.4231637726782277
0.24018064717071386
0.3469560284319069
0.2077442463208712
0.3083905271471318
0.10941167309981191
0.2803034516512975
0.20836716759919466
0.2786349125129312
0.2530840165074139
0.2616825548671287
0.2506813201481663
0.24885705069021907
0.13606380493665113
0.2174217733233962
0.06705302617381721
0.21228267277722773
0.08418336132771224
0.2144628972513599
0.14740987107754255
0.20481874103160214
0.22616491840843617
0.20462963992925398
0.22821165975149893
0.2199690764079689
0.23982469215452898
0.2343185129979199
0.21050289769630362
0.222449637927007
0.13045751343174009
0.21505244774691598
0.07528448592309148
0.20479649384309062
0.09343819174851777
0.19620907907763155
0.15862245408736475
0.2047853702488348
0.16213750987218978
0.2005695280258957
0.15835548782522613
0.1892568326677716
0.22807817662042962
0.17469604778696096
0.26434109389425897
0.16867818329458611
0.21321705469471283
0.16940121692121157
0.16618649818129239
0.1639617793301372
0.111547403196921
0.1590785214518515
0.09023459660285431
0.16373930744502163
0.12760987330226142
0.1486668372284453
0.19145930433041525
0.14426189390315802
0.18914559672521375
0.1450294219068065
0.1504354887151136
0.15603065662576898
0.12658650263073004
0.16376155463353323
0.23528626569817246
0.1715703178010879
0.3942646748017219
0.18664278801766424
0.5666803857662486
0.21965761576880724
0.632532063760442
0.2510039043815837
0.6652799252494468
0.25830098221337283
0.7002525055896061
0.2847306421650964
0.72926283940867
0.3025061457858264
0.7338902546190723
0.2946528882412485
0.7419882312372772
0.27930232816827777
0.6945572253306487
0.297656258690308
0.6540673422396245
0.31700018910110234
0.5503509493987698
0.2889353607937798
0.47506646347567827
0.28418558604656347
0.5006952246409861
0.3234296265809409
0.6061913925627648
0.35396389281304574
0.7287289068843924
0.38603321505244786
0.741943736860254
0.40753512274886255
0.6428992536068254
0.41727939131692227
0.5279702777561486
0.3303485022080335
0.42705703066774925
0.21034716737672277
0.3094583921956863
0.28723345087264596
0.18376177710541822
0.3275787272383453
0.1691676214418402
0.35701175763912835
0.16142559983982024
0.37714546324208276
0.1536390838607771
0.39457613544088377
0.15003503932190576
0.4341093894259112
0.1551518926795626
0.4686481495900956
0.14727638794647327
0.49082859653611277
0.16623099255831533
0.4926306188055483
0.23288356933892465
0.5123638750152951
0.31386333552097334
0.5075028643255208
0.372862879453609
0.5324530862412262
0.4211837729006996
0.5464020734379691
0.45348669061947283
0.5499060056285386
0.4960233150535601
0.586424765570251
0.534555445555568
0.5927763378902992
0.5741999354831533
0.576702744190703
0.5978709440594445
0.5783490361405577
0.5895949899331473
0.6075929654389927
0.579672743856995
0.6323429626580941
0.5939554388814114