0000000001
0.7454451701615669
0.7382261945685795
1.0
0.9908215881746305
0.999896871777243
0.9904090752836024
0.999896871777243
0.9904090752836024
0.999896871777243
0.9904090752836024
0.7517703678239944
0.7652801650051559
0.0
0.07978686833963557
0.009126847713991052
0.08463389480921274
0.01330354073564799
0.08693709178411821
0.016165348917153658
0.08917153661051906
0.018459951873496024
0.09278102440701264
0.033396356136129235
0.09821244413887928
0.04673427294602956
0.10250945342041928
0.052518047438982425
0.10690959092471639
0.06746304572017876
0.11106909590924709
0.0509023719491234
0.11574424200756271
0.031668958404950195
0.11835682365073909
0.06205740804400138
0.1195599862495703
0.06299415606737711
0.12069439669989687
0.07815400481265042
0.1250257820556892
0.10908387762117565
0.12990718459951864
0.0710381574424201
0.13492609144035747
0.048745273289790295
0.14094190443451354
0.05964248882777585
0.14599518734960465
0.0507734616706772
0.1499828119628738
0.054657958061189366
0.1501546923341354
0.075429700928154
0.14881402543829492
0.08674802337573051
0.14572017875558613
0.10568064627019594
0.1394637332416638
0.11472155379855621
0.1331041595049845
0.12164833276039874
0.12791337229288413
0.11701615675489854
0.12715709865933303
0.13118769336541763
0.1270539704365761
0.1358456514266071
0.12746648332760394
0.14388105878308693
0.12836026125816427
0.1537727741491921
0.12990718459951864
0.15660880027500854
0.13344792024750776
0.16687005843932617
0.13746992093502922
0.18039704365761422
0.14259195599862493
0.16105190787212095
0.14750773461670674
0.15784633894809214
0.15211412856651765
0.1552337573049158
0.15476108628394633
0.143030250945342
0.15513922310072184
0.13489171536610514
0.15180474389824683
0.14939841870058435
0.14589205912684766
0.16125816431763493
0.14032313509797176
0.16263320728772768
0.13389480921278793
0.15417669302165687
0.12866964592643507
0.14614987968374007
0.12433826057064278
0.16111206600206243
0.11990374699209348
0.16388793399793744
0.1163973874183568
0.1691818494327947
0.11450670333447915
0.17659848745273288
0.11237538673083526
0.1751632863526985
0.11093159161223774
0.17900481265039525
0.10904090752836015
0.18361120660020624
0.11000343760742516
0.17563595737366786
0.11172224132004127
0.18930904090752834
0.11275352354761088
0.21081127535235472
0.1126160192506015
0.24034891715366102
0.11237538673083526
0.24159504984530764
0.11299415606737706
0.21730835338604326
0.11271914747335843
0.209118253695428
0.11130972842901332
0.20271570986593326
0.11440357511172225
0.17505156411137848
0.139807493984187
0.17182021313166035
0.15751117222413202
0.20935888621519425
0.12939154348573384
0.22011859745617043
0.10127191474733573
0.21501375042970086
0.09034032313509797
0.1896699896871777
0.09577174286696447
0.11738569955311104
0.11708490890340315
0.11038157442420071
0.08360261258164316
0.11916466139566859
0.09738741835682366
0.13968717772430383
0.1236507390855964
0.16397387418356824
0.1216225507047095
0.13448779649364043
0.08824338260570644
0.11798728085252662
0.0863526985218287
0.07457889309040908
0.10154692334135439
0.04072705397043658
0.11464420763148843
0.038681677552423514
0.12554142316947392
0.03520969405293913
0.13083533860433139
0.03272602268820898
0.13021656926778957
0.0281454107940873
0.12420075627363351
0.015348917153661067
0.11423169474046065
0.7548040563767615
0.7717428669645925
0.9905809556548643
0.9904090752836024
0.9390684083877621
0.9904090752836024
0.9161739429357166
0.9904090752836024
0.9799071845995186
0.9908215881746305
0.7485819869370913
0.7382261945685795