0000000001
0.9951916231284021
0.9181699690029465
0.996155489107219
0.9226826142674068
0.9975684290079847
0.9289039310397706
1.0
0.9313135959868126
0.9523981642734313
0.7193945169169429
0.8897797347177954
0.5182970240637903
0.8492864105850008
0.3630707893843305
0.8287385404002233
0.29678309729569863
0.8228239082574836
0.2751399248622656
0.7963066408175336
0.2066616282763229
0.7651014797533375
0.20622350737686063
0.7128665155149562
0.15877501396510346
0.6554726776854075
0.10015443761706036
0.5999627597235457
0.0
0.5769504594792934
0.02514813962913067
0.5946614968400531
0.10882923142641204
0.6419785539819712
0.11746021314581766
0.6499414013296968
0.08630981719405473
0.6356258009397693
0.14344078248392647
0.5759427814105301
0.3046692734860182
0.4759964512207143
0.33100033954369706
0.4080767587815858
0.28451571211075694
0.3416357243781419
0.19943263343519643
0.2972869363300803
0.12433871126737421
0.2871772965749898
0.16793174076386372
0.30118621233529397
0.21673840896395372
0.297363607487486
0.229750599677981
0.30210626622416437
0.2115247702603533
0.3683391932003634
0.19592766623949862
0.39089146650018075
0.18002387758902044
0.3848125390201425
0.18861104721848002
0.34673983285687676
0.2559940415557673
0.2849866920776788
0.2730807566347932
0.2296410694531156
0.277812462348985
0.20390146660971092
0.2621715462381841
0.18380267034688214
0.22922485459862627
0.136726579699668
0.2011851170330451
0.12242193233222698
0.14948685089650493
0.16357243781421468
0.1585121414254263
0.15436094590302196
0.1760807894938606
0.1394757883437935
0.20192992256213083
0.13390069989813694
0.22720949846110014
0.13380212269575795
0.2355337955508822
0.14018773480541952
0.19347418920251042
0.12804083286782977
0.15715396663709344
0.13766853963351183
0.19391231010197246
0.20649733293902442
0.2613391165292062
0.2369029233617016
0.38874467409281566
0.22825003559732288
0.39308207099749165
0.20739548078292208
0.34133999277100524
0.16267428997031733
0.29652022475602147
0.1313486456587695
0.27895157668758686
0.1441746349905256
0.3006823733009121
0.15839165817807435
0.2973088423750535
0.1643720084557333
0.24736305983636184
0.1618090011938794
0.19991456642460467
0.16762505613424017
0.17345206409708752
0.19267461856099188
0.19106452425546822
0.21159048839527264
0.20915891740325723
0.21657411362665516
0.20223660719175462
0.20959703830271953
0.17266344647805554
0.20828267560433306
0.16381340430891897
0.22596085389763293
0.1504507168753217
0.2407364812319959
0.16942135182203522
0.23952069573598828
0.21297056922857852
0.2518757051008226
0.2268590017415305
0.26747280912167704
0.19789921028707855
0.28900645133024455
0.17857807862079525
0.3208140286312007
0.1926855715834782
0.330584124689208
0.2547673030372732
0.3227089015213748
0.2854357659996276
0.3308579502513719
0.28460333629064927
0.3420847983000908
0.27759340189925397
0.3541112169903284
0.26151436488899077
0.3945497760106902
0.2685242992803864
0.4398952891050287
0.31216114086682223
0.4737510816109705
0.4096868530871092
0.4959638112137042
0.46042125324483274
0.5361942628068213
0.48697137975224275
0.5739493313179772
0.5114623380321796
0.5954063023691386
0.5837960985333903
0.6138621452589842
0.6620883032672866
0.629919276224274
0.6927567662296408
0.6753086014085585
0.7154076167318372
0.7581791695418352
0.7321000230013472
0.8041051928279609
0.7538308196146725
0.87752330255534
0.7715309039529462
0.9136354176935126
0.7872156321536926
0.9231645472568154
0.796810479851915
0.9268338097898112
0.8057919582908901