0000000001
0.35128105678629296
0.050010266706212614
0.34217791061121133
0.04873263215532389
0.33243594716068525
0.05165293970021204
0.3263671830439642
0.050740343592434525
0.3234012456936872
0.05101412242476797
0.32223768565627087
0.054573247245100445
0.32178138760238195
0.057037256736100043
0.3228308731263262
0.0585886701193218
0.32139353425657646
0.05977504505943276
0.3200018251922156
0.06406424676598756
0.3194542675275489
0.06661951586776492
0.32061782756496554
0.06762337158632004
0.31562136387488327
0.06616321781387605
0.3085943738449955
0.065068102484543
0.30042663868038616
0.06196527571809908
0.2981679633136365
0.0601400835025438
0.3016814583285803
0.058041112454655326
0.2954301749903039
0.05265679541876765
0.2947229130067759
0.050284045538545895
0.29561269421185915
0.04426091122721366
0.2941753553421095
0.03969793068832566
0.288608519084666
0.0320321233829939
0.2882206657388607
0.024366316077661904
0.28409116835116693
0.017339326047774387
0.2822887910383063
0.012958864730442077
0.2827222741895008
0.008578403413109352
0.284707170723917
0.006205653532887759
0.2866008076475554
0.0007300768862220795
0.2796194474230568
0.0
0.2717939357988641
0.017886883712441033
0.28256256987063966
0.0373251808081039
0.31128653236293957
0.05475576646665613
0.36535785174876245
0.06780589080787588
0.44121740320777536
0.07939586137665124
0.45360589537085644
0.0898907166160938
0.5019050443749857
0.10330587940042442
0.46375852706988224
0.11507836919075545
0.47354612032579685
0.1258470032625312
0.41518559923341936
0.14318632931030534
0.3753279642262327
0.16079943419041318
0.3979831626018116
0.1789600967351876
0.5800232712007483
0.19210148068718486
0.6243298122333507
0.2013187013757385
0.5171453993748718
0.25324541990828403
0.4332778170701101
0.35737263580570844
0.49973762861901394
0.48796513882868275
0.5264538796742033
0.3023430905067189
0.5138600533868725
0.12046268622664337
0.5398918573612284
0.1945654901781846
0.499326960370514
0.2903880814948325
0.48009399739910114
0.5633455773311128
0.48833017727179395
0.6504072460130957
0.474116492893158
0.2715886016746139
0.52535876434487
0.14199995437019464
0.5879172275330248
0.2412904108963976
0.6009217220688553
0.32634436814127016
0.562729574958363
0.46414638041568773
0.5210467477356211
0.4169651616435855
0.49560813123132047
0.3467865209554883
0.5221418630649541
0.3661335584403734
0.5371996988432846
0.37571581757203787
0.5465766238506994
0.38794460541625836
0.5112819693824008
0.3992607971526999
0.5069699527731516
0.40254614314069975
0.5841299536857478
0.39314640323059047
0.6079258971960487
0.38237776915881466
0.6421482512377087
0.3730692888594833
0.6585977960803999
0.3684150487098172
0.6959001619858091
0.35792019347037485
0.8495357167301683
0.35426980903926425
0.9028769592297688
0.35116698227282084
0.8908763204124938
0.34140220391960036
1.0
0.33428395427893515
0.9672149848280898
0.3261618489197144
0.894435445232826
0.3140243206862724
0.9011430266249916
0.30362072505760757
0.8577947115055554
0.289475485387055
0.8303483835641443
0.27715543793205727
0.8300289749264219
0.26629554424950386
0.825876662636034
0.2528803814651732
0.7408911500992449
0.24941251625561817
0.6972690561474755
0.2403778147886201
0.7242590860349982
0.23453719969884337
0.7286167324496361
0.23298578631562147
0.7205630717984989
0.2380963245191762
0.7125322260500561
0.23170815176473267
0.7067600556683628
0.233168305537177
0.6996874358330861
0.2391001802377313
0.6892838402044217
0.23435468047728786
0.7104788848075563
0.22988295954917762