0000000001
0.12688418240793745
0.18255103987788587
0.11523325701202065
0.3008490746040834
0.10773230299561162
0.31678114863575657
0.11462507155123074
0.18364815874833043
0.1294838771226865
0.23535584812058782
0.12131511161991995
0.20153596641862256
0.10885327227628316
0.09654646059912224
0.08940326273611908
0.07560580041976725
0.07072839152833432
0.07460408319023086
0.07103844686128605
0.10952108376264068
0.06793789353176878
0.16390001908032828
0.07106229727151306
0.21327036825033396
0.08942711314634613
0.17587292501431034
0.10683791261209694
0.24403739744323616
0.1306167716084717
0.29898874260637287
0.1428639572600649
0.3332856325128793
0.15057956496851754
0.28768364815874836
0.14144485785155508
0.3539400877695098
0.12263880938752146
0.3438275138332381
0.13060484640335823
0.3228391528334289
0.1601793550849075
0.420578133943904
0.17001764930356808
0.24360809005914924
0.20334859759587873
0.3253195954970425
0.20532818164472436
0.29894104178591874
0.19376073268460223
0.3559912230490364
0.20134516313680603
0.2284392291547416
0.19692091203968715
0.16914710933028046
0.19946098072886861
0.19008776950963557
0.20008109139477215
0.23526044647967942
0.3040569547796223
0.2824842587292501
0.38380080137378375
0.24990459835909182
0.34350553329517286
0.22257202823888578
0.3352175157412709
0.2502862049227248
0.35234211028429707
0.25572409845449345
0.36786872734211046
0.23697767601602754
0.37768317115054384
0.18817973669147114
0.39028811295554305
0.13766456783056671
0.37414138523182616
0.17630223239839726
0.34776283152070225
0.25023850410227066
0.3085289066971953
0.4211982446098074
0.3545244228200727
0.5931120015264265
0.3661037969853083
0.7719900782293456
0.39757441327990867
0.8622400305285254
0.434196718183553
0.913279908414425
0.4129102270559056
0.9574031673344787
0.3538089105132609
0.9998091967181836
0.32273182598740696
0.8114863575653504
0.34688036634230124
0.5156935699294029
0.35551421484449547
0.35174585002862063
0.37857756153405864
0.3589963747376457
0.3542739935126885
0.34320740316733467
0.3351578897157032
0.39100362526235466
0.35887712268651034
0.7279622209502007
0.34236071360427406
0.8347643579469569
0.3156482541499715
0.8928639572600654
0.3259277809578326
0.7417000572409849
0.31152213318069083
0.26316542644533497
0.31772323983972534
0.22295363480251867
0.3187368822743752
0.19199580232780014
0.3200486548368633
0.12430833810341542
0.307980347261973
0.10661133371493986
0.28517935508490766
0.17329708070978828
0.29610284296889916
0.1564109902690326
0.2609115626788781
0.3919099408509828
0.3118560389238695
1.0
0.4403501240221333
0.8204064109902693
0.35949723335241385
0.07260064873115821
0.24507489028811308
0.0
0.21216132417477587
0.029431406220186994
0.15016218278954402
0.198340011448197
0.12141051326082813
0.48597595878649125
0.12006296508299952
0.6753482159893152
0.12262688418240794
0.5332474718565162
0.17442997519557343
0.2809101316542646
0.22321598931501627
0.10537111238313308
0.2001884182407938
0.10680213699675639
0.14957784773898122
0.14739553520320545
0.18399398969662292
0.17315397824842585
0.24660131654264467
0.18612860141194443
0.2141766838389621
0.20287158939133768
0.15486071360427398
0.16938561343255107
0.11365912993703496
0.12373592825796609
0.13674632703682507
0.12740889143293269
0.1584859759587866
0.15145010494180508
0.1465488456401451
0.151402404121351
0.10453634802518609
0.13480251860332007
0.09259921770654457
0.12612096928067162
0.09734544934172869
0.10098263690135467
0.08224813966800226
0.08161610379698533
0.11256201106659039
0.06000763213127269