0000000001
0.3594335754451732
0.03192361761949398
0.3585402999062793
0.04018275538894096
0.34814315838800375
0.04211574507966256
0.33609126054358013
0.042467197750702915
0.3158388003748829
0.04539597000937207
0.3053537956888472
0.04545454545454541
0.28908446579193997
0.04445876288659795
0.26635719306466726
0.051194939081537015
0.23132907685098408
0.0645501405810684
0.2135367853795689
0.06484301780693537
0.22352389878163068
0.06706888472352387
0.25092256326148066
0.09459934395501411
0.23904639175257733
0.14784442361761954
0.30435801312089966
0.1826968134957826
0.3433985473289597
0.1999765698219307
0.32969189315838804
0.21274601686972835
0.33781923617619497
0.2191893158388003
0.3821022727272727
0.22873711340206188
0.4248184161199625
0.23723055295220224
0.4169546626054356
0.2398664479850047
0.437880740393627
0.23190018744142468
0.44918580131209007
0.2156747891283974
0.41191717432052477
0.21098875351452653
0.3564901593252109
0.2202436738519211
0.3770208528584816
0.23447750702905343
0.40469775070290526
0.22955716963448924
0.4068211105904405
0.2163776944704781
0.39998242736644796
0.18849578256794747
0.39652647610121844
0.15194470477975622
0.37521965791940015
0.11978678537956891
0.34587335988753515
0.11732661668228682
0.35690018744142454
0.08522727272727279
0.35441073102155574
0.05189784442361756
0.3577202436738518
0.018626991565135823
0.33863929240862223
0.05037488284910965
0.32573805060918476
0.030927835051546466
0.3909910965323337
0.0
0.41912195407685093
0.019447047797563295
0.3881501874414245
0.20185098406747892
0.2916471415182755
0.35783739456419866
0.28677073570759143
0.39046391752577314
0.25730728678537956
0.3996602624179944
0.2899777413308341
0.4604615745079664
0.2818357544517338
0.5705834114339269
0.3413484067478912
0.6291002811621368
0.4427717900656045
0.6529404873477038
0.4112289128397376
0.6787722586691658
0.37962746016869736
0.680646672914714
0.3342900656044986
0.6900187441424558
0.35760309278350516
0.7722000937207125
0.43389761012183686
0.8459465791940021
0.4683106841611997
0.8854264292408621
0.520530693533271
0.9510895032802252
0.5954633317713213
1.0
0.5947750702905342
0.9869376757263355
0.6109272492970946
0.8868322399250236
0.5884342783505154
0.5648430178069354
0.5481783036551078
0.4064550140581066
0.5361264058106843
0.4307638238050605
0.5103971415182754
0.4593486410496721
0.46773957357075924
0.49138940955951277
0.5014497422680413
0.44734067478912853
0.5203549671977505
0.49215089034676635
0.49579721180880987
0.5916119962511716
0.5004100281162138
0.6437441424554828
0.47264526710403
0.6947633552014995
0.45592197750702906
0.6029756326148079
0.48834348641049663
0.42660496719775054
0.47876640112464863
0.389526710402999
0.4013735941893159
0.26950562324273675
0.30201499531396425
0.18896438612933458
0.2612904170571696
0.20548266166822873
0.2862874882849109
0.18925726335520157
0.26817303186504216
0.15405342080599807
0.21806173851921268
0.14620431115276483
0.22854674320524837
0.13812089971883776
0.20158739456419864
0.14116682286785381
0.1763413776944704
0.13161902530459232
0.24406923617619494
0.13689081537019668
0.2558721883786318
0.20805998125585726
0.19816073102155565
0.31970477975632605
0.19934688378631676
0.4229732895970011
0.24029111996251173
0.45185098406747903
0.23301312089971885
0.4377343017806932
0.2977097000937208
0.40405342080599804
0.3357251640112465
0.34577085285848175
0.27539245548266167
0.250644329896907
0.2199215089034677
0.235649015932521
0.2190282333645736
0.308399718837863
0.24389350984067468
0.44962511715089026