0000000001
0.049470718798019474
0.00990268055318423
0.05501963462523472
0.008536793580331235
0.05647088953389105
0.009219737066757732
0.11097831654430594
0.006658698992658368
0.10632576404302539
0.008024585965511363
0.0796482841044903
0.014854020829776354
0.07994707187980189
0.012805190370496843
0.09125832337374083
0.005463547891411997
0.05190370496841385
0.002048830459279492
0.030134881338569248
0.0037561891753457545
0.030177565306470904
0.006829434864264992
0.040507085538671675
0.005122076148198768
0.0940754652552501
0.002219566330886116
0.11763701553696429
0.002561038074099384
0.11541744920607817
0.0027317739457060086
0.11605770872460301
0.0020488304592795113
0.1522110295373057
0.0013658869728530138
0.1286067952876899
0.0
0.10683797165784523
0.0
0.126856752603722
0.0013658869728530138
0.14555233054464736
0.000512207614819873
0.1202407375789653
0.015536964316202813
0.10163052757384326
0.04268396790165608
0.13441181492231516
0.1195151101246372
0.301263445449889
0.2868362642991292
0.4563769848045073
0.38722895680382424
0.5198907290421716
0.395936486255762
0.6214785726481132
0.39064367423595703
0.6945108417278467
0.4263274714017414
0.7187553354959875
0.24210346593819365
0.7719822434693527
0.2602014683284956
0.7754823288372884
0.22656650162199077
0.9115161345398664
0.11661260030732454
1.0
0.09339252176882352
0.9218456547720676
0.25132320300495137
0.8092880314153998
0.2274201809800238
0.845654772067611
0.11319788287519206
0.7877326276250637
0.14529622673723736
0.6988646064538157
0.1780775140857094
0.7252432986170392
0.09868533378862895
0.7210602697626766
0.03875704285470378
0.7537988731432471
0.03090319276079906
0.7679699504865968
0.0828068977292128
0.5573245688919239
0.10722212736896017
0.5058903875704284
0.05548915827215296
0.5016219907802627
0.027829947071879784
0.5896363325934779
0.03841557111149055
0.6083745945023048
0.06624551818337025
0.5543366911388082
0.09646576745774288
0.5332081270274883
0.10602697626771379
0.7550793921802968
0.038927778726310404
0.8700700017073585
0.017585794775482267
0.8444596209663646
0.03192760799043878
0.8284104490353418
0.02458596551135392
0.8206846508451422
0.03670821239542431
0.8066416254054973
0.040293665699163414
0.9036196004780602
0.06744066928461659
0.9091258323373739
0.09424620112685668
0.6600221956633087
0.07939218029708033
0.6508878265323542
0.08348984121563942
0.8626003073245685
0.0682943486426497
0.892436400887826
0.042513232030049454
0.8202151271982239
0.037220420010244136
0.6497780433669114
0.03175687211883218
0.6504609868533376
0.05822093221785897
0.6325337203346422
0.08895338910705136
0.6073928632405665
0.1442718115075976
0.5061891753457399
0.14922315178418982
0.4485658186785042
0.09424620112685668
0.39725968926071353
0.07085538671674915
0.3725456718456546
0.1406863582038585
0.3469779750725627
0.15212566160150232
0.2910619771213932
0.2561038074099367
0.26792726651869553
0.1939559501451253
0.21691992487621642
0.07939218029708033
0.1872972511524671
0.04626942120539525
0.13735700870752934
0.0483182516646747
0.04989755847703605
0.06078197029195833
0.03282397131637356
0.10517329690968072
0.038671674918900445
0.23595697456035503
0.03905583063001533
0.1843947413351545
0.03372033464230836
0.09270957828239709
0.03303739115588186
0.06300153662284447
0.03448864606453813
0.07905070855386716
0.033976438449718274
0.08366057708724604
0.03470206590404643
0.04131808092880316
0.03905583063001537
0.06487963121051736
0.03389107051391497
0.11029537305787948
0.01826873826190884
0.11490524159125821
0.009177053098856096
0.12566160150247566