0000000001
0.8870653866113128
0.0
0.9530682407887907
0.011286974571873365
0.9518357550596781
0.020238713025428103
0.9400622729631548
0.053710430721328306
0.9153801245459264
0.10806953814218968
0.9564413596263618
0.17527244421380386
0.9360729112610271
0.23144784639335775
0.8998443175921119
0.2576543850544887
0.8423066943435389
0.24416190970420337
0.7630059678256355
0.2276855215360664
0.7177607680332121
0.2324857291126099
0.6787752983912817
0.2869745718733782
0.7340749870264659
0.3134405812143229
0.7942397509081474
0.3117540217955372
0.7592436429683441
0.2769849507005704
0.728009859885833
0.22548002075765436
0.6959976647638814
0.19239750908147368
0.6972950181629475
0.17151011935651286
0.6499740529320184
0.13271925272444185
0.5297418266735855
0.07550596782563561
0.5380448884276076
0.04709392838609208
0.5686299948105864
0.07900882200311367
0.5308770108977684
0.11676180591593124
0.41862350804359105
0.11222106901920047
0.3034833938764919
0.13557343020238685
0.2696224701608716
0.2256097560975606
0.26592501297353377
0.2950181629475863
0.35164763881681366
0.3877789309807992
0.4623443175921118
0.5426829268292677
0.5569538142189928
0.6261027503892055
0.6271081992734818
0.6115723923196676
0.6762130254281263
0.6041774779449922
0.7853204462895691
0.38103269330565637
0.8265114167099118
0.31045666839647107
0.8492799688635184
0.21484172288531395
0.8465555267254797
0.32732226258432784
0.8765243902439024
0.3540477426050851
0.8856707317073167
0.5727815256875969
0.8384470679813179
0.5012973533990653
0.7888881681370006
0.5273741567202902
0.6359302023871299
0.42397509081473744
0.5878632589517382
0.36805915931499744
0.6450765438505448
0.2597301504929942
0.6857485729112609
0.2684224182667357
0.5772249610793978
0.2555786196159832
0.577938505448884
0.37986507524649704
0.7560975609756095
0.466398546964193
0.799526466009341
0.48326414115204924
0.6754021795537103
0.5751167618059158
0.6877270368448362
0.7424753502854176
0.7829203425012972
0.8452257394914372
0.7980993772703682
0.9006227296315513
0.8057537623248568
0.9199532952776337
0.7686170212765956
0.9065905552672546
0.7396536066424495
0.9222885313959519
0.7551569797612873
0.8807732226258429
0.7797742605085624
0.8292682926829268
0.7879475869226775
0.793331603528801
0.7337182148417225
0.8004670472236635
0.6853918007265178
0.7807472755578617
0.6901271406331081
0.6939543331603528
0.6594771665801762
0.6359626362221064
0.6560391800726517
0.6074208614426572
0.6978463933575505
0.5179034769071089
0.680948365334717
0.47262584327970886
0.7302802283341978
0.5406071613907623
0.8267708873897247
0.6656720290607155
0.8178840166061232
0.7475350285417746
0.7481512714063309
0.6704722366372599
0.7509081473793457
0.5995070057083545
0.7637843798650753
0.5922418266735859
0.7694278671510117
0.5577322262584329
0.7011222106901919
0.5612350804359105
0.72697197716658
0.8108458744161907
0.7470809548521014
0.7955371043072132
0.7407887908666322
0.5544888427607674
0.7197067981318109
0.6050856253243383
0.6818565127140632
0.8727296315516343
0.6516281785158274
0.9104826154644522
0.6215295796574987
0.7448105864037364
0.592760768033212
0.4195640892579136
0.5997989102231448
0.6277893098079916
0.6030747275557862
0.906979761286974
0.6428061754021792
0.9539439543331599
0.6375194603009859
0.9929942916450442
0.6209133367929424
1.0
0.6183186299948106
0.8627400103788269
0.5742086144265698
0.7218474312402697
0.4858588479501815
0.6425791385573429
0.31360275038920565
0.6006746237675142