0000000001
0.6027227722772274
0.031903190319032104
0.5715071507150716
0.0921342134213415
0.5537678767876785
0.09130913091309167
0.4525577557755774
0.16006600660065984
0.4274614961496148
0.20764576457645834
0.39823982398239816
0.20572057205720543
0.3989961496149619
0.3564356435643569
0.468715621562156
0.49477447744774505
0.5867024202420238
0.4889988998899898
0.5043316831683171
0.5426292629262928
0.5054317931793176
0.6361386138613867
0.6129675467546756
0.6914191419141914
0.5716446644664468
0.7596259625962595
0.5336908690869089
0.5745324532453236
0.47854785478547834
0.31793179317931797
0.5241336633663368
0.21094609460946112
0.574326182618262
0.40594059405940586
0.5706133113311332
0.3116061606160616
0.4623899889988997
0.17051705170517026
0.47407865786578635
0.0
0.4080033003300334
0.034103410341034306
0.3122937293729373
0.24779977997799743
0.3793316831683168
0.7002200220022001
0.3023239823982399
0.8699119911991197
0.27372112211221133
0.7406490649064911
0.21376512651265145
0.47167216721672195
0.24773102310231035
0.20819581958195787
0.20874587458745844
0.42711771177117597
0.30411166116611665
0.3880638063806375
0.33635863586358633
0.019251925192519472
0.23858635863586422
0.49587458745874563
0.19513201320132034
0.8226072607260724
0.25831958195819543
0.538778877887789
0.35169141914191415
0.8124312431243117
0.3699119911991199
0.6427392739273928
0.36812431243124305
0.5770077007700771
0.4610148514851488
0.7087458745874592
0.5872524752475243
0.47002200220021934
0.5305968096809678
0.666941694169416
0.472703520352035
0.8465346534653467
0.47469746974697397
0.4128162816281627
0.4919554455445547
0.17849284928492823
0.5371974697469744
0.1105610561056099
0.519733223322333
0.26072607260725933
0.5305280528052797
0.24284928492849198
0.5215896589658968
0.15841584158415867
0.560299779977998
0.16391639163916366
0.6544279427942794
0.17409240924092484
0.7670517051705169
0.17739273927392762
0.7187843784378437
0.2665016501650161
0.6406078107810776
0.28630363036303635
0.6650165016501646
0.38723872387238767
0.6206683168316828
0.4221672167216725
0.5387788778877884
0.502750275027503
0.5845022002200216
0.4064906490649074
0.5571369636963703
0.2610011001100111
0.5299779977997802
0.33993399339933944
0.5625000000000001
0.24532453245324595
0.651883938393839
0.09185918591859123
0.9222359735973593
0.1625412541254128
0.9926430143014296
0.39823982398239866
0.7227035203520351
0.35946094609460943
0.5054317931793176
0.5841584158415842
0.5790704070407037
0.5475797579757967
0.6096672167216718
0.5030253025302532
0.6629537953795379
0.3132563256325633
0.8101622662266225
0.566831683168317
0.737073707370737
0.7887788778877886
0.6732673267326733
0.5110011001100098
0.6026540154015393
0.397139713971397
0.6266501650165012
0.6166116611661157
0.5134763476347632
0.514301430143014
0.3965896589658965
0.6765676567656765
0.3094746974697465
0.7975797579757968
0.37059955995599553
0.8635863586358637
0.5105198019801983
1.0
0.6267876787678769
0.8941144114411448
0.6054042904290435
0.8660616061606162
0.5721259625962593
0.8437843784378435
0.5045379537953798
0.8393839383938386
0.4943619361936196
0.7131463146314636
0.6655665566556656
0.6919691969196909
0.9410753575357541
0.8393839383938392
0.8263201320132011
0.7244224422442248
0.6610973597359736
0.8399339933993407
0.6197744774477448
0.9460946094609457
0.6070544554455446
0.8575357535753577
0.6989823982398234
0.721122112211221
0.6731298129812976
0.6754675467546755
0.6154427942794275
0.8256325632563254