0000000001
0.2394988189380713
0.01961589812057118
0.2655078566293521
0.03204272363150864
0.27056588271541576
0.04036150765122704
0.26376193899558403
0.031426517407826066
0.2618619698058952
0.05196672486392125
0.27064290849337597
0.07907979870596712
0.22411933860531993
0.09068501591866096
0.24270822635308636
0.10218753209407441
0.27069425901201616
0.1326897401663759
0.26407004210742563
0.14840299887028852
0.24969189688815877
0.12508986340762054
0.22981924617438637
0.06932320016432186
0.23996097360583363
0.0395398993529837
0.2541080414912194
0.024032042723631575
0.23585293211461456
0.0047242477149019154
0.23649481359761754
0.0
0.2594228201704839
0.008524186094279823
0.29549655951525106
0.02618876450652167
0.37367772414501393
0.03553455889904503
0.4525777960357401
0.03707507445825217
0.5177672794495223
0.046318167813495334
0.5331210845229541
0.05114511656567744
0.6204683167299995
0.07281503543185806
0.6717674848515973
0.10341994454144013
0.7346461949265691
0.10424155283968393
0.6778525213104657
0.08216082982438114
0.6054226147684093
0.04826948752182401
0.5894782787306153
0.03255622881791131
0.599568655643422
0.01848618671048585
0.6324073123138547
0.014583547293827465
0.6315600287562904
0.016124062853035172
0.625474992297422
0.030194104960460346
0.6939509089041802
0.04426414706788562
0.7226301735647532
0.06593406593406623
0.7333881072198829
0.0769230769230772
0.8117233234055663
0.07250693232001644
0.7504364794084422
0.07805278833316245
0.688071274519873
0.08051761322789379
0.6623960151997538
0.06726917941871205
0.6815497586525626
0.038923693129300656
0.6104549655951527
0.01725377426312004
0.612508986340762
0.014686248331108221
0.708611481975968
0.019821300195131855
0.7635308616617029
0.018178083598644233
0.7285098079490603
0.022696929238985288
0.7153383999178395
0.08996610865769734
0.6542056074766356
0.3694156310978741
0.5537639930163295
0.45291157440690183
0.5535585909417687
0.458662832494608
0.5944336037793984
0.5000513505186404
0.6356167197288692
0.4054636951833212
0.6108657697442744
0.4438738831262197
0.6086833727020646
0.7424257985005652
0.6978792235801582
0.9836705350724042
0.7827359556331519
0.8275649584060802
0.8587603984800252
0.4274417171613437
0.8933449727842252
0.18260244428468736
0.8696467084317553
0.1169764814624631
0.781426517407826
0.25829310876039885
0.7457892574715005
0.4149121906131254
0.684065934065934
0.6510218753209402
0.6389288281811646
0.9025367156208279
0.7113330594639008
0.9043853342918765
0.8180907877169559
0.5608503645886824
0.8677467392420665
0.36715620827770346
0.868054842353908
0.32710280373831807
0.8924976892266613
0.2943411728458457
0.9599722707199343
0.4065934065934066
1.0
0.6161035226455785
0.8493889288281813
0.8351648351648356
0.7478432782171102
0.7050426209304717
0.6983927287665606
0.4597925439046936
0.7377785765636233
0.39252336448598135
0.7432474067988086
0.5276779295470887
0.7336448598130845
0.45825202834548645
0.7569836705350724
0.4024853651021879
0.7990397453014276
0.33511348464619484
0.6901509705248028
0.2688713156002877
0.713104652356989
0.2604498305432883
0.7182140289616927
0.29711410085241835
0.6879942487419125
0.32874602033480527
0.6508934990243405
0.32792441203656186
0.7229382766765945
0.3243298757317454
0.7053250487829926
0.3324432576769028
0.708149327308206
0.3483619184553763
0.7064290849337582
0.3711615487316426
0.7231693540104758
0.37773441511759237
0.7246328437917227
0.3856423949881896
0.7913114922460718
0.4178905206942592
0.592456608811749
0.25531477867926466