0000000001
0.14991041615766768
0.5366886554279665
0.13323560550533436
0.5997231044873359
0.10306213861063611
0.6722860167766103
0.21927681407280727
0.716833618372832
0.298538154572848
0.7202540923527975
0.2968075576186987
0.7208241713494584
0.33591904878247425
0.7180552162228195
0.4017631728968156
0.7275022395960583
0.38889567554361104
0.7538887531557944
0.31264760974020694
0.7797051877188693
0.3228479517876049
0.8006352308819938
0.3498452642723349
0.815294405081847
0.35988272660640125
0.8244156690284221
0.33260037462334063
0.8351657301083143
0.33500285039498345
0.852186660151478
0.31798192035182027
0.8647283980780193
0.3487254662431795
0.9097646388142357
0.3768222167928985
0.9713331704536198
0.2861185764313055
1.0
0.28102858538968967
0.9803729945435293
0.3164549230393354
0.9142438309308574
0.3048904633927844
0.8249857480250834
0.4619472269728806
0.7068979558595977
0.563136248880202
0.5969541493606968
0.6936843391155633
0.5192605261014741
0.6999552080788338
0.48521866601514785
0.6857643130548091
0.4704780519586287
0.7077937942829218
0.45247984363547533
0.80232510790781
0.4478377718055217
0.7982123951461848
0.45801775388875327
0.6746274126557538
0.4695822135353042
0.6398933137877676
0.47585308249857483
0.6446779053668864
0.4711295708119551
0.705411678475446
0.45109536607215556
0.696147894779705
0.4197410212558026
0.669374541900806
0.37918397263620823
0.637450118087792
0.3509243423731572
0.6297336916687027
0.3461193908298722
0.6345386432119878
0.35230881993647695
0.6520482123951461
0.3618372831663817
0.6936028992588971
0.3686782311263133
0.6684379835491487
0.37625213779623734
0.5704047560876294
0.3649319977196841
0.5754743871650787
0.35556641420311097
0.6440671064418926
0.3580096099030865
0.7387612997801124
0.3526345793631402
0.6884721882889487
0.3304014984933627
0.6540027689551267
0.3068653799169312
0.6744238130140892
0.26956592556397113
0.6986318104080135
0.2516491570974836
0.6797174036973693
0.2904145288704293
0.6951909764638815
0.32812118250671884
0.7508754784591579
0.36778239270298885
0.8255761869859108
0.34172163856991616
0.7770380324130632
0.31842983956348253
0.7388834595651111
0.36533919700301326
0.7672856095773268
0.3583353693297501
0.7511808779216549
0.2808860656405245
0.7681203681081521
0.2702988842739637
0.7748798762114179
0.28455085919048784
0.7378858213209545
0.29391644270706085
0.7108885088362245
0.2451339685642154
0.7552121508266145
0.10546461438227879
0.8457121915465431
0.10098542226565692
0.9203518201807963
0.20799739392458683
0.8584575291147486
0.24831012297418356
0.6755028911149115
0.08005537910253284
0.5821524554116785
0.0
0.6545728479517875
0.07411026956592566
0.7563115888916035
0.10448733610228852
0.7961560387653717
0.022721720009772906
0.838280804625784
0.12207834514211263
0.6991204495480089
0.2588973043407445
0.6714512582457856
0.27917582865054164
0.6768670087140648
0.2900073295870999
0.6071341314439286
0.29326492385373404
0.509100903982409
0.29000732958709996
0.5159622119065072
0.2926134050004072
0.4779501588077205
0.30206042837364594
0.4469622933463638
0.32250183239677505
0.43289355810733765
0.350598582946494
0.4458424953172083
0.3761706979395717
0.43256779868067435
0.3931916279827347
0.4192727420799741
0.3907484322827592
0.39256046909357445
0.36827103184298404
0.338769443765779
0.32038439612346276
0.333801612509162
0.2565355484974347
0.314541086407688
0.1811222412248555
0.30831093737275017
0.11328284062220059
0.33807720498411914
0.07150419415261831